Regression analysis information for: KLH013d_0169
number of formants: 3
number of coeccicients: 5
7 47.9 37.2
684.5 31.4 -115.1 26.3 -35.6 -3.7
1538.1 -47.2 -60.2 59.9 -35.9 53.1
2796.5 -50.3 -39.9 27.7 -22.7 10.2
7.2 45 26.2
680.5 28.3 -112 25.4 -34.3 -3.2
1540 -51.5 -56.5 57.6 -32.2 50.4
2804.7 -57.8 -31.3 18.5 -15.7 3
8.2 40.6 19.6
675.3 19.6 -105.9 23.6 -33.6 -0.8
1543.6 -64 -45.9 50.3 -24.5 44.4
2810.2 -61.1 -26.5 13.1 -11.9 -2
8.9 38.1 8.3
665.1 11.4 -98 19.8 -30.3 -0.1
1547.3 -82.9 -31.2 39.1 -12.6 35.6
2819.3 -70.5 -16.4 2.9 -3.5 -10.1
9 31.9 8.2
652.4 3 -88.6 15.9 -27 -0.2
1549.2 -103.5 -15.1 27.3 0.1 24.9
2822.3 -69 -16.6 2.9 -3.6 -10.3
9.3 20.7 8.1
636.5 -7.7 -81.2 9.6 -22.2 0.4
1547.9 -130.5 1.1 11.2 15.7 11.7
2824.4 -68.7 -16.9 2.8 -3.7 -10.6
10.9 10.4 8.2
616.8 -12.4 -73.2 1.4 -15.5 -2.4
1540.6 -159.2 15.2 -6.3 30.9 -2.6
2825.6 -70.2 -17.6 2.5 -3.6 -10.5
10.7 9.5 8.5
601 -19.3 -64.6 0.3 -12.6 -7.5
1528.4 -185.8 27.5 -15.3 38.9 -16.5
2823.7 -74.9 -18.8 2.4 -3.5 -10.7
10.3 11.8 8.6
588.2 -16 -62.8 -4.2 -5.5 -12.5
1516.6 -196.3 31.7 -23.8 47.4 -24.6
2820 -81.5 -20.8 2 -2.4 -9.7
11 13.6 9.1
576.9 -13.4 -60.8 -6.6 -0.8 -17.6
1503 -203.2 35.4 -32.3 55.8 -34.9
2811.2 -93.6 -24.3 1.1 -0.7 -9
10.7 10.8 9.5
570.8 -10.1 -62.8 -4.6 -0.8 -19.3
1484.8 -180.3 15 -13.4 40.9 -22.8
2804.3 -101.4 -26.3 2 0.4 -8.2
10.4 18.1 10
565.4 -5.6 -63 -3.3 -0.6 -21.4
1465.8 -150.5 -6.9 7.6 24.8 -10
2797.9 -104.9 -23.5 4.4 1.1 -8.8
9.5 19.3 10.2
561.9 -1.7 -65.6 -2 0 -22.2
1450.4 -124.6 -28.3 22.9 16.2 -4.8
2792.3 -107.8 -24.4 5.4 4.1 -8.1
9.3 16.9 9.8
560.2 0.4 -67 -0.5 -0.7 -22.6
1443.8 -111.7 -36.7 29.7 12.7 -5
2790.5 -106.1 -22.2 7.2 4.5 -8.6
8.9 11.9 8.9
558.7 3.6 -68.4 0.3 -0.1 -23.3
1439.1 -100.7 -43.5 32.5 14.1 -8.3
2789.2 -102.9 -21.5 8.2 7.1 -8.7
8.5 8.5 8.3
558.4 5.7 -69.7 1 -0.6 -23.5
1437.7 -94.3 -46.4 33.4 14.6 -10.8
2789.8 -97.3 -20.8 7.4 6.7 -10
8.5 7.8 7.8
559.1 6.5 -69.3 0.4 -0.8 -22.9
1440.2 -94.7 -43.8 31.9 15.2 -10.9
2792.2 -93.5 -18.4 6.1 5.7 -9
8.2 5.9 7
559.6 9.6 -70.3 0.1 -0.8 -23.3
1441.3 -90.8 -44.5 30.6 17.5 -13.4
2795.2 -86 -17.8 4.5 5.6 -10
8.1 5.8 6.3
561.2 11 -70.9 -0.8 -0.6 -23.7
1443.7 -89.9 -43.7 29.6 19 -15.3
2799.5 -79.3 -18.1 2.6 5 -11.5
8.2 5.7 5.9
563.9 12.5 -71.4 -1.3 -1.1 -23.5
1447.7 -90.6 -42.1 28.9 19.6 -15.5
2806.7 -73.2 -17.9 1.9 3.1 -11.5
winner is: 20
