Regression analysis information for: KLH013b_0222
number of formants: 3
number of coeccicients: 5
15 330.7 115
313.8 -38.2 -48.7 -1.3 23.3 -0.7
1729.3 -5.7 -743.8 -240.8 682.7 -95.3
2920.9 31 -387 -57.4 142.4 20.1
15.2 358.6 143.4
318.6 -42.3 -51.4 2 19.8 0.6
1959 -275.2 -759 78.7 300.1 54.7
2988.7 -71 -366.7 -3.4 69.6 45.1
14.8 315 136
321.2 -44.8 -53.2 4.9 19.4 -0.6
2020.4 -357.8 -711.8 119.6 218.3 152
3010.4 -108.3 -341.8 -5.1 55.2 65.7
15.3 336.2 145.8
324.7 -46.1 -55.2 5 17.1 -0.8
2064.3 -303.9 -718 33.9 150.7 110.9
3027.3 -86.6 -345.4 -38.4 19.5 53
14.8 286.7 120.6
326.2 -47.4 -55.4 5.3 16 -0.3
2109.4 -374.9 -670.9 64.1 103.8 201.1
3049.7 -124.5 -316.9 -44.1 7.9 78.1
17.5 306.2 124.3
325.4 -43.7 -60.2 7.2 16.9 -6.6
2141 -300.6 -681.7 -0.6 32.5 134.7
3070.5 -106.3 -308.9 -78.6 -26.6 54.2
15.2 250.6 109.1
330.8 -50.2 -57.6 7.5 10.3 -1.6
2214.8 -320.5 -638.3 -41.6 -78.4 156.8
3098.5 -96.7 -293.4 -100.3 -72.9 41.5
15.6 170.3 65.8
329.9 -51.8 -54 6.4 6.1 1.1
2316.7 -386 -542.8 -111.2 -159.2 162
3144 -113.2 -253.6 -131.7 -103 27
15.4 145.9 63.6
330.9 -52 -52.2 6.1 0.3 -0.5
2358.6 -313.8 -518.8 -133.3 -224.1 74.9
3161.2 -81.8 -243.5 -139.2 -121.3 -8.1
14 135 58.9
329.1 -55 -48.5 9.6 -1.6 -3.4
2396 -243.6 -490.2 -137.5 -267 9
3178 -49.3 -231.9 -142.5 -133.3 -32.2
13.7 148.3 59.3
326.8 -55.6 -45.8 8.6 -4.3 -3.2
2421.1 -201.1 -470 -135.6 -293 -39.3
3193.8 -24.3 -218.1 -135.1 -134.4 -48.5
13.3 193 62.5
322.5 -55.6 -42 4.3 -5.2 -1.9
2414.9 -218.8 -504 -172.3 -346.3 -104
3210.4 -1 -203.9 -120.7 -132.1 -55.7
14.2 48.5 20.7
315.3 -54.1 -38.1 -2 -3.1 -0.1
2603.7 143.3 -170.9 135.8 -86.2 104.3
3267.7 99.2 -115.9 -31.3 -59.2 5.8
13.7 52 23.4
311.4 -59 -39.4 -6.3 -8.6 -1.9
2603.2 141.9 -182.2 135.2 -86.8 102.2
3267.3 95.9 -128.4 -32.5 -57.4 3.8
21.5 52.4 22.8
315.4 -42.4 -22.3 7 9.6 10.5
2603.9 138.6 -189.5 132.2 -90.4 102
3269.2 89.6 -135.4 -34.1 -63.3 7.5
23.3 53 21.9
318 -28 -9.2 15.8 24.3 19.5
2605.4 135.1 -191.1 132.5 -93.1 101
3272 86 -137.1 -32.3 -68.9 8.7
23.2 52.7 23.2
315.4 -25.5 -8.1 15.3 28.5 19.4
2608.1 133.2 -192.1 132.8 -94.3 100.2
3276.8 83.8 -137 -31.1 -74 9.5
22.4 51.4 23.1
312.4 -26.4 -9.3 12.2 29.8 18.1
2611.3 132.2 -191.6 133 -94.4 98.9
3282.4 84 -135.8 -29.8 -78.8 8.6
22.1 50.9 24.3
310.1 -27.2 -10.4 10.4 30.1 16.8
2614.9 129.4 -190.2 132.1 -93.4 98.2
3287.5 83 -135 -29.7 -81 8.7
21.7 49.5 24.9
306 -32.7 -15.8 4.7 26.1 12.4
2618.8 127.6 -188.7 130.7 -91.4 97.1
3293 82.8 -133.6 -30.3 -82.1 8.2
winner is: 13
