Regression analysis information for: KLH013d_0026
number of formants: 3
number of coeccicients: 5
196.4 175 10503.6
879.6 20 -32.2 -56.6 -118.1 -80.4
1450.2 88.8 64.9 -16.3 6.4 -120
2310.3 301.1 302.6 -86 -61.3 -371.2
150.7 130.8 348.8
870 143.1 60 -52.2 -38.6 -62.4
1493.7 133.9 132.7 52.3 -6 -96.2
2339 530.8 446.6 -91.6 19.1 -321.8
150.4 139.3 429.2
929.2 102.2 29.9 -77 -58.8 13.3
1526.7 141.1 117.3 3.5 -47 -65.9
2502.2 526.8 337 -274.1 -27.6 -111.5
136.6 94.5 326.8
980.1 77.2 -17.8 -105 7.7 0.7
1580.3 161.6 43 -102.6 58.4 35.2
2728.9 495 72.9 -476.3 268.8 81.6
57.2 41.2 217.2
1080.2 -57.5 -2.5 -82.1 27.9 -59
1663.2 58.5 24.7 -40 49.3 -25.6
3056.7 79.1 -38.7 -172.5 228.6 -218.5
27.6 36.7 126.8
1099.5 -79.6 -12 -47.3 -16 -35.3
1670.2 51.3 19.6 -28 38.5 -25.6
3117.1 -26.6 -27 -72 72.7 -127.8
26.1 16.2 25.2
1102 -78.9 -15.1 -43.7 -21.2 -30.8
1684.7 31.9 20 -10.9 13.3 -6.3
3150.7 -89 -4.2 -21.1 -39.6 -33
26.4 15.7 23.9
1104.2 -79.6 -17.9 -42.8 -23.9 -29.9
1687.1 30.3 19.4 -9.7 12.2 -5.9
3141 -74.4 -1.6 -28.3 -43.5 -28.8
27.1 15.5 24
1106.7 -81.1 -19.4 -42.1 -25.3 -29.8
1688.8 29.1 18.7 -8.7 11.8 -5.9
3140.5 -64.1 -3.5 -30.1 -44.4 -27.9
28.3 15.6 25.1
1108.8 -83.5 -20.8 -41.7 -26.4 -30.6
1690.1 28.1 18.3 -7.9 11.8 -6
3145.6 -57.6 -6.2 -28.8 -44 -27.7
31.3 15.6 26.2
1109.1 -89.1 -24 -43.7 -29.1 -33.8
1690.8 27.4 17.7 -7 12.3 -6.7
3153.9 -54.9 -7.8 -28.7 -42.1 -27.6
35.4 15.7 26.6
1107.9 -96.7 -27.8 -46 -32.3 -38.3
1690.5 27.3 17 -6 13.1 -7.4
3164.9 -54.5 -7.9 -28.3 -39.5 -27.9
39.2 15.9 26.9
1105.1 -105.1 -31.7 -47.8 -34 -43.2
1689.5 27 16.2 -4.7 14.1 -8.2
3176 -54.8 -8.6 -28.2 -37 -29.1
43.5 15.6 29.1
1098.5 -116.7 -37.6 -50.5 -35.2 -49.3
1687.1 26.6 14.7 -3.7 15.3 -9.6
3187.2 -56.3 -9.7 -28.7 -35.3 -31.7
46.7 15.6 32.2
1087.3 -129.7 -45.4 -52.7 -34.1 -56.5
1683.2 27.1 13.1 -2.6 16.8 -10.7
3199.8 -57.7 -10.1 -27.7 -32.5 -33.9
48.1 15.6 36.6
1070.2 -138.5 -53.1 -52 -25.3 -63.6
1678.2 28 11.7 -2 18.8 -12
3210.9 -62.1 -12.8 -28.7 -31.9 -37.5
54.8 15.7 40.5
1043.2 -148.7 -64.6 -49.3 -13.4 -70.5
1671.3 29.3 10.7 -1.3 19.9 -12.3
3223 -67.3 -15.6 -29 -29.5 -42
62.9 16.3 45.4
1010.5 -154.2 -75.3 -45.8 -1.8 -77.2
1663.6 31.4 9.9 -1.3 21.5 -13.4
3234.1 -73.4 -18.1 -29.3 -27.5 -45.3
71.3 15.8 49.3
970.9 -151 -88.9 -34.7 -6.1 -73.2
1654.9 33.8 10.4 -1.2 20.1 -12.1
3243.5 -80.2 -21.8 -30.4 -23 -53.6
69.9 15.3 50.2
938.5 -141.1 -93.8 -36.5 -3.2 -65.4
1646.9 37.3 11.8 -4.8 21.8 -10.8
3248 -90.3 -29 -30.2 -23.5 -63.8
winner is: 8
