Regression analysis information for: KLH013b_0037
number of formants: 3
number of coeccicients: 5
13.9 17.7 15.2
623.4 62 -100.3 -14.4 -24.3 15.4
2043.9 -5 -44.9 17.3 -27 20.5
2697.7 28.8 -58.2 -41.6 15.8 10
13.5 18.3 15.6
615.8 63 -102.9 -18.9 -22.7 14.1
2046.2 -5.2 -44.9 18.7 -27.6 21.6
2713.5 28.3 -62.8 -35.9 15 13.2
14.3 18.2 21.4
607.8 61.1 -101.8 -24 -18.4 11.8
2048.9 -5.5 -45.3 19.6 -28.6 22.4
2735.2 30.8 -75.9 -31.1 6.6 19.5
13.3 19.1 25.1
592.5 59.1 -100.5 -24 -13.3 10.9
2053.1 -5.3 -45.7 20.3 -30.7 23.8
2772.5 39.7 -90.9 -37.8 -10.4 23.1
13.4 19.8 25.7
587.3 57.1 -100.9 -22.6 -14.6 9.1
2054.3 -5.2 -45.1 20 -30.5 24.3
2780.3 46.2 -91.4 -42.6 -7.8 25.5
13.3 19.7 23.5
584.7 54 -99.4 -22.5 -17.7 7
2054.6 -5 -45 19.7 -29.4 24.4
2781.4 50.7 -95.4 -45 1.5 26.4
12.9 20.2 23
581.8 53.2 -96.6 -22.5 -21.8 6.6
2054.8 -4.4 -45.6 20.1 -28.9 24.6
2783.4 51.6 -101.1 -46.2 7.9 24.4
11.8 20.5 23.3
578.6 53.2 -94.6 -22.5 -25.5 6.8
2055.3 -5 -46 20 -28.4 24.3
2786.5 47.3 -109.4 -45.4 11.1 21.2
11.3 21 27.1
573.9 52.2 -90.5 -22.6 -28.4 6.2
2055.7 -5.5 -47.1 19.9 -28.8 24.1
2790 38.6 -125.6 -52.1 5.7 14.8
10.7 21.5 30.5
570 53.1 -86.7 -23.1 -30.4 7.1
2056.1 -5.8 -48.4 20.3 -29.5 24.1
2793 29.7 -140.2 -56.5 -1.1 8.1
10.2 22.3 32.4
565.7 54.3 -84 -24.2 -32 7.8
2056.2 -6.3 -50.1 20.8 -30.7 24.4
2796.4 22.8 -154 -57.3 -5.7 5.2
10.2 22.9 34
561.1 56 -79.9 -24.4 -33.1 7.4
2056.4 -6.2 -51.9 21.6 -32 25
2801.1 19.9 -167.6 -58.8 -7.8 3.3
9.4 22.8 36
556.7 56.9 -75.2 -25 -33.5 8.6
2056.7 -6.5 -53 21.8 -32.5 25
2804.9 20.5 -176.1 -61.2 -8.2 5.8
9.6 22.8 37.6
552.2 55.5 -71.1 -22.1 -32.8 7.2
2056.7 -6.4 -54.1 22.1 -33 25.6
2808.9 25.4 -184 -64.7 -6.3 12.4
9.8 22.4 42.5
548.8 55.7 -67.1 -20.4 -32.9 5.9
2056.9 -5.5 -54.3 22.7 -32.9 26.2
2811.7 36.3 -182 -70.7 0 23.2
9.3 21.9 47.7
545.4 54.3 -63.4 -17.1 -31.4 4.5
2057.3 -4.8 -53.7 22.8 -32.2 26.7
2813.9 51.5 -177.1 -77.5 6.9 36
9 21.3 57.4
542.8 54.1 -60.6 -15.6 -30.8 4.4
2056.8 -3.2 -53.5 23.1 -32 27.5
2805.6 71 -161.9 -94.4 12.2 54.4
8.8 20.8 61.6
540.6 53.9 -57.7 -12.7 -29.7 3.2
2056.7 -0.9 -52.4 23.8 -31.2 28.4
2805.3 94.4 -147.5 -104.2 23.3 69
8.8 20.8 56.6
538.8 53.3 -55.6 -10.8 -28.5 2.4
2056.3 1.2 -50.9 24 -29.8 29.3
2801.5 120.5 -134.2 -113.2 43.1 77.4
8.4 19.7 56.2
537.9 52.9 -54.2 -8.6 -27.4 2.2
2055.8 4.1 -50.6 26.1 -29 30.1
2804.9 137.2 -124 -100.4 53 87
winner is: 1
