Regression analysis information for: KLH013b_0078
number of formants: 3
number of coeccicients: 5
10.6 5.5 7
876.6 -54.6 22 -59.5 3.5 -33.9
1361.6 -184 27.6 -21.6 25.5 -21.1
3086.2 -0.7 2.8 -4 -15.7 -11.5
10.4 5.3 9.5
875.7 -59.2 32.9 -64.2 9.8 -35.6
1361.6 -189.1 35.4 -22.3 28 -21.2
3088.1 -10.6 -1.5 -10.7 -19.3 -16.9
11.5 5.4 8.8
867.2 -48.1 39.5 -60.8 15.1 -37.5
1355.4 -183.5 37.8 -21.6 29.4 -22.8
3092.7 -10.7 0 -7.6 -19.7 -14.2
12.1 6.1 11.2
853.1 -54.2 58.4 -72.4 25.1 -39.5
1350 -188.5 50.4 -25.4 31.3 -21.5
3098.6 -18.3 0.2 -11.3 -19.6 -18.9
12.5 6.6 12.3
830.7 -50.4 78.8 -77.6 42 -49.2
1340.7 -185.9 59.1 -28.1 34.8 -23.4
3105.7 -24 4.2 -11.7 -19 -19.3
11 6.3 11.1
805.8 -45.1 84.9 -69 55.9 -53.6
1328.9 -177.8 59.8 -27.3 35 -23.5
3112.2 -21.4 9.4 -6.5 -17.4 -14.5
10.9 7.8 13.5
794.2 -56.8 99.2 -74.3 66.4 -57.5
1326.2 -182.2 67.7 -30.1 36.1 -23.1
3117.2 -29.5 12.7 -11.5 -16.3 -19
18.5 8.7 12.5
774.7 -49.3 95.4 -68.5 71.1 -64
1315.9 -171.6 62.7 -27.1 32.2 -22.6
3121.1 -25.8 18.4 -5.9 -13.3 -14.5
29.5 8.5 13.6
759.8 -50.7 88.3 -72.2 79 -72.6
1308 -162.9 54.5 -22.6 27.5 -18.6
3125.1 -29.2 28.1 -7.1 -8.7 -15.1
44.6 14.9 16.2
757.9 -59.6 96.4 -81.7 92.7 -83.9
1305 -158.4 49.6 -16.3 22.6 -13.5
3126.8 -38.5 35.3 -14.9 -5.4 -20.6
49.7 7.9 13.9
736.5 -29.5 61.5 -55.8 72.7 -71.3
1299.7 -150.2 41.5 -12.5 18.7 -11.7
3124.8 -31.7 40 -10.3 -0.9 -16.5
64.1 16.6 14.2
725.2 -15.6 44.2 -47.3 64.6 -69.1
1301.6 -155.2 44 -15.1 21.4 -15.6
3124.5 -38 45.7 -19.3 4.7 -24.3
60.2 17.5 14.2
719.2 -9.1 31.3 -40 55.6 -62.5
1301.9 -156.2 43 -15.7 21.4 -16.5
3122.4 -35.8 45.3 -19.6 8.2 -26.8
47.3 5.1 13.6
706.9 14.7 2.9 -13.6 29.3 -37.5
1295.6 -143 30 -5.2 10.8 -6.7
3119.5 -27.7 40.7 -12.3 8.5 -22.6
44.5 32.4 20.4
703.5 20.9 -7.1 -8.4 22.5 -32.8
1308.3 -168.7 52.1 -26.9 32 -28.6
3122.2 -36.5 40.7 -19.2 9.9 -30.1
35.6 8.6 14
680.2 71.7 -61.7 46.6 -32 23.3
1293.7 -138.2 22.9 1.1 4.7 -1.1
3117.4 -23.4 25.4 -3.3 -2.5 -15.1
31.1 8.6 18.3
684.3 65.5 -61.1 42 -29.7 19.4
1294.1 -139.1 22.8 1.1 4.7 -1.6
3121 -33.4 23 -8.8 -3.6 -19.4
44.9 35.1 23.4
711.1 12.5 -14.9 -11.3 20.6 -34.6
1310.5 -173.4 54.2 -29.5 34.6 -32.4
3124.7 -48.2 18.8 -18.2 -6.8 -27.3
28.2 9.1 19.2
692.6 59.5 -64.6 39.7 -28.9 17
1294 -140.1 24.2 1 5.8 -3
3127.4 -41.9 12.6 -8.1 -14.5 -16.3
38.5 9.8 20.6
692.4 64.8 -77.1 47.8 -37.6 25.6
1292.6 -139.8 25.5 1.1 6.1 -3.9
3128 -54.5 2.5 -13.6 -22.2 -17.5
winner is: 1
