Regression analysis information for: KLH013d_0076
number of formants: 3
number of coeccicients: 5
32.2 8.3 7
882.5 121.2 -73.6 68.3 -56.9 45
1846.1 -140.3 -5.3 -34.8 -0.5 -12.9
2758.5 -122.5 39.5 -5.5 -1.3 -5.5
31.5 8.4 7
876.9 127.1 -76.1 74.5 -60.4 45.1
1848.6 -142.6 -3.3 -35.4 0.2 -13.5
2762.2 -124.4 39.6 -6.1 0 -5.5
31.1 7.8 7
869.3 133.9 -78.4 80.6 -64.3 46.7
1850 -144.9 -2.2 -35.4 0.6 -13.6
2766.5 -126.8 40.3 -7.1 1.9 -7.7
27.8 8.4 24.3
859.3 142.7 -82 85.9 -66 42.5
1849.8 -142.8 -5.2 -30.4 -4.4 -9.1
2758.9 -104.8 18 17.1 -20.9 16.3
25.1 9.5 25.5
851.8 146.3 -82.5 87.9 -65 39.2
1848.6 -140.2 -8.2 -26.3 -8.1 -6.1
2760.5 -103.1 16.5 19.3 -22.8 17.5
19 11.9 51.1
839.8 153.7 -85.4 88.2 -64.6 33.4
1844.8 -134.6 -15.2 -19.3 -15.4 0.3
2738.4 -54.7 -28 59.2 -53.4 38.3
14.7 9.9 37.3
829.1 157.8 -87.3 86.5 -61.7 28
1844.4 -136.2 -15.4 -19.8 -15.1 -1.3
2752.6 -78.9 -5.9 39.5 -36.5 23.4
14 9.2 27.6
818.6 154.4 -86.2 81.7 -61.6 26.6
1841.5 -138.1 -18.3 -20.4 -16.7 -1.9
2762.1 -96.2 8.7 25.1 -25 11.9
12.8 9.2 21.3
806.9 152.2 -88.4 73.7 -60.6 25.4
1837.1 -139.9 -23.7 -21.4 -19.4 -2.1
2768.6 -111 17.5 14.2 -18.5 3.2
12.1 9.4 13.5
799.6 148.3 -86.6 71 -60.7 26.6
1834.3 -141.4 -26.2 -21.9 -20.9 -1.9
2774.4 -126.2 26.8 2.2 -11.2 -5.1
11.9 7.4 8.4
794.8 145.5 -84.8 67.6 -59.6 28.2
1834.2 -147.8 -23.2 -27.4 -17.2 -5.9
2777.6 -138 32.5 -6.7 -7.8 -10
12.5 6.2 8.3
787.2 146.1 -81.4 63.2 -56.7 29.4
1833.6 -153.2 -19.2 -33.2 -12.8 -9.2
2776.4 -141.5 30.1 -7.3 -9.4 -11
11.9 7.4 7.8
784.1 144.7 -78.1 61.5 -55.1 31
1834.9 -159.3 -13.1 -39 -7.4 -13
2775.4 -143.2 30 -7.8 -9.4 -10.8
12.5 8.7 7.8
778.6 143.2 -74.4 60.9 -50.5 33.5
1833.3 -164.7 -8 -43.2 -1.4 -14.7
2772.1 -147.8 30.8 -6.2 -7.5 -9.9
12.4 11.8 7.5
777.3 144.2 -72.1 57.7 -50.6 35.1
1836.1 -170.5 -0.5 -51.1 3.9 -18.8
2772.4 -148.5 31.6 -8.1 -7.8 -9.6
12 14.3 7.7
775.3 145.2 -71.1 57.6 -47.5 35.1
1835.9 -172.6 3.2 -54.8 9.2 -21.6
2771.2 -149.9 33.6 -7.5 -5.2 -8.3
12.6 15.4 7.6
774.6 145.3 -69.1 57.8 -46.1 36.5
1836.8 -175.6 7.5 -57.4 12.4 -22.5
2770.5 -151 36.3 -6 -2.8 -7.3
12.4 17.8 7.7
773.6 146.2 -68.1 58.6 -44.2 36.8
1838.3 -178.2 11.8 -60.3 16.5 -25.1
2770.3 -152 38.6 -3.8 0.1 -6.1
12.1 19.3 7.4
773.6 149.2 -67 57.8 -42.5 36.8
1838.3 -177.5 14.4 -63.2 19.9 -26.9
2771.2 -149.6 41.4 -4.5 1.4 -5.6
11.8 21.7 7.5
773.7 151.6 -66.2 58.4 -40.7 37.2
1839.2 -177.6 16.9 -65.2 23.2 -29.1
2772.3 -147.9 43.6 -3.5 4 -4.2
winner is: 12
