Regression analysis information for: KLH013b_1392
number of formants: 3
number of coeccicients: 5
23.5 32.8 69.8
728.1 -8.3 -67.4 -73.1 -12.6 31.1
1788.9 212.7 63.2 87.9 14.6 52.8
2642.9 -321.2 -143.8 105 169.7 69.4
23.2 31.2 57.8
732.7 -6.3 -72.2 -76.6 -16 31.9
1790.7 212.9 61.1 86.5 13.2 50.4
2688.5 -289.1 -187.3 18.9 90 65.4
23.5 29.4 50
736.7 -2.9 -77.6 -78.9 -16.9 31
1793.3 213.3 58.9 85.1 12.5 48
2717.1 -245.5 -163 20.5 91.1 58.5
23.6 28.5 51
739.6 1.9 -83.1 -80.5 -18.6 29.7
1795.2 214 56.2 84 11.6 46
2738.5 -211.9 -138.1 17.2 72.5 43.7
23.7 28.8 49.3
740.9 7.1 -88.5 -81.4 -19.8 27.5
1796.9 215.1 54.2 83.8 11.7 45.3
2748.2 -205.1 -136.8 1.7 48.3 22.5
24 29.1 48.3
741.1 12.3 -92.7 -81.1 -21.3 24.9
1798.7 216.9 52.9 83.9 11.3 44.5
2763.3 -190.1 -129.8 -5.3 33 6.3
24.2 28.5 51.7
739.8 18.2 -94.8 -79.9 -23.5 22.7
1798.7 218.3 51.1 83.4 9.4 43.5
2790.7 -152.5 -105 3.6 29.2 -2.6
24.7 28.7 53.4
738.9 23.1 -97.9 -77.9 -23.7 19.7
1800 220.7 49.8 84.2 9.1 42.4
2817.5 -113.3 -75 20.4 35 -2.5
25 28.9 53.8
737 28.7 -100.1 -76.2 -24.4 17.2
1800.3 223.9 48.4 85.2 8.4 42.1
2843 -74.5 -46.1 39.3 43 -0.5
25.5 29.2 50.6
734.9 33.4 -100.6 -72.8 -25.6 14.2
1800.4 227.6 47.4 87.2 7.7 42
2870.5 -29.2 -12.1 65.4 59.5 9.5
25.2 29 51.4
733.2 36.9 -101 -70.2 -26.5 12
1800.9 231.6 47.6 89.3 7.4 42
2884 -7.8 1.9 77 66.6 11.5
24.8 28.3 53.8
729.8 40.9 -98.7 -66.7 -29.6 10.7
1799.1 235.7 48 92.1 4.9 43.1
2884.7 -6.5 -4.5 76.1 66 13.7
25 28.4 56.7
728.3 43.1 -100.7 -62.2 -27.9 10.8
1798.7 240.8 45.8 96.6 5 44.9
2881.7 -2 -10.8 82.5 62.3 15.7
25.6 28.8 59.8
726.5 44.2 -99.6 -59 -27.8 9.7
1798.2 244 46 99.7 5 45.4
2879 2.9 -15.9 88.7 61.3 16.9
25 28 62
724.8 44.4 -97 -56.3 -28.1 9.1
1797.2 244.9 47.7 101.8 5.1 45.5
2876.7 3 -16.7 94 65.5 15.8
24.5 27.2 64.4
723.7 44 -94.9 -53.8 -27.7 8.5
1796.9 245.8 50.2 103.6 5.4 45.6
2873.5 0.9 -13.8 102.2 69.7 11.8
24.5 26.7 66.7
723 44.2 -92.9 -52.5 -28.2 8
1796.6 246.6 52.5 105.1 5.7 45.7
2870.9 -1 -9.8 107.8 73.5 8.9
24.2 26.1 66.5
722.5 44.2 -90.9 -51.6 -29.2 7.8
1796 246.4 54.5 105.9 5.3 45.8
2869.5 -4.2 -4.7 111.8 73.7 8.1
24.5 26.3 66.6
723.3 43.2 -92.3 -51.6 -27.7 7.9
1797 245.7 53.8 105.7 7.1 45.6
2871.3 -6.7 -4.6 111.4 76.7 6.4
24 26 67.7
723.6 42.5 -92.5 -51.5 -27 7.2
1797.6 245.2 54.4 105.6 8.3 44.9
2871.7 -8.6 -2.6 111.4 81.9 0.7
winner is: 6
