Regression analysis information for: KLH013c_0021
number of formants: 3
number of coeccicients: 5
10.3 25.6 23.6
435 14.5 -49.6 6.5 -23.8 16.8
1959.9 -1.3 -143.8 -56.3 3.4 18.7
2805.2 -224.3 -6.7 99.4 49 14
9.9 26.6 32.8
433.3 7.4 -55.2 7.4 -25.8 11.4
1962.6 1.5 -140.8 -56.3 0 21.5
2812.8 -216.9 -4.3 92.8 56.7 29.7
8.9 27.7 34.6
432.4 3.1 -57.6 9 -26.6 7.8
1965.6 2.7 -141 -54.8 -2.9 22.9
2820.2 -203.6 -15.9 95.1 54.8 51
8.2 28.2 43
431.1 0.8 -58.5 10.3 -26.9 4.6
1969.4 1.7 -138.9 -56.2 -3.9 22.8
2832.9 -203.3 -26 88.3 64.7 61.8
7.8 28 46
428.1 -0.5 -56.3 10.1 -29 2.5
1972.8 2.1 -140.2 -55.8 -5.1 23
2852.9 -195.8 -46.2 78.7 73 75.1
7.1 27.2 54.2
426.2 -1.6 -54.9 10.1 -29.2 0.9
1976.6 -0.7 -139.2 -57.3 -3.8 21.4
2869 -195 -60.5 69.1 85.3 89.9
7 26.9 60.2
424.2 -1.1 -54 9.8 -29 -0.5
1978.8 -0.4 -139.5 -58.2 -4.9 21
2882.9 -192.9 -81.7 60.1 91.5 104.7
7 26.3 64.7
421.7 -0.4 -52 8 -28.8 -0.5
1980.7 -0.9 -140.5 -59.1 -3.5 18
2895.2 -191.2 -100.2 56.8 102.8 122.8
7.4 25.2 69.4
419.9 0.2 -50 5.8 -29.5 0.1
1983.2 -3.1 -139.6 -60.5 -2.7 15.5
2910.4 -187.1 -122.3 41.3 100.8 131.4
7.4 26.1 71.6
417.1 1.4 -49.2 3 -28.6 0
1979.6 -6.1 -144.7 -66.2 -0.9 11.9
2876.1 -267.2 -204.8 -11.4 77.3 120.8
7.7 22.4 69.6
415.5 2.6 -46.6 1.6 -28.8 1.1
1981.8 -0.3 -143.4 -65.2 -0.7 9
2887.8 -241.7 -165.1 47.8 114 114.5
7.8 24.6 73.2
412.2 3.4 -43.7 1.8 -27.6 0.4
1974.5 2.7 -150.9 -71.7 9.1 8
2774.8 -349.4 -84.9 211.1 153.3 -3.2
7.8 24.9 66.5
410.7 3.8 -42.6 0.4 -27.2 0.7
1968.2 1.4 -152.7 -79 16.6 7
2752.2 -366.9 -78.6 210.3 131.8 -36
7.6 23.2 65.7
409.9 4.6 -42 -1.7 -27.3 1
1960.5 5.9 -152.9 -89.1 24.5 -1.5
2758.9 -345.6 -99.6 164.4 126.1 -33.5
7.7 19.7 41.7
409.1 6.1 -40.1 -3.1 -27.7 1.6
1952.9 15.7 -144.2 -104.6 26.5 -2.4
2709.1 -314.5 -3.5 108.8 47.2 -16.9
7.5 21.3 34.2
408.7 5.7 -40.5 -4.2 -28 1.5
1948.6 10.1 -142.1 -112.7 30.6 -2.5
2711.8 -294.6 9.3 81.4 28.4 -11.9
7.4 19.8 38.6
409.5 6.2 -40.2 -4.3 -28.3 1.4
1954.1 15.5 -133 -113.6 30.3 -7.6
2742.2 -263.6 1 64.4 32 0.3
7.5 19.3 42
410.3 7.5 -39.9 -4.6 -28.3 1.2
1959.4 21.4 -123.2 -117.1 30 -12.1
2783.5 -220.8 -17.7 27.4 32 18.7
7.4 18.5 46.6
411.1 7.8 -40.1 -5.2 -28.8 1.2
1967.5 24.3 -114.8 -116.5 29.9 -16.1
2839.5 -168.1 -40 -9.7 28.5 36.6
7.6 17.5 55.5
411.8 8.1 -40.3 -5.4 -29.3 1
1974.9 24 -108.4 -116 28.8 -19.4
2897.3 -118.4 -67.3 -46.4 28.2 55
winner is: 1
