Regression analysis information for: KLH013b_1343
number of formants: 3
number of coeccicients: 5
6.1 216 35.4
367.8 28.1 10.5 -29.4 -17.5 -8.1
1807.7 328.6 486.2 -589.5 167.5 -189.1
2845.1 139.2 86.7 -76.4 -44 -28.1
6 217 73.7
365.8 25.8 9.3 -27 -16 -6.7
1818 343.1 483.3 -608.6 161.7 -184.6
2907.5 9.5 208.7 -163.9 25.4 -85
6 183.2 72.1
364.8 23.6 8.1 -26.3 -15 -6.3
1776.9 327.7 543 -556.3 153.4 -257.3
2907.6 4 218.6 -162.1 29.5 -98
5.6 189.9 66.5
364.6 22.5 7.9 -24.9 -14.6 -5.3
1748 373.5 562.5 -620.9 190.5 -238.3
2913.6 -3.8 225.6 -172.2 37.1 -106.4
19.2 513.9 163.3
356.6 39.4 -4.3 -10.9 -19.5 -1
1611.3 316.6 355.6 121.7 107.3 -279
2865.8 -51.7 183.2 87.5 30.4 -129.1
18.2 281.2 100.8
356.3 27.2 13 -36.3 -9.1 5.5
1313 634.7 118.2 263.5 126.8 139.3
2771.6 17.1 116.3 161.1 65.5 0.3
4.8 389.3 142.3
364.3 22.2 8.5 -20.8 -12.7 -3.2
1596.2 392.8 -78 690 -230.7 73.7
2856.5 -59.8 78.1 268.5 -44.3 -7.8
25.1 322.8 125.4
348.3 49.2 -22.2 5.1 -40 21.6
1467.2 704.2 -1.6 336.7 -195.1 41.6
2828 24 109.8 157.1 -36.6 -21.6
26.1 397.9 128
350.5 45.3 -4.3 -19.6 -5.7 -16.6
1647.4 509.8 50.9 433.1 -464.8 228.9
2888.6 -38.8 119.4 193.3 -130.5 37.7
5.9 203.9 87.6
364.1 20.1 6.8 -23.4 -15.3 -3.1
2103.3 -233.2 648.3 -112.4 -218 126.1
3001.1 -219.2 292.3 27.5 -83.7 6.5
5.7 314.5 112.6
366.3 22.8 9.5 -21.7 -13.2 -2.6
2032.7 -76.8 537.2 41.5 -445.3 291.7
2992.8 -177.2 242.3 75.6 -144.2 30
16.6 381.8 113.8
360 20.5 18.5 -29.4 -28.2 4.4
2199.3 -130.5 314.6 126.4 -517.3 148.7
3074.3 -175.5 130.5 73.9 -155.6 -12.9
6.3 14.3 23.4
368.4 21.6 8.7 -23.9 -14.7 -2.5
2577.8 -253.8 -87.8 -16.9 42.4 -2
3170.6 -193.5 28.4 9.5 -24.9 -19.9
6.7 16.3 26.5
367.9 16.3 4.6 -27.2 -18.2 -1.6
2570.3 -259.4 -86 -13.5 38.1 -7.3
3164.8 -184.5 28.6 11.7 -22.9 -19.7
6.5 12.4 24.7
370.3 17.4 8 -26.1 -15.5 -1.5
2572 -245 -81 -11.7 37.6 -6.5
3157.1 -170.4 28.3 10.9 -28.8 -14.5
6.6 14.9 24.7
369.6 12.3 3.9 -28.2 -18.3 -0.7
2566.8 -250.1 -81.4 -13.3 32.5 -7.6
3155.7 -167.4 30.7 9.1 -25.8 -10.8
6.3 11.6 22.1
370.8 14 6.5 -26.7 -15.1 -1.1
2571.4 -238.2 -77.6 -15 32.9 -5.6
3155.6 -163.9 32.9 5.9 -28.4 -7.5
6.1 14.7 21.8
368.6 10.7 2.8 -27.9 -17 -0.9
2570.8 -245.3 -80.9 -18.5 28.9 -4.9
3161 -169.9 33.4 7 -25.9 -7.9
5.8 12.4 20.3
368.5 13.3 5.1 -26.2 -14.2 -1.2
2577.3 -236.3 -79.1 -19.6 31.7 -3.8
3164.3 -171.5 34.3 5.6 -27 -8.1
5.4 16.7 19.7
365.7 10.6 1.4 -27.4 -15.5 -1.2
2575.2 -248.1 -84.1 -22.5 27.9 -4.7
3169.5 -182.4 33.2 6.3 -27 -10.1
winner is: 19
