Regression analysis information for: KLH013b_0390
number of formants: 3
number of coeccicients: 5
6 15.2 14.1
619 9.3 -41.1 -18.9 -9 2.5
1608.1 106.3 -25.8 35.2 -35.4 29.9
2690.8 -266.7 88.7 3.7 -49.5 72.1
6.4 15.8 12.6
617.7 8.1 -42 -19.7 -9.6 3.3
1607.2 108 -27.6 36.8 -36.6 30.9
2696.2 -271.2 90.9 3.6 -45.7 63.3
7.1 21.5 88.9
616.6 7.5 -41.3 -21.1 -10.4 3.3
1603.7 104.2 -22 43.9 -36.3 24
2651.9 -309.4 144.4 102.2 -29.8 -12.6
7.1 15.9 20.6
614.7 8.5 -40 -23.7 -11 3.6
1607.4 107.1 -27.2 36.9 -37.4 31.2
2705.6 -281.2 79.7 30.4 -47.8 53.3
7.2 16 18.5
614 8.2 -40.1 -24.9 -11.4 3.7
1607.3 107 -27.3 36.8 -37.7 31.4
2711 -279.9 74.5 28.4 -52 53.8
7.5 16.7 18.4
612 6.7 -42.2 -26.4 -12.5 2.8
1606.3 107 -29.1 36.6 -39.1 31.7
2713.9 -292.1 76.3 21.1 -52.2 50.2
7.1 16.9 20.7
611.1 6.3 -42.1 -27.2 -12.7 3.7
1605.3 107.1 -29.8 36.7 -39.9 32.5
2714 -297.1 70.3 23 -54.4 47.1
7.3 17.2 21.5
610 5.3 -42.5 -28.5 -13.3 3.6
1604.9 106.1 -30 35.4 -40.4 32.5
2711.4 -304.2 61.5 21.7 -60.3 43.3
7 17.1 25.5
609.1 6.2 -42 -28.6 -13.2 3.7
1603.8 107.5 -30.3 35.8 -40.9 33.3
2714.9 -310 63 23.7 -62 45.6
6.9 17 25.5
608.7 6.8 -41.5 -29.2 -13.7 3.1
1603.1 107.8 -30.5 35.4 -41.4 33
2714.1 -312.8 60.3 23.5 -68 46.3
6.9 17 24
608.5 6.6 -41.7 -29.3 -13.8 2.7
1603.1 107.6 -30.8 35.1 -41.6 32.8
2711.7 -313.2 60.7 19.9 -69.6 48
6.6 16.9 24
608.4 7.3 -41 -29.4 -14 2.4
1602.8 107.9 -30.4 35 -41.6 32.5
2711.9 -312 61.3 20.6 -71.4 49.4
6.7 17 23.1
608.6 7.9 -40.7 -29 -13.9 1.9
1602.9 108.4 -30.3 35.4 -41.5 32.3
2713.2 -308.9 63.5 22.4 -71.4 51.1
6.5 16.4 22.6
608.7 8.3 -40.3 -29.1 -13.8 1.1
1603.7 107.9 -28.9 34.5 -40.5 31.2
2716.6 -308.4 69.4 23.3 -70.5 50.4
6.3 15.9 22.1
609 9.4 -39.8 -28.9 -13.8 0.6
1603.6 109.1 -28.9 35.3 -40.2 30.7
2720.9 -306.3 72.8 26.3 -69.6 49.4
6.2 15.3 22.1
609 10 -39.7 -28.9 -13.2 0.2
1603.9 110.3 -28.3 35 -38.8 29.8
2725.6 -304 78.5 30.4 -66.9 50.6
6.3 15.3 22.4
609.1 11 -39.1 -28.9 -13 -0.7
1603.9 111.5 -27.3 34.7 -37.4 28.7
2730.4 -301.5 86.3 34.2 -65.7 49.5
6.2 14.4 22.6
609.3 11.9 -38.5 -28.3 -12 -0.9
1603.9 112.6 -27.1 35.2 -35.7 27.6
2736.4 -301.2 88.8 39.8 -59.3 47.2
6.2 13.7 22.7
609.4 12.9 -38.9 -28.2 -11.7 -1.6
1603.3 115.7 -28.1 36 -34.4 26.5
2739.4 -292.9 89.3 47.1 -56.3 47.7
6 12.9 24.7
609.8 13.9 -38.6 -28 -11.2 -2
1603.4 117.5 -27.7 36.2 -32.6 25.2
2744.3 -286.4 93.2 52.3 -50.7 45.5
winner is: 2
