Regression analysis information for: KLH013b_1288
number of formants: 3
number of coeccicients: 5
53.3 144 73.4
456.9 -58.2 89.8 -46.3 7 48.5
1186.1 -510.6 394.4 -191.9 -0.2 129.8
2463.5 26.5 313.1 -20.4 25.8 80.5
49.9 145.9 72.1
476.3 -76 90.6 -24.6 -24.7 71.7
1249.1 -589.6 394.8 -103.8 -117.9 208.4
2578.9 191.6 318.5 4.9 -41 31
44.9 133.2 102.8
499.3 -95.6 82.3 5.4 -54.3 73.9
1268.8 -591.3 329.6 -3.9 -182.5 169
2693.2 256.5 217.2 -39.6 -173 -3.1
38.9 141.4 133.6
521.3 -110.4 63.4 37.6 -71.8 54.4
1290.3 -591.2 250.5 89.9 -205.1 73.6
2776.3 264.8 81.5 -52 -144.8 6.4
38.3 137.8 64.7
543 -120.8 35.6 66.5 -71.7 20.5
1296.9 -567.1 176.2 126.9 -142.8 -45.2
2805.7 294.2 7 -93.2 -30.6 14.8
37.1 43.8 52.1
545.1 -115.4 36.9 59.1 -69.6 25.2
1228.9 -499.9 264.7 3.4 -119 63.8
2841.9 273.7 -37.5 -54.9 -6.8 -15.7
31.7 47.6 39.1
553.9 -114.8 24.2 62.6 -62.4 17.5
1235.8 -509.5 267.4 9.4 -126.7 65.6
2868 263.7 -67.5 -35.6 15.1 -32.6
34.7 41.7 36.9
566.5 -119.1 3.2 73.7 -52.6 0.8
1248.2 -523 254.2 25.8 -126 47.4
2881.5 257.6 -71.9 -30 16.1 -31.8
33.7 40.7 37.8
567.5 -118.6 0.3 71.7 -50.1 5
1260.4 -542.1 251.7 37.8 -130.7 39.7
2892.6 254.2 -76.7 -25.8 17.1 -32.4
34.7 44.2 39.2
568.1 -118.1 -1.9 69.4 -49 9.6
1272.5 -563.7 255.2 48.2 -141.7 40.8
2901.2 253.2 -81.8 -23.3 20.1 -35.3
34.6 43.7 44.7
567 -120 -1.6 69.7 -50 10.1
1287 -590.1 262.8 56.9 -156.7 49.9
2905.3 256.5 -89.3 -24.1 26.9 -43.5
32.6 47.3 46.4
566 -122.7 -5.6 74.3 -48.6 7.6
1298.2 -610.9 267 65 -166.3 50.9
2910.4 254.7 -95 -23.4 27.9 -44.5
39.7 46.5 54.4
558.5 -123.7 4.2 72.6 -57.9 14.7
1319.7 -647.2 281.2 75.2 -188.5 70.1
2904 266.3 -106.8 -28.8 39.5 -57.8
36.6 45.3 58.5
558.7 -126 -0.6 81.5 -57.3 9.3
1355.1 -703 303.2 88.9 -220.5 99.4
2881.2 301 -120.7 -41.5 62.4 -76.7
38.1 63.3 57.3
556.7 -126.4 -4.6 86.9 -60.8 9.9
1367.6 -724.8 313.3 92.5 -229.3 97.1
2865.3 314.9 -123.2 -58.6 71.4 -66.9
38.6 98 179.3
542.6 -118.8 14.3 72.7 -71.7 34.7
1359.6 -728.8 356.1 53.2 -231.8 127.5
2968.8 167.8 -158.3 127.6 -142.9 20.3
43.9 191 154.2
528.4 -103.3 11.8 80.8 -86.8 51.6
1448.5 -788.2 186.4 307.5 -374.3 99.1
3158.2 -91.6 -208 419.7 -418.6 125.5
39.4 194.9 149.9
529.5 -101.4 2.2 90 -87.9 47.6
1414.3 -719.1 126.9 364.9 -428.3 154.5
3157.2 -95.5 -199.7 416.2 -417.9 129.6
37 200.5 151
529.3 -99.5 -2.9 95.6 -88.3 45.9
1374.3 -638 53.3 426.2 -472.8 178.9
3152.9 -96.4 -196.7 419.9 -414.1 129.6
52.6 184.2 162.7
503.8 -74.3 27.4 56.4 -84.9 89.2
1311 -587.5 165.5 283.5 -452.8 309.7
3209.5 -247.3 31.3 274.4 -427.4 328.3
winner is: 9
