Regression analysis information for: KLH013b_0317
number of formants: 3
number of coeccicients: 5
1.8 7.9 68.6
485.7 -44.4 -16.2 -9.7 -2.1 7.7
1209.2 -197.2 21.1 -22.1 23.9 -1.1
2683 -65.1 -255.2 -16.3 -115.4 58.7
1.8 7.9 54.8
486.9 -43.3 -14.4 -8.8 -2.7 7.4
1213 -195.8 24.8 -21.7 22.3 -3.2
2726.6 -77.4 -189.9 -53.8 -83.3 6.8
2 8.1 27
487.7 -42.1 -11.8 -7.5 -2.3 7.2
1214 -193.2 29 -19.4 22.4 -4.5
2756.8 -75.2 -147.5 -69.6 -56.5 -21.8
2 8.8 15.7
488.2 -41.4 -9.7 -6.1 -2.1 7.1
1215 -193.7 33.2 -16.4 22.8 -5.7
2776.7 -65.8 -122.2 -74.7 -42 -34.8
2.3 9.5 19.3
488 -40.8 -7.6 -4.9 -2.2 6.4
1213.7 -193.8 38.3 -12.4 22.2 -8.7
2787.9 -51.3 -115 -71.2 -42.3 -36.2
2.2 9.3 20.3
488.4 -38.6 -4.4 -3.1 -1.4 6.4
1212.9 -191.2 45.5 -8.7 21.9 -11.5
2804.6 -25.4 -95.9 -55.7 -33.3 -31.3
2.1 10 19.5
488.8 -36.6 -1.7 -1.1 -0.4 6.5
1211.9 -189.9 52 -3.8 23.1 -13.6
2819.8 -2 -76.8 -41 -23.2 -24.7
2 9.1 17.2
488.4 -35 1.7 1 0.5 6.9
1207.6 -189 61.9 1.9 21.2 -16.1
2831.1 14 -62.8 -27.1 -11.6 -17.7
2 8.6 18.6
486 -37 1.9 0.8 0 6.2
1199 -194.3 68 4.1 18.3 -18.9
2815.7 -15.3 -79.7 -31.8 -10.8 -17.3
1.9 8.6 24.1
485.7 -36 2.9 1.4 0.2 5.7
1197.4 -193.1 71.4 5.7 18.2 -21.6
2817.5 -9.5 -67.9 -21 -6.9 -20.6
1.8 8.3 21.8
485.4 -33 4.5 2.5 1.3 6
1192.8 -185.4 73.9 6.2 17.6 -22.6
2821.3 7.3 -49.8 -8.7 2.6 -18.7
1.9 7.9 19.4
486 -30.9 6 3.5 2.4 6.5
1192.6 -182.2 76.3 5.7 18.9 -23
2825.2 27.4 -32.9 0.6 12.2 -16.6
2.2 7.7 16.4
486.6 -29.1 7.6 4.4 3.1 7.1
1192.1 -179.2 78.8 5.6 18.5 -22.7
2826.7 44.4 -18.4 3.5 15.7 -14
2.5 7.7 12.6
487.2 -27.5 8.9 5.2 3.7 7.7
1191.9 -176.4 80 5.6 17.7 -22.4
2829.1 57.1 -9.8 5.1 15.5 -12.5
2.6 7.7 10
487.7 -26.7 9.5 5.8 4.1 8.1
1192.9 -175.9 80 6 18 -21.8
2831.9 65.5 -3.2 9.8 20.5 -7.7
3 8 8.3
489 -24.2 11.5 7.2 5.2 9
1194.5 -172.9 81.7 6.5 17.9 -21.5
2841.8 83.6 6.3 13.3 20.4 -6.9
3.1 7.9 6.9
489.3 -24.2 11.1 6.7 4.7 8.9
1195.4 -172.7 79.6 5.3 16.5 -21.4
2846.7 84.8 0 7 13.4 -7.8
3.1 7.6 6.7
489.9 -23.7 10.9 6.4 4.1 8.7
1197.3 -173.2 78.7 4.3 15.7 -22
2854.1 89.4 -2.6 1.8 6.5 -9.9
3.4 7.8 6
491.7 -21 12.9 7.6 5.1 9.5
1199.6 -170.7 79 4.4 15.3 -21.2
2871.6 109.7 6.7 5.8 6.8 -7.7
3.4 7.7 5.5
492.5 -20.3 12.9 7.4 4.8 9.5
1201.5 -170.8 77.7 3.3 14.8 -21.3
2879.8 112.7 1.1 1.1 1.5 -8.7
winner is: 20
