Regression analysis information for: KLH013b_0489
number of formants: 3
number of coeccicients: 5
20.1 282.6 214.6
752 203.3 -23.9 12.9 -14.7 20.8
1918.3 -164.2 -18.8 -4.1 -67.8 145.7
2654.5 -104.9 14.6 -28.1 -121 50.3
18 149.8 213.3
749.9 206.3 -24.8 19.7 -12.5 21.3
1987.5 -200.7 -176.2 174.6 -82.7 48.3
2663.7 -132.4 -34.4 61 -110.5 38.1
20.1 150.2 239.6
742.4 200.3 -29.4 22 -14.5 18.8
1945.8 -146.9 -255.1 255.2 -133.9 146.6
2615.9 -140.6 -43.3 126.8 -102.4 102.9
20.9 231.8 268.3
733.8 196.1 -26.9 20.9 -13.4 15.3
1911.9 -142.7 -67.4 47.6 -97.4 176.6
2581.3 -113.8 52.9 44.5 -112.5 142.8
23.3 225 266.7
726.5 199 -29.1 25.7 -12.6 13
1905.6 -104.2 -152.7 152.6 -135.5 130.3
2561.1 -134.6 72.3 131.5 -131.2 84.6
20 102.1 183.4
719.2 192.9 -28.9 24.8 -10.8 2.6
1920 -83.3 -235.7 183.7 -42.5 -59.2
2500 -74.9 43.5 257.1 -93.5 -95.5
22.9 186.7 183.2
714.3 198 -28.3 19.1 0.2 -2.4
1850.6 -4 -169.2 26.1 53.3 -0.6
2464.7 -29.7 66.5 189.4 -25.9 -64.3
16.6 131.9 162.4
721.5 190.3 -28.3 23 -6 4.8
1945.9 -105.8 -274.2 215.6 -64.1 45.5
2586.1 -49.6 13.8 246.6 -19.5 -37.4
15.6 78.4 163
725.1 187.6 -30 19.3 -5 4.7
2067.7 -325.7 -69.3 30.7 78.8 -76.7
2743.3 -120.8 31.6 47.6 82.2 -47.8
15.7 57.7 54.4
730.3 186.3 -30 15.6 -3.9 5.3
2092 -351.6 -56.5 38.5 40.9 -46.4
2848 -34.6 20.9 -17.9 5 -39.1
15.8 30.7 20.9
734.8 184.1 -30.8 11.4 -3.2 5.8
2115.3 -386.9 -42.3 50.1 6.3 -2.3
2873.7 -75.4 39.4 -1.1 -34.9 11.3
16.2 30.1 20.7
737.4 182.1 -32.5 7.3 -3.8 6.5
2116.6 -386 -44.3 48.6 6.4 -2.4
2875.3 -73.6 38.8 -0.6 -33.8 10.5
16.7 29.6 21.4
739.3 181.5 -34 4.4 -4.3 8.3
2118 -385.4 -45.6 47.4 6.3 -2.2
2878.6 -72 38.6 -1.1 -32.8 10.2
17.5 29.4 22.4
739.8 182.6 -36.5 2.7 -5.9 10.1
2119.3 -385.4 -46.6 46.3 6.1 -2.1
2882.7 -71.1 38.5 -2.2 -32.1 10.5
18 29.2 23.9
739.5 183.7 -38.4 1.4 -6.8 12.1
2121.1 -385.4 -47.9 45.3 6.1 -1.3
2887.2 -69.7 38.4 -3.1 -31.9 11.2
19 29.1 25.3
738.4 185.1 -41 0.9 -8.2 14.5
2122.1 -385.7 -48.6 44.4 5.9 -0.9
2891.6 -68.3 38.6 -4.3 -31.8 11.8
19.2 29.1 26.8
736.5 185.5 -43.6 -0.2 -10.1 14.9
2123.3 -386.1 -49.5 43.5 5.6 -0.3
2895.9 -66.6 39.1 -5.2 -31.7 12.5
19.6 29.1 28.2
733.7 186.1 -45.6 -0.8 -11.8 15.8
2124.1 -386.4 -50.2 42.6 5.3 0.5
2899.5 -64.6 39.9 -5.9 -32.1 13.3
19.9 29.2 30
731.4 186.5 -47.4 -0.5 -12 16.8
2124.4 -387 -50.3 42.2 5.2 1.2
2902.7 -61.9 40.6 -6.5 -32.5 13.8
20 29.3 31.1
728.3 185.3 -49.5 -1.2 -12.8 16.4
2124.2 -387.6 -51 41.9 5 1.7
2904.4 -59.3 40.7 -6.5 -33.1 14.4
winner is: 12
