Regression analysis information for: KLH013b_0829
number of formants: 3
number of coeccicients: 5
1.9 15.3 4.9
246.6 25.5 21.6 -8 1.1 4.4
1863 114.3 -3.5 -64.1 -54.6 -71.5
2644.7 -74.5 -6.8 -19.9 17.4 -7.3
2.1 20.2 5.3
246 25.2 22.7 -8 0.3 4.3
1916.7 119.5 -17.3 -59.1 -65.7 -72.6
2644.2 -74.3 -3.1 -19.1 20.3 -7.6
2.3 27.1 5.9
245 25.4 24 -7.9 -0.7 4.4
1990.1 123 -23.6 -55.8 -76 -76.6
2639.1 -72.6 2.9 -17.2 25.7 -8
2.8 37.2 7.1
243.4 25.2 26.2 -7.6 -2.4 4.4
2084.8 142.6 -23.3 -50.4 -87.7 -94.4
2629.4 -71.9 10.7 -13.4 33.5 -4.5
3.6 60.1 7.8
241.2 25 29.3 -7.3 -4.6 4.1
2187.6 164.8 -40.4 -34.8 -101 -115.8
2617 -73.1 20.5 -10.6 40 0.8
4.8 107.1 15.3
238.5 24.9 32.9 -7 -7.4 4
2282.7 202.8 5.9 23.7 -68.5 -132.6
2620 -51.1 18.3 -33.9 7 -17.3
5.8 140.7 120.8
235.2 24.3 36.2 -5.5 -10.6 3
2442 126.3 -99.3 48.2 -21.7 -29.2
2833.3 2.1 -37.3 27.5 -84.8 102.7
8.5 31.5 36.9
230.1 23.9 42.8 -4.4 -16.3 2.1
2538.3 -26.4 -64.1 28.8 -2.8 21.3
2977.5 8.8 -151.7 53.1 -100 41.7
13.5 6.9 35.6
222.2 22.8 53.9 -2.6 -25.9 -0.3
2561.1 -88.3 -20.2 -14.6 18.1 12.4
3012.9 -44.9 -98.4 24.4 -68.2 36.2
258.9 51.4 138.7
355.5 59.9 -189.1 -49.7 231.3 121.5
2587.6 -77.3 -65.4 -19.8 67.2 39.8
3108.5 -75 -174.2 -47.2 107.8 55.1
259.6 52.3 137.2
352.9 58.9 -185.8 -49.6 228.7 122.1
2587.4 -84 -69.1 -23.1 63.7 38.1
3112.2 -69.5 -167.8 -42.3 111 57.6
406 81.3 209.9
482.6 48.7 -450.5 28.6 476.6 28.2
2612.3 -86.4 -121.1 -9.7 107.7 20.8
3179.9 -69.4 -293.8 -1.1 234.7 11.8
407.3 81.1 208.5
481.1 48.4 -449.9 29.9 476.2 28.1
2613.8 -86.5 -121.8 -9.6 107.2 20.6
3181.7 -66.4 -290.1 0.6 235.1 12.5
407.5 80.4 209.3
481.4 49.2 -450.5 30.7 477.8 29.6
2617.2 -83.7 -118.6 -6.9 110 22.1
3179.3 -72.5 -295.8 -5.1 229.9 8.2
260.8 51.1 137.5
349.6 59 -185.2 -47.5 228.5 127.9
2595.1 -81.7 -69.4 -21.4 63.9 39.9
3115.2 -69.6 -170 -46.4 105.3 50.5
15.3 6.6 7.5
213.9 19.7 60.9 1.4 -29.1 4.9
2570.2 -89.3 -24.4 -13.4 15 16.1
3048.3 -85.5 -45.7 -20.9 -23.7 -9.4
9.5 6.7 10.6
220.5 20.1 50.5 2.9 -19.4 5.8
2570 -88.9 -24.8 -14.5 15.6 15.6
3042.8 -95.5 -55.7 -30 -30.9 -15.1
6.5 6.6 9.1
224.6 20 43.6 0.5 -12.9 8.8
2569.5 -88.5 -26.7 -14.8 13.8 14.2
3046.1 -88.4 -50.5 -24.7 -27.7 -12.8
5.7 6.8 7.9
228 21.4 39.8 -2.6 -11 10.3
2567.4 -89.8 -27.4 -13.8 14.6 13.5
3044.9 -89.3 -50.2 -23.1 -25.9 -11.2
3.9 6.8 6.7
232.2 20.8 31.6 -1.9 -5.2 10.5
2564.8 -88 -23.9 -16.1 13.9 12.7
3045.9 -83.9 -43.4 -20.6 -24.4 -9.3
winner is: 20
