Regression analysis information for: KLH013b_1353
number of formants: 3
number of coeccicients: 5
2.5 17 60.2
402.5 40.2 13.4 16.1 15 4.7
2016.9 -367.7 -18.4 28.4 20.5 25.2
2886.9 17.3 -22.6 -12.1 33.6 -26.5
2.3 17.1 28.6
402.3 39.4 12.5 14.3 14.3 4.5
2017.5 -366.4 -21.6 29.7 18.7 24.9
2905.2 -17.5 4.9 -17.4 30.4 -4.1
2.2 16.7 30.6
402.1 39.1 12 12.9 13.5 4.4
2018.2 -365.1 -23.4 29 17.8 25.2
2904.1 -16.1 2.6 -14 34 -6.6
2.2 16.7 72.9
400.8 38.8 12.7 10.9 12 4.5
2022.6 -367.7 -26.2 30.3 15.9 26.4
2867.1 48.9 -40.7 -17.6 76.8 -72.5
2.1 16.2 45.8
400 37.9 11.8 10 10.9 4.4
2023.2 -368.2 -27.4 28.2 17.1 24.2
2898.3 4.4 -16.9 -7.7 45 -24.7
2 16.2 27.1
399.6 37.8 11.9 9.3 10.1 4.5
2023.6 -368.4 -28 28 17.2 22.6
2911.6 -13.6 -6.5 -8 38.4 -8.3
1.9 15.8 21.8
398.9 37.6 11.6 8.3 9.2 4.5
2025.6 -369.6 -29.3 27.4 16.6 21.3
2917.5 -19.1 -4.2 -8.2 35.8 -3.1
1.9 16 12.5
398.4 37.5 11.7 7.9 8.6 4.5
2025.7 -369.8 -29.6 26.5 16.7 20.8
2926.3 -28.7 1.4 -8.6 31.3 6.9
1.9 15.9 17.4
397.1 36.7 11.8 7.7 8.1 4.4
2024.9 -372.8 -28.9 26.3 17.2 20.7
2924.5 -21.7 -5 -6.4 34.1 2.9
1.9 16.6 26.7
396 36.6 11.8 7.1 7.4 4.4
2024.5 -374.7 -27.7 24.9 16.9 21
2920.2 -13.4 -10.6 -6.3 37.7 -3.6
1.9 16.5 7.2
395.5 36.5 12.6 7.2 6.5 4.3
2020.2 -373.6 -23.2 24.5 14.3 19.4
2931.1 -32.5 6.2 -8.7 27.3 16.4
1.9 19.1 3.2
394.8 36.4 12.7 6.4 6 4.4
2013.8 -368 -17.3 13.6 14.2 26.6
2926.1 -31.5 19.1 -20.7 23.9 26.8
1.9 18.8 3.6
394.3 36 12.6 6.9 5.8 4.3
2009.9 -367.4 -17.6 16.9 13.4 24
2922.1 -32.3 20.6 -18.1 24 24.1
1.9 18.5 3.3
394.5 35.8 12.6 6.8 5.6 4.4
2008.5 -368.4 -16.4 17.5 12 24.5
2920.4 -32.8 21.6 -17.7 22.7 25.1
1.9 18.5 4
394.3 35 12.5 6.9 5.4 4.3
2008.1 -372.7 -16.1 20.8 10 24.5
2916.7 -40.5 22.6 -12.3 20.9 23.7
1.9 17.7 4.9
394.6 35 12.6 6.9 5 4.3
2008.5 -375.2 -14.7 22.1 5.7 23.7
2917.1 -42.7 23.6 -12.2 14.3 21.5
1.9 16.6 6.3
394.8 34.7 12.5 7 4.9 4.3
2011.5 -379 -16.7 26.8 3.4 22.3
2919.2 -47.7 20.3 -7.3 12.8 18.8
1.9 15.5 7.2
394.9 34.3 12.3 6.9 4.6 4.1
2016 -384 -18.3 29.5 1.7 20.1
2921.9 -54.1 16.8 -4.7 10.1 15.1
1.9 14.7 7.1
395.3 34.4 12.3 6.9 4.6 4.1
2019.8 -387.7 -18.9 30.8 0.6 19
2926.3 -56.7 13.7 -3.9 8.8 13.8
1.9 14.6 6.5
395.7 34.6 12.4 7 4.6 4.1
2024.2 -388.5 -19.8 30.5 0.2 18.6
2932.5 -54.1 12.6 -4.2 8.5 14
winner is: 20
