Regression analysis information for: KLH013b_0379
number of formants: 3
number of coeccicients: 5
4.6 7.5 6
563.8 -10 -17.9 9.7 3.3 -1.7
1620.3 -62.5 86.9 21.4 14.7 -17.8
2793.5 0.2 -42.5 31 20.1 25.3
4.7 7.4 5.5
563.2 -13.3 -20.6 8.4 2.9 -1.9
1622.9 -64 86.5 22.6 15.1 -17.1
2793.7 2.9 -39.6 29.8 18.9 24
5.1 7.3 5.5
561.5 -18.1 -24.6 6.1 1.3 -2.8
1625 -64.9 86.2 22.9 14.6 -16.9
2795.6 4.9 -36.4 29.3 18.3 23.1
5.1 7.2 5.3
559.9 -22 -27.9 4.5 0.4 -3.1
1626.6 -67.5 85.3 24 14.9 -16.1
2798.4 6.1 -35.1 27 17.8 23.3
5.3 6.9 5.4
558.2 -25.9 -31.5 2.5 -1.1 -3.7
1627.6 -69.9 83.6 23.9 14.8 -15.6
2801.4 6.7 -33.7 25.3 17.4 23.7
5.4 6.8 5.9
555.5 -30.3 -34.5 1.1 -2.6 -4.3
1626.1 -73.6 82.4 24.6 14.6 -15.2
2805 6.9 -33.3 24 18.1 24.5
5.4 6.9 6
553.4 -33.6 -37.7 -1.4 -4.4 -4.9
1624.2 -78.5 78.4 21.8 13.3 -15.5
2808.2 7.3 -33.6 22 17.8 25.6
5.2 7 6.9
550.5 -38 -40.4 -2.6 -5.2 -5.1
1617.3 -90.3 72.1 19.9 12.8 -15.1
2810 5.5 -34 21.4 19.2 26.6
4.9 6.4 7.2
548.6 -40.3 -42.5 -4.2 -6 -4.9
1610.1 -101.3 62.8 13.1 10.5 -14.9
2811.1 3.4 -36.2 19.3 19.2 27.9
4.6 6.5 7.8
547 -41.5 -42.8 -4.4 -6.6 -5.1
1602.4 -112.3 57.2 10.5 8.8 -15.5
2810.4 -0.2 -38.7 18.1 20.3 29.3
4.5 5.4 9
544.8 -43.6 -43 -4.2 -6.9 -5.2
1591.9 -124.1 55.1 12.1 11.7 -13.3
2805.5 -8.4 -39.2 23 26.1 31.8
4.4 5.5 8.6
543.2 -44 -42.4 -4 -8 -5.9
1582.3 -132.1 53.4 11.8 6.7 -17
2797.2 -15.6 -38.6 28.3 24 27.8
4.1 5.4 6.2
542.4 -45 -42.8 -4.4 -8.2 -5.6
1575.8 -140.9 48.9 8.4 5.3 -15.4
2790 -26.2 -41.7 27.7 22.7 28.1
4 5.1 4.8
540.9 -44.7 -43 -4.7 -7.9 -5.7
1567.3 -137.3 46.7 6.3 8.3 -16.7
2778.9 -24.9 -44.4 31.4 24.4 25.6
4 4.5 4.5
540.7 -44.5 -43 -4.6 -7.9 -5.4
1565.2 -137.9 46.6 7.5 8.5 -15.2
2773.8 -26.5 -44 35.1 23.6 26.3
4 4.7 4.1
540.5 -44.5 -42.8 -4.7 -8 -5.4
1564.8 -134.6 48.8 7.2 8.8 -14.9
2772.5 -23.5 -40.7 35.6 22.5 25.4
3.9 4.8 3.8
540.5 -44.3 -42.7 -4.4 -7.8 -5.3
1566 -132.9 49.4 8.8 9.4 -14.9
2772.9 -21 -40.1 37.1 22.7 24.9
3.9 5.1 3.2
540.9 -43.7 -42.7 -4.6 -7.7 -5.2
1568.2 -130.4 49.4 7.5 9.4 -14.6
2775.9 -16.8 -41.8 32.6 21.9 26.3
3.9 5.4 3.3
541.5 -43.5 -42.6 -4.7 -7.9 -5.3
1572.3 -126.5 51.3 7.5 8.1 -14.8
2782.1 -12.2 -41.2 29.7 20.3 26.9
3.8 5.7 3.4
542.2 -42.8 -42.4 -4.6 -7.9 -5.2
1577.1 -121.5 53 7.8 7.3 -14.8
2788.7 -5.8 -41.3 26.6 19.1 28.2
winner is: 18
