Regression analysis information for: KLH013b_1228
number of formants: 3
number of coeccicients: 5
6.7 8.6 13.4
451 87.8 -45.9 -19.6 14.1 -15.2
1290.6 72.6 -28.5 -35.8 -31.7 -17.8
2699.2 44.6 49.8 32.8 -21 -1.2
6.3 9 12.9
448.6 88.4 -43.4 -20.1 15.6 -14.8
1289.5 74.8 -27.8 -36.3 -30.4 -19.2
2700.7 46.7 46.8 33.6 -21.6 -0.3
5.7 9 11.1
443.5 87.9 -38.7 -21.3 18.8 -11.4
1286 75.7 -24.3 -40 -26.4 -17.8
2703.9 46.9 46.6 30.5 -20.1 -2.8
5.8 9.4 10.3
440.5 86.9 -35.6 -21.3 20.4 -9
1283.4 75.8 -21.3 -41.6 -24.5 -16.2
2705.2 48.4 45.6 29 -18.8 -3.6
5.6 7.9 9.3
437.8 86.5 -33.7 -16.8 18.6 -8.3
1281.1 79 -16.5 -37.4 -26.5 -15.9
2705.8 46.2 47.9 25.4 -13.1 -5
3.9 8 9.1
430.9 80.8 -24.5 -14 19 -11.1
1271.6 68.8 -5.8 -35.7 -25.9 -19.5
2705.7 49.8 50.4 23.1 -16.6 -7.3
4 5.3 9.4
426.7 77.5 -24.3 -9.3 19.9 -7.1
1263.8 65.2 -1.4 -27.8 -23 -14.7
2699.8 47.4 59.9 19.1 -11.8 -8.7
4.3 9.1 9.3
425.7 74.6 -22.2 -10.6 23.3 -7.1
1261.3 56.3 -0.5 -30.3 -16.1 -12.5
2699.8 47.2 64.2 16.1 -12.8 -9.4
4.7 6.1 9.3
424.7 73.8 -24.4 -7.3 21.8 -6.1
1259.1 56.1 -0.2 -24.6 -17.6 -11.9
2695.9 41.3 69.6 17.7 -8.6 -12.1
4.6 9.4 9.9
424.5 72.3 -20.9 -9.1 24.8 -7.2
1259.1 49.6 3.1 -26.4 -12.2 -13.1
2697.6 35.8 76.3 19.1 -9.9 -14.4
4.9 6.7 9.4
423.9 71.7 -24.4 -6.2 22.8 -6.1
1257.7 50 0.8 -22.1 -14.7 -11.2
2695.5 27.9 77.5 20.7 -5.4 -15.3
4.9 9.6 9.5
424.5 71.1 -21.1 -8.6 25.7 -7.4
1259.7 45.8 3.3 -25.1 -10.2 -12.6
2700.5 23.5 81.3 20.4 -5.3 -17.1
5.2 6.6 9.6
424.1 71.4 -24.2 -5.6 23.9 -6.2
1259.2 47.7 1.5 -20 -13 -11.1
2699.4 16.3 81.2 25.7 -2.1 -16.1
5 8.9 9.7
425 71.2 -21.5 -7.5 26.5 -7.9
1261.2 44.8 3 -22.8 -9.7 -12.1
2705.6 13.8 84.5 24.5 -2.9 -19.4
5.2 5.3 8.9
424.7 72.2 -24.7 -4.9 24.6 -6.7
1261.3 48.3 0.9 -18.3 -13.3 -10.9
2707.4 6.9 83.7 27.2 1.3 -19.5
5.2 7 9.1
425.5 72.7 -22.5 -7.4 27.4 -8.5
1263.1 47.2 0 -20.6 -11.8 -10
2717.6 2.6 85.4 22.8 -1.2 -20
5.3 3.8 8.2
425 75.1 -26.8 -4.5 25.3 -7.1
1263.4 51.7 -3 -16.5 -15.8 -8
2721.9 -3 83.2 23.4 1.5 -17.6
5.8 5 8.3
424.8 77 -24.7 -7.5 28.9 -9.3
1263.4 53.6 -5.5 -16.5 -15.8 -6.4
2732.5 -8.8 85.1 22.3 -1.2 -16.9
5.8 5.4 7.5
422.6 82.1 -30.9 -3 26.3 -7.3
1261.1 62.1 -11.9 -8.9 -22.5 -1
2736.8 -15.9 84.5 23.7 2.3 -15.2
7.2 8.3 7.8
420.7 88 -30.7 -5.6 29.8 -10.4
1256.6 73 -22.4 -3.5 -28.9 5.6
2748.4 -18.3 86.4 20.8 -3.9 -14.4
winner is: 17
