Regression analysis information for: KLH013b_0989
number of formants: 3
number of coeccicients: 5
7.5 241.3 103
397 102.3 -8.4 4.7 10.9 17.1
2400.9 407.3 5.6 -359.2 371.3 -116.7
3217.5 153.3 -12.5 -161 154.3 -52.7
7.3 241.7 88.8
397.8 101.2 -10.4 5.3 12 18.2
2502.4 276.7 -19.3 -223.6 243.4 -79.4
3270.3 85.6 -26.2 -86.2 81 -31.4
7.3 9.8 5.5
399.4 101.6 -10.5 7.2 12.8 18.7
2647.6 82.8 -53.8 2.6 -8.8 13
3322.8 14 -40.2 -0.9 -13 -1.8
7.2 9.9 4.7
400.9 101.5 -11.6 7.8 13.4 19.3
2644.7 85.2 -53.6 1.1 -8.3 12.4
3319 14.7 -38.4 -1.4 -13.5 -4
7 9.6 3.8
401.7 100.8 -12.6 8.8 14.1 19.8
2642.9 86.6 -52.7 -0.7 -7.9 11.4
3315.2 15.8 -36.1 -2.6 -14.3 -6
6.9 9.7 3.4
402.4 100.7 -12.8 9.4 13.9 19.2
2642.1 86.1 -52.5 -0.9 -7.4 11.8
3312.2 14.9 -35.3 -2.7 -14.3 -5.5
6.8 9.7 3.2
400.5 100.3 -11.5 9.1 11.6 17.9
2643 85.7 -52.7 -0.6 -6.9 12.9
3312.8 15.1 -36.5 -2.2 -11.9 -3
6.5 9.7 4.6
399.3 100.4 -11.5 9.7 12.9 17.7
2645.5 82.6 -51.6 -0.8 -8.4 13
3315 13 -35.9 -3.8 -15.2 -2.8
7.3 10 4.4
393.2 97.2 -8.5 7.7 4.7 14.8
2650.1 82.2 -50.7 -0.3 -2.8 14
3322.5 14.3 -38.3 -2.3 -3.8 1
5.9 10.6 6.7
387.6 93.1 -6.7 10.3 4.5 13.3
2655.3 84.1 -50.7 -3.4 -4.9 14.4
3334 22.1 -41.8 -13.5 -9.7 1.9
6 10.4 7.3
383.1 90.9 -3.2 9.9 1 11.5
2659.8 84.3 -53.2 -2.5 -3.7 15.1
3342.4 24.7 -49.3 -14.9 -6.9 3.8
5.8 10.3 7.3
379.5 88.5 -3.8 8.4 -0.6 9.6
2663.3 84.5 -52.8 -0.8 -4.4 17.5
3348.5 25.8 -49.4 -13.7 -6.8 7.1
5.7 10.7 8.3
376.5 85.3 -5.2 6 -2.8 8.2
2666.1 86.4 -52.1 1.8 -3.6 18.4
3353.1 28.8 -48.8 -10.1 -4.9 8.6
5.4 10.7 8.5
373.7 82 -7 4 -4.4 7.3
2669.2 89.3 -50.4 3.5 -1.8 18.6
3358.7 33.4 -46.3 -7.9 -3.4 9
5.1 11.3 9.1
371.5 80.2 -7.3 2.7 -6 6.7
2670.7 92.2 -50.3 4.9 0.1 18.4
3362.8 36.3 -46.6 -5.4 -0.3 9.5
5 11.6 9.9
370.2 78.7 -7.8 2 -6.8 6
2671.9 95.1 -49.9 5.2 2.3 18.4
3365.6 39.7 -46.7 -5.3 1.7 10.1
4.9 12.1 10.2
369 77.4 -7.9 1.8 -7.2 5.9
2672.4 98.2 -50.1 4.4 3.7 17.6
3368.2 43.2 -47.5 -7 2.1 9.4
4.8 12.5 10.7
367.9 76.4 -7.9 1.7 -7.8 5.5
2673.3 100.6 -49.7 3.9 5 17.9
3370.7 47.1 -48.3 -8.3 3.4 10.4
4.8 12.6 11.4
367 75.1 -7.7 1.9 -8.1 5
2675.1 102 -49.5 3 5.9 19.2
3373.9 50 -50.2 -11.2 3.8 11.9
4.7 12.7 12
366.2 74.3 -7.3 2.2 -8.5 4.6
2676.6 103 -49.4 1.9 6.4 20.4
3377 52.6 -52 -14 4.2 13.7
winner is: 7
