Regression analysis information for: KLH013b_0701
number of formants: 3
number of coeccicients: 5
25.9 377.6 196
382.7 -101.8 73.9 7.2 -11.4 -2.9
1767.9 -215.3 427.7 122.5 -4.9 350.8
2722.5 -100.1 80.3 118.3 18.9 156.1
23.2 372.3 208.6
379.6 -106.4 74.1 7.5 -13.7 -2.9
1814.3 -176 389.6 28.7 -5.4 421.1
2735.7 -71.4 35.8 101.8 15.5 204.6
22.2 349.5 182.1
378.1 -107.9 73.2 7.4 -11.8 -3.6
1919.9 -264.8 228.3 252 -18.1 94
2786.1 -140.2 -6.5 196.2 53.8 47.9
24.1 226.7 135.8
377.8 -103.2 79.8 6.7 -16.9 -6.9
2087.7 -140 143.1 331.6 103.3 -36.9
2871 -103.4 -26.2 233.1 137.9 -18.9
20.6 169.8 131.4
380.9 -100.6 74.6 7.5 -10.9 -10.6
2149.6 -132.6 24.9 303.8 194.2 2.5
2896.5 -104.2 -72.5 223.6 177.6 4.4
20.5 113 84.7
379.6 -101.9 71.6 7.1 -8.6 -10.2
2247.2 -27.4 -43.3 136.1 91 36.3
2984.5 -13.9 -142.1 59.6 79.8 51.3
19.6 94.2 63.7
380.7 -99.6 71.2 6.5 -8.3 -13.1
2258.6 -12.7 -45.7 115 63.8 24.9
2997.5 1.7 -145.4 35.4 50.2 42.8
19.3 96 39
378.2 -101.2 67.6 3.3 -8.6 -15.5
2262.3 -11.7 -48.6 108.9 58.5 28.2
3014.2 18.1 -146.2 14.7 18.6 29
17.4 40.7 14.9
379.4 -97.5 68 1.8 -9.5 -19.1
2292.5 31 -45 68.6 -7.8 -23.7
3028.6 34.2 -143.6 -2.1 -13.3 7.3
16.9 41 14.3
377.8 -99.2 65.3 -0.7 -10.6 -21
2294.4 31.2 -46.7 68.4 -6.1 -20.6
3031.2 32.5 -143.8 -1.2 -13.2 9.8
16.2 40.2 13.7
375.4 -101.5 61.6 -5.1 -14.1 -24.4
2295.7 31.5 -46.4 68 -7.7 -20.6
3033.2 31.1 -142.7 0.1 -14.1 10.2
15.5 40.6 13.8
369.1 -108.8 58.1 -9 -15.1 -22.4
2300.5 33.8 -50.6 65.9 -7 -19.5
3038.3 30.6 -145.7 1.4 -13.4 8.5
14 40.2 13.6
363.6 -116.4 51.6 -14 -15.6 -20.6
2302 34.5 -50.1 66.7 -8 -20.7
3041 29.6 -145.7 4.2 -13.9 5.5
12 40.9 15.2
356.7 -126.5 42.8 -20 -18.3 -19.7
2303.9 36.6 -49.8 67.4 -7 -20.8
3042.6 31.5 -145.4 6.1 -12.1 4.7
12.2 41.5 16.6
355.6 -126.7 42.8 -20.5 -18.5 -19.4
2305.2 38.1 -50.3 68.5 -5.1 -20.6
3043.6 32.7 -146.3 6.9 -10.2 3.6
12.2 41.8 17.8
354.5 -126.2 43.4 -20.7 -18.7 -18.8
2306.1 37.9 -51.2 69 -3.3 -21.4
3044 32.4 -147.7 7.1 -8.3 2.7
11.9 43.9 20
353.7 -125.5 44 -20.6 -18.5 -18.7
2304.4 35.9 -50.2 73.2 0.3 -23.5
3042.5 32.3 -147.8 6.9 -5.6 1.4
11.7 46.6 22
353.2 -125 45 -20.3 -18.9 -18.9
2302.2 33.8 -50 75.7 2.5 -26
3038.8 31.9 -148 4.1 -5.3 -0.3
11.6 49.2 25
352.7 -124.5 45.5 -20.5 -19 -18.8
2297.7 30.6 -45.6 79 3.3 -31
3033.7 32 -144.6 -1.5 -2.6 -1.2
11.5 53.6 26.2
352.4 -123.9 45.9 -20.3 -18.9 -19
2289.7 24.8 -42.3 83.1 4.9 -37.7
3024 31.9 -145.4 -8.1 -1.3 -6.3
winner is: 13
