Regression analysis information for: KLH013b_1040
number of formants: 3
number of coeccicients: 5
4 20.8 108
482.4 41.5 -4.4 8.3 -17.4 9.1
1407.6 267.3 -42.4 65.7 -51.4 36
2690.1 125 35.9 49.8 -122.9 -53
4.6 25.5 33.7
485.3 37.4 -1.8 4.9 -15.1 7.9
1418.8 255 -38.4 58.3 -42.6 37
2752.1 113.8 -38.5 16.4 -15.1 -23.5
5 30.7 34.6
488 33.6 0.5 1.8 -12.5 6.5
1432.2 239.3 -31.3 47.8 -31 32.5
2758.8 98.8 -24.9 9.1 -12 -26.2
5 32.8 35.5
489.2 31.2 2.1 -0.3 -10.6 5.8
1440 231.4 -26.6 40.5 -23.8 30.7
2765.2 87.7 -16.2 3.9 -9.5 -28.8
5.5 35.6 37.5
490 29 4.1 -4.5 -6.1 2.8
1447.5 223 -16.6 22 -3.8 15
2771.1 78.8 -9.4 -0.3 -6.8 -31.9
6.2 40.7 42.1
487.6 31.8 1.2 -3.4 -5.4 2.3
1438.2 245.7 -33.6 29.2 -2.4 10.7
2771.6 81.5 -12.2 0.8 -6.8 -34.1
6.3 42.7 43.8
486.5 30.9 3.3 -5.9 -3.3 1.3
1434 249.4 -24.1 15.7 8 5
2776.6 76.3 -9.4 -2.8 -2.8 -37.9
5.8 40.2 46.6
484.2 32.4 2.4 -5.7 -3.2 2.1
1423.2 267.4 -29.6 17.1 7 8.7
2777.2 78.7 -11.1 -3.3 -0.8 -40.9
4.2 26.5 41.5
479.8 37.5 -2.1 -2 -5.7 5.6
1402.6 301.2 -49.1 33.5 -4.7 25.7
2768.9 98.4 -27.1 8.6 -9.1 -33.6
4.2 27.5 40
477.5 38.4 -3.6 -0.8 -5.7 6.4
1395.9 304.3 -47.2 32.8 0.7 24
2762.7 112.5 -37.2 15 -12.4 -31.7
3.9 27.8 39.4
475.2 39 -4.4 -0.3 -4.7 6.7
1387 305 -42.3 33.1 10.7 21.1
2756.7 124.6 -43 14.9 -9.4 -33.6
3.2 26.1 37.4
473.2 36.8 -4 0 -5.3 7.8
1373.2 290.6 -30.4 38.9 10.1 23.8
2757.2 123.9 -40 14.6 -10.1 -31.9
3.5 28.2 36.5
471.6 36.9 -5.2 0.9 -5.6 7.9
1365.6 279.8 -27.8 43.4 16.1 21.4
2753.8 129.2 -42.5 17 -10.4 -31.6
3.3 27.1 36.9
470.5 35.3 -4.4 -0.3 -5.1 7.9
1352.6 266.3 -25.1 42.9 17.3 24.8
2752.7 126.7 -34.9 9.9 -5.5 -33.6
2.8 24.4 37.5
470.1 32.8 -3.7 -0.6 -4.6 7.2
1340.2 246.6 -27.7 48.2 19.2 24.1
2753.9 118.5 -28.3 8 -2.7 -38.9
2.5 22.2 37.1
470.3 30.2 -3.1 -1.1 -3.9 7.3
1330.1 225.3 -35.9 52 23.7 30.9
2756.3 108.5 -23.2 7.5 -2.1 -38.9
2.1 19 37.2
470.7 27.7 -1.8 -2.3 -3 7.2
1321.5 211.2 -42.6 51.7 24.2 36.8
2758 99.3 -17.5 3.7 0 -39.8
1.9 16.2 37.8
470.9 25.3 -1.1 -2.6 -3 7.1
1312.2 192.4 -51 51.5 21.7 40.1
2758.7 87.1 -13.8 3.2 -1.6 -41.6
1.8 16.6 39.2
472.6 21.3 1.5 -4.6 -1.7 6.1
1308.8 188.5 -57.1 56.5 16.3 43.5
2763 73.6 -6.3 -0.4 -0.7 -43.8
1.8 17.1 41.7
474.9 16.3 4.6 -6.9 0.2 5.3
1305.1 187.7 -68.5 64.7 11.7 52.7
2769.2 58.7 -0.9 -3.9 2.1 -44.3
winner is: 18
