Regression analysis information for: KLH013b_0303
number of formants: 3
number of coeccicients: 5
5.9 3.1 8.4
629.6 35 -50.5 -20.4 16.3 -24.4
1767.4 21.4 -53 11.4 1.5 -1.6
2955.6 27.2 13.9 16.4 6.2 -2.7
16.2 105.3 112.4
615.1 51.4 -56.2 -25 17.3 -31.9
1721 100.1 -106.7 14.6 43.7 -84.6
2911.1 103.1 -36.1 18 50.5 -87.3
6 148.3 185.7
613.3 34 -57.9 -28.2 8.9 -20.4
1690.2 158.4 -155.5 45.8 32.7 -100.6
2867.8 190.2 -98.2 53.1 52.5 -127.5
4.7 3.5 10
608.9 25.1 -61.3 -28.1 10.3 -17.8
1768.4 23.2 -55.6 12.6 2.9 -3.2
2965.1 29.9 22.4 18.3 11.3 -4.2
4.3 3.6 10
608.4 20.2 -63.6 -27.7 8.9 -17.1
1768.1 22.5 -55.5 12.3 2.7 -2.7
2964.5 33 22.9 18.9 12.3 -4.3
3 3.8 9.9
611 16.1 -66.4 -25.1 8.2 -16.5
1768.6 21.2 -55.3 12.5 2.1 -2.2
2963.3 34.8 23.3 18.5 12.8 -4.8
2.7 4 9.8
612.9 13.8 -68.5 -25.4 6.8 -15.1
1769.3 20.3 -55.9 12.2 1.6 -2.1
2963.1 34.7 24 18.5 13.8 -5.1
3.2 4.2 10
612.1 14.3 -68.9 -24.8 6.1 -14.8
1770.3 19.9 -56.7 12.4 1.3 -2.3
2964.2 33.4 24.4 17.7 14 -5.3
3.9 4.5 10.2
608.8 16.4 -68.5 -23.4 5.3 -14.3
1770.8 20.5 -57.9 13 1 -2.3
2966 31.8 24.7 16.6 14.2 -5.6
4.6 4.8 10.4
603.7 18.6 -65.8 -22.7 5.2 -13.5
1770.5 21.7 -59.2 13.4 1 -2.2
2967.8 30.7 24.5 15.7 14.1 -5.6
5.2 5 10.9
595.3 21.2 -62.3 -22.1 5.8 -12.4
1768.5 23.7 -60.7 14.4 1.6 -1.8
2969.3 31.8 23.3 16.2 13.1 -4.8
4.7 4.8 11.2
585.7 21.5 -55.9 -23 5.6 -10.9
1764.7 24.9 -61.3 14.2 3.4 -0.9
2970.1 33.9 21.4 17.2 12.6 -4.1
4.9 4.6 11.3
577.4 19.8 -49.4 -19.7 5.8 -11.7
1760 24.4 -60.5 16.5 6.4 -0.5
2969.8 36.7 18.9 18.5 12.1 -3.4
4.4 4.7 11.3
570.6 18.8 -43.9 -19.6 3.9 -11.5
1754.7 23.8 -58.9 17.1 7.8 0.1
2968.4 40.5 15.8 20.7 11.3 -2.6
4 4.7 11.3
564.5 18.2 -37.7 -20 2.1 -9.9
1747.6 23.3 -54.6 17 9.2 2.8
2965.4 44.2 12.5 23.1 10.9 -1.6
3.5 4.6 10.4
559.4 15.3 -33.9 -18.5 1.6 -9.9
1738.8 17.3 -49.5 21.2 12.7 4.7
2961.5 42.6 12.3 25.9 13.9 -2.3
3.2 4.4 10
556.2 14.6 -30.5 -19 -0.2 -9.6
1731.8 15.8 -42.9 20.5 10.5 5.6
2957.1 41.8 11.9 27.4 14 -3.6
3.1 3.8 9
553.6 14.5 -26.6 -20.4 -1.8 -8.3
1723.7 15.8 -32.3 16 6.7 10.9
2952.2 39.5 15.6 25.5 15 -4
2.9 3.4 8.8
552.5 13.8 -25.3 -20.5 -2.3 -8
1720.1 14.3 -27.1 15.5 4.9 12.2
2949.2 36.3 19.2 25.2 15.2 -4.8
2.9 3.4 8.6
552.2 13.5 -24.3 -20.7 -2.6 -7.9
1718.5 13.7 -24 14.5 3.5 12.9
2948.1 33.2 22.7 23.5 15.2 -5.4
winner is: 20
