KLH063a_1226 analysis information:
Number of steps:
20
Cutoff frequencies were: 
4500 4579 4658 4737 4816 4895 4974 5053 5132 5211 5289 5368 5447 5526 5605 5684 5763 5842 5921 6000
Number of coefficients for prediction: 
5
Number of formants: 
3
Winner is:
5211 5211 5211
Errors (total,f1,f2,f3): 
120.5 117.9 102.3 107.8 164.4 146.1 128.5 134.4 116.9 17.6 18 18.6 19.7 18.9 19.4 22.3 24.8 28.4 243.5 252.7
3 3.3 3.6 3.8 4 4.2 4.2 4.3 4.3 4.2 4.1 3.9 3.8 3.8 3.7 4.4 4.7 6.6 132.4 139.1
64.4 65.7 62.1 55.3 55.8 55 39.1 34.1 27.3 7.7 7.9 8.4 9.5 9.1 10.5 12.3 14.5 16.5 45.5 43.9
53.1 48.9 36.6 48.7 104.6 86.9 85.2 96 85.3 5.7 6 6.3 6.4 6 5.2 5.6 5.6 5.3 65.6 69.7
Coefficients are (row-wise by formant):
382.5 -79 -10.6 -12.5 4.6 -2.9
1905.5 141.2 -43.1 20 -33.3 9.4
2620.7 85.8 2.1 29.3 2.2 11.7
