KLH063a_5103 analysis information:
Number of steps:
20
Cutoff frequencies were: 
4500 4579 4658 4737 4816 4895 4974 5053 5132 5211 5289 5368 5447 5526 5605 5684 5763 5842 5921 6000
Number of coefficients for prediction: 
5
Number of formants: 
3
Winner is:
5605 5605 5605
Errors (total,f1,f2,f3): 
150.8 134 127.2 123.5 100.5 90.9 111.6 118.9 99.5 98.6 100.9 97.7 78.3 67.8 63.1 65.5 71.8 76 86.8 108.6
5.1 5.1 5.1 5.2 5.2 5.1 4.9 4.9 5 5.2 5.4 5.5 5.5 5.6 5.6 5.6 5.6 5.6 5.6 5.6
107.9 79.3 75.3 77.8 72.7 65.6 66.6 53 35.2 31.1 29.1 28.8 28.7 30.5 24.2 17.3 17.1 17.6 21.5 30.3
37.8 49.6 46.8 40.5 22.6 20.2 40.1 61 59.3 62.3 66.4 63.4 44.1 31.7 33.3 42.6 49.1 52.8 59.7 72.7
Coefficients are (row-wise by formant):
281.4 18.7 33 0.2 14.8 -5.4
2084.4 -180.3 -193.7 -119 -47.6 -16.2
2340.4 4.3 -34.2 -6 52.5 -46.5
