KLH063a_2783 analysis information:
Number of steps:
20
Cutoff frequencies were: 
4500 4579 4658 4737 4816 4895 4974 5053 5132 5211 5289 5368 5447 5526 5605 5684 5763 5842 5921 6000
Number of coefficients for prediction: 
5
Number of formants: 
3
Winner is:
5368 5368 5368
Errors (total,f1,f2,f3): 
82 82.8 73 78.8 81.2 78.9 63.2 44.2 41 39.1 35.8 35.5 37.1 38.6 40.1 41.1 41.9 42.4 43 43.5
6.9 7 7.2 7.3 7.4 7.3 7.1 6.8 6.8 6.9 6.9 7 7.2 7.5 7.7 7.8 7.8 7.9 7.9 7.9
22 21.8 20.8 20.4 20.6 20.9 21.2 21.1 20.5 20.3 19.5 19.1 19.3 19.9 20.5 21.2 21.9 22.2 22.7 23.1
53.1 54 45 51.1 53.2 50.7 34.9 16.3 13.7 11.9 9.4 9.4 10.6 11.2 11.9 12.1 12.2 12.3 12.4 12.5
Coefficients are (row-wise by formant):
477.1 -59.9 27 -14 5.1 -14
1679.2 16.3 -181 -20.4 -50.2 -11.6
2398.9 -38.4 4.6 17.3 8.4 -5.2
