KLH063a_1855 analysis information:
Number of steps:
20
Cutoff frequencies were: 
4500 4579 4658 4737 4816 4895 4974 5053 5132 5211 5289 5368 5447 5526 5605 5684 5763 5842 5921 6000
Number of coefficients for prediction: 
5
Number of formants: 
3
Winner is:
5132 5132 5132
Errors (total,f1,f2,f3): 
240 349 239.4 179.5 177.1 201.3 67.1 42.5 42.2 44.4 48.4 58.9 63.3 60.7 56 50 50.2 50.8 51.9 50.6
4.6 4 4.1 3.7 3.3 3 2.7 2.9 3.2 3.6 4 4.1 4 4.1 4.1 4.2 4.3 4.4 4.6 4.8
162.1 238.4 169.3 123.3 113.8 129 19.3 18 18.6 19.5 20.5 23 23.9 23.1 22.5 22.4 21.7 20.8 20.3 19.4
73.3 106.6 66 52.5 60 69.3 45.1 21.6 20.4 21.3 23.9 31.8 35.4 33.5 29.4 23.4 24.2 25.6 27 26.4
Coefficients are (row-wise by formant):
350.9 -9.3 -20.3 8.7 -11.8 -1.1
1903.3 200.1 -88.1 50 -44.4 17.7
2432.7 59.7 6.4 -3.7 -27.6 13
