KLH063a_2459 analysis information:
Number of steps:
20
Cutoff frequencies were: 
4500 4579 4658 4737 4816 4895 4974 5053 5132 5211 5289 5368 5447 5526 5605 5684 5763 5842 5921 6000
Number of coefficients for prediction: 
5
Number of formants: 
3
Winner is:
5447 5447 5447
Errors (total,f1,f2,f3): 
152.3 134.1 117.5 128.6 127.6 141.3 131.3 76.5 78.9 79.3 81.3 79.2 76.4 78.6 80.6 85.7 88 90.3 91.2 92.3
11.2 11.3 11.6 11.9 12.3 12.8 13.4 14 14.4 14.7 14.8 14.7 14.5 14.4 13.6 13.6 13.1 13.1 12.7 12.6
12.3 13.2 13.3 12.9 14.6 18.3 23 26.5 29.1 31 32.3 31.6 30.5 28.4 24.6 23.5 22.9 22.7 23 24.1
128.8 109.6 92.6 103.8 100.7 110.2 94.9 36 35.4 33.6 34.2 32.9 31.4 35.8 42.4 48.6 52 54.5 55.5 55.6
Coefficients are (row-wise by formant):
700.7 35 -44.9 14 -5.5 20.7
1204.7 4.1 -72.3 38.8 -35.8 24
2633.4 -46 22.5 -53.1 37.9 27.4
