KLH063a_2548 analysis information:
Number of steps:
20
Cutoff frequencies were: 
4500 4579 4658 4737 4816 4895 4974 5053 5132 5211 5289 5368 5447 5526 5605 5684 5763 5842 5921 6000
Number of coefficients for prediction: 
5
Number of formants: 
3
Winner is:
6000 6000 6000
Errors (total,f1,f2,f3): 
319 334.4 261.5 258.5 204.9 288.4 174.5 135.4 96.1 81.8 191.9 175.1 152.5 140.7 135.1 127.1 90.7 36.6 33.2 29.3
0.4 0.4 0.5 0.7 0.7 0.8 0.9 1 1 1 0.9 0.9 0.9 0.9 1 1 1 1.1 1.1 1.2
175.5 193.5 172.4 174.6 102.1 134.6 95.7 34.1 30.1 24.8 49.6 56.4 52.6 47 29.1 17 16.1 14.9 12.9 10.4
143.1 140.5 88.6 83.2 102.1 153 77.9 100.3 65 56 141.4 117.8 99 92.8 105 109.1 73.6 20.6 19.2 17.7
Coefficients are (row-wise by formant):
308.7 -6.6 6.8 1.1 2.5 -1.7
2158.6 -106.6 -99.6 -14.3 -27 -30.6
2835.6 -367.8 -196.7 -0.6 19.1 -4.4
