KLH063a_0758 analysis information:
Number of steps:
20
Cutoff frequencies were: 
4500 4579 4658 4737 4816 4895 4974 5053 5132 5211 5289 5368 5447 5526 5605 5684 5763 5842 5921 6000
Number of coefficients for prediction: 
5
Number of formants: 
3
Winner is:
5289 5289 5289
Errors (total,f1,f2,f3): 
147.3 147.4 125.2 114 116.8 173.6 270 115.9 97 67.4 65.2 65.2 68 93.6 102.7 100.4 102.4 99.2 93.7 88.8
7.3 7.2 7.3 7.7 8.4 9.4 10.1 10.2 9.9 9.4 8.7 8.3 7.8 7.7 7.5 7.4 7.4 7.6 7.8 8
87.6 82.9 57.3 44 47 87.2 147.8 38.2 17.2 13.3 12.7 13.3 14.3 17.3 18.3 18.2 19.1 21.4 22.2 22.8
52.4 57.3 60.6 62.3 61.4 77 112.1 67.5 69.9 44.7 43.8 43.6 45.9 68.6 76.9 74.8 75.9 70.2 63.7 58
Coefficients are (row-wise by formant):
569.2 201.4 20.2 -3 16 16.9
1828.6 -251 -57.7 -0.4 -13.6 -7.2
2544.9 83.8 123.7 -35 -6.3 -85.4
