KLH063a_2428 analysis information:
Number of steps:
20
Cutoff frequencies were: 
4500 4579 4658 4737 4816 4895 4974 5053 5132 5211 5289 5368 5447 5526 5605 5684 5763 5842 5921 6000
Number of coefficients for prediction: 
5
Number of formants: 
3
Winner is:
4500 4500 4500
Errors (total,f1,f2,f3): 
45.5 47.3 47.6 49.1 54.8 88.6 128.9 107.7 97 98 91.8 90 87.5 82.8 80.3 84.4 92.5 114 161.9 156.1
5.1 5.1 5.1 5 4.9 5 5.5 5.8 5.7 5.5 5.4 5.1 4.9 4.9 5.1 5.3 5.8 6.9 9.6 15.8
23.3 25.3 24.4 25.4 28.3 57.6 81.7 64.7 56.7 57.9 54.2 53 52.8 47.7 45.2 48.1 52.8 43.1 36.3 26.3
17.1 16.9 18.1 18.7 21.6 26 41.7 37.2 34.6 34.6 32.2 31.9 29.8 30.2 30 31 33.9 64 116 114
Coefficients are (row-wise by formant):
332.2 52.4 0.3 8 -2.2 9.9
1495 -25.8 50.1 49.9 -25.3 -6.9
2243.6 -54.7 -16.2 19.9 -15 -9.7
