KLH063a_0814 analysis information:
Number of steps:
20
Cutoff frequencies were: 
4500 4579 4658 4737 4816 4895 4974 5053 5132 5211 5289 5368 5447 5526 5605 5684 5763 5842 5921 6000
Number of coefficients for prediction: 
5
Number of formants: 
3
Winner is:
5921 5921 5921
Errors (total,f1,f2,f3): 
17.6 18.2 23.5 14.5 11.6 14.8 14.4 19.2 23.1 26.3 14.4 16.5 14.6 13.7 11.9 10.1 9.5 9.3 8.2 8.5
1.7 1.8 1.9 1.9 2 1.9 2 2.1 2.1 2.2 2.3 2.4 2.4 2.5 2.6 2.5 2.5 2.3 2.4 2.6
4.8 4.7 4.8 5 4.3 3.6 2.9 2.3 1.9 1.7 1.4 1.3 1.2 1.2 1.2 1.2 1.1 1.2 1.1 1.1
11.1 11.7 16.8 7.6 5.3 9.3 9.5 14.8 19.1 22.4 10.7 12.8 11 10 8.1 6.4 5.9 5.8 4.7 4.8
Coefficients are (row-wise by formant):
619.1 -69 -2.5 -13 2.3 2.7
1572.1 18.8 -7.6 -0.4 5.3 -0.3
2668.7 -129.1 -82.1 -23.6 -14.2 2.8
