KLH063a_0071 analysis information:
Number of steps:
20
Cutoff frequencies were: 
4500 4579 4658 4737 4816 4895 4974 5053 5132 5211 5289 5368 5447 5526 5605 5684 5763 5842 5921 6000
Number of coefficients for prediction: 
5
Number of formants: 
3
Winner is:
5763 5763 5763
Errors (total,f1,f2,f3): 
182.2 120.7 81.5 82 89.8 101.4 115.6 119.8 120.3 111.2 86.7 68.7 66.9 67 71.4 74.6 66 72 84.8 87.7
9.9 10.2 11.2 12 12.6 12.6 12.5 12.5 12.3 11.8 11 10.5 9.9 9.5 8.7 7.8 7.2 6 6.1 7.8
10.5 10.8 11.4 11.9 12.2 12 11.7 11.3 11.1 10.7 10.1 9.7 9.6 9.8 10.3 11.2 12.6 15.8 19 21.8
161.8 99.7 58.9 58.1 65 76.8 91.4 96 96.9 88.7 65.6 48.5 47.4 47.7 52.4 55.6 46.2 50.2 59.7 58.1
Coefficients are (row-wise by formant):
672.3 27.4 -40.3 8.2 -14.2 -0.1
1211.6 -68 -10.5 -20.1 -21.9 -6.3
2497.4 -2.9 -95.7 -67.7 91.2 27.7
