KLH063a_2528 analysis information:
Number of steps:
20
Cutoff frequencies were: 
4500 4579 4658 4737 4816 4895 4974 5053 5132 5211 5289 5368 5447 5526 5605 5684 5763 5842 5921 6000
Number of coefficients for prediction: 
5
Number of formants: 
3
Winner is:
5921 5921 5921
Errors (total,f1,f2,f3): 
58.7 74.4 90 134.1 120.6 77.2 44.9 51.6 66.7 58.4 57.1 53.7 52.4 50.9 49.3 48.4 47.4 46.5 44.2 44.2
5 5.1 5.1 5.3 5.5 5.5 5.2 5.2 5.5 5.3 5.2 5.2 5.8 6.4 6.9 7 7 7 7.1 7
22.2 21.7 20.9 19.9 21.9 22.4 24.8 25.4 24.8 23.6 23.3 21.9 20.5 19.2 18.8 18 17.9 17.5 16.8 16.7
31.5 47.6 64 108.9 93.2 49.3 14.9 21 36.4 29.5 28.6 26.6 26.1 25.3 23.6 23.4 22.5 22 20.3 20.5
Coefficients are (row-wise by formant):
411.6 -2.9 -8.9 -1.1 -6.6 6
1147.3 -64.8 96.3 -13.8 40.9 18.5
2477.6 127.8 38.5 1.5 56.4 -23.1
