KLH063a_4217 analysis information:
Number of steps:
20
Cutoff frequencies were: 
4500 4579 4658 4737 4816 4895 4974 5053 5132 5211 5289 5368 5447 5526 5605 5684 5763 5842 5921 6000
Number of coefficients for prediction: 
5
Number of formants: 
3
Winner is:
5289 5289 5289
Errors (total,f1,f2,f3): 
253.7 94.6 129.4 107.4 99.4 88.9 86.6 77.2 55.7 44.9 40.5 41.2 52.6 63.5 70 75.8 76.8 71 71.2 72.7
24.5 18.4 18.1 17.3 17 16.4 15.2 14.7 14.4 14.3 14.3 13.8 13.5 13.4 13.3 13.2 13.1 13.2 13.2 13.5
52.3 8.2 7.7 7.6 7.3 6.9 6.3 5.9 6 6.3 6.7 7.2 7.8 8.3 8.7 9.1 9.4 9.7 10.2 10.5
176.9 68 103.6 82.5 75.1 65.6 65.1 56.6 35.3 24.3 19.5 20.2 31.3 41.8 48 53.5 54.3 48.1 47.8 48.7
Coefficients are (row-wise by formant):
660.5 112.6 -13.9 4.7 24.4 -4.8
1416 -66.5 -1 -12.1 5.2 2.2
2510.9 219.2 168.5 -3.1 -62.4 -28.4
