KLH063a_2205 analysis information:
Number of steps:
20
Cutoff frequencies were: 
4500 4579 4658 4737 4816 4895 4974 5053 5132 5211 5289 5368 5447 5526 5605 5684 5763 5842 5921 6000
Number of coefficients for prediction: 
5
Number of formants: 
3
Winner is:
5211 5211 5211
Errors (total,f1,f2,f3): 
123.2 93.2 56.1 48 13.4 12.8 12.7 12.2 11.9 11.8 12.1 13 13.8 15.1 15.9 16.5 17.9 19.1 20.4 21.9
4 3.9 3.7 3.5 3.4 3.1 2.8 2.6 2.5 2.5 2.6 2.6 2.6 2.7 2.8 2.9 3.1 3.4 3.8 4.2
8.7 7 6.9 6.7 6.4 6.1 6 6.1 6.3 6.7 7 7.4 7.5 7.7 7.8 7.8 7.9 8 8 8
110.5 82.3 45.5 37.8 3.6 3.6 3.9 3.5 3.1 2.6 2.5 3 3.7 4.7 5.3 5.8 6.9 7.7 8.6 9.7
Coefficients are (row-wise by formant):
520.7 -7 -82.9 -40.4 -7.7 -22
1477.3 -32.7 -44.9 17 -5.9 -19.8
2268 96.8 20.4 2.6 -11 -10.4
