KLH063a_4342 analysis information:
Number of steps:
20
Cutoff frequencies were: 
4500 4579 4658 4737 4816 4895 4974 5053 5132 5211 5289 5368 5447 5526 5605 5684 5763 5842 5921 6000
Number of coefficients for prediction: 
5
Number of formants: 
3
Winner is:
5211 5211 5211
Errors (total,f1,f2,f3): 
50 40.6 43.7 43.9 39.7 25.5 35.1 40.5 16.8 16.2 16.9 17 16.8 17.1 17 17 17.6 18 18.6 20.5
4.7 4.7 4.7 4.4 4.2 4.1 4 4.1 4.1 4.2 4.3 4.4 4.4 4.4 4.3 4.3 4.2 4.2 4.2 4.2
22.1 12.4 6.6 3.2 3.4 3 3 2.8 2.6 2.6 3.3 3.6 3.8 4.2 4.6 4.9 4.9 5.2 5.3 5.5
23.2 23.5 32.4 36.3 32.1 18.4 28.1 33.6 10.1 9.4 9.3 9 8.6 8.5 8.1 7.8 8.5 8.6 9.1 10.8
Coefficients are (row-wise by formant):
441.6 25.4 -12.8 13.5 -14.1 0.6
1767.9 32.2 -30.7 -18.1 -20.7 -4
2481.1 -74.4 -20.3 -5 -3.5 1
