KLH063a_1243 analysis information:
Number of steps:
20
Cutoff frequencies were: 
4500 4579 4658 4737 4816 4895 4974 5053 5132 5211 5289 5368 5447 5526 5605 5684 5763 5842 5921 6000
Number of coefficients for prediction: 
5
Number of formants: 
3
Winner is:
5053 5053 5053
Errors (total,f1,f2,f3): 
8.3 7.3 7.4 7.1 7.3 7.5 7.4 6.4 7.6 7 9.1 9.4 8.8 8 6.9 7.2 7.3 7.4 7.7 8.1
2.2 2.1 2.1 2.2 2.2 2.3 2.5 2.5 2.7 2.8 2.8 2.9 3 3.1 2.9 2.9 2.9 2.8 2.9 3.2
1.8 1.7 1.8 1.7 1.7 1.7 1.8 1.8 1.8 1.8 2.1 2.5 2.9 2.9 1.8 1.5 1.3 1.3 1.3 1.4
4.3 3.5 3.5 3.2 3.4 3.5 3.1 2.1 3.1 2.4 4.2 4 2.9 2 2.2 2.8 3.1 3.3 3.5 3.5
Coefficients are (row-wise by formant):
418.3 -20.1 -39.1 11.3 -5.6 -0.2
1606 28.8 -55.2 21.5 -8.6 0.2
2540.5 83.6 -60.4 4.4 -11.3 -6.2
