KLH063a_0708 analysis information:
Number of steps:
20
Cutoff frequencies were: 
4500 4579 4658 4737 4816 4895 4974 5053 5132 5211 5289 5368 5447 5526 5605 5684 5763 5842 5921 6000
Number of coefficients for prediction: 
5
Number of formants: 
3
Winner is:
5526 5526 5526
Errors (total,f1,f2,f3): 
10092.8 10069.9 10053.1 10041.3 10044.4 10056.1 70.5 86.1 94.8 89.2 71.6 55.2 53.9 52.9 54.8 53.5 58.2 58.2 59.8 55.6
6.1 5.7 5.3 5 4.8 4.9 4.9 4.9 5.2 5 4.8 4.7 4.7 4.9 5.4 5.6 6.2 6.7 7.2 7.7
10.5 10.2 8.2 6.6 4.9 4.4 5.4 7.5 6.4 7.3 8.6 9.4 9.5 9.8 8 7.9 7 7.2 7.4 7.7
10076.2 10054 10039.6 10029.7 10034.7 10046.8 60.2 73.7 83.2 76.9 58.2 41.1 39.7 38.2 41.4 40 45 44.3 45.2 40.2
Coefficients are (row-wise by formant):
609.1 -42 1 -22.2 0.1 1.3
1087.1 -15.1 45.9 21.8 11 0.5
2583 89.8 226.1 -80.9 -110.7 89.9
