KLH063a_4820 analysis information:
Number of steps:
20
Cutoff frequencies were: 
4500 4579 4658 4737 4816 4895 4974 5053 5132 5211 5289 5368 5447 5526 5605 5684 5763 5842 5921 6000
Number of coefficients for prediction: 
5
Number of formants: 
3
Winner is:
5132 5132 5132
Errors (total,f1,f2,f3): 
133.2 116.2 105.8 110.6 111.6 108.3 106.1 100.2 96.7 171.8 405.1 439.5 370.7 492.4 581.8 615.9 640.7 529.5 447 496.2
41.9 41.5 38.6 36.7 36.2 32.7 31.6 27.6 28.8 42.2 49.9 42.5 31.6 49 49.5 49.6 68.9 49.6 31.7 44
68.5 56.9 47.2 52.8 53.3 51.8 51.4 50.8 48.4 90.6 249.2 282 238.5 312.4 370.7 397.7 403.3 335.3 279.7 304.2
22.8 17.8 20 21.1 22.1 23.8 23.1 21.8 19.5 39 106 115 100.6 131 161.6 168.6 168.5 144.6 135.6 148
Coefficients are (row-wise by formant):
482 -30.4 -43.4 -1.9 31.1 6.3
866.3 26 229.2 -26.7 35.2 10
2486.6 10.3 -68.5 5.1 -54.6 -8
