KLH063a_0966 analysis information:
Number of steps:
20
Cutoff frequencies were: 
4500 4579 4658 4737 4816 4895 4974 5053 5132 5211 5289 5368 5447 5526 5605 5684 5763 5842 5921 6000
Number of coefficients for prediction: 
5
Number of formants: 
3
Winner is:
5684 5684 5684
Errors (total,f1,f2,f3): 
94.7 81.2 77.6 79.4 78.5 73.6 54.7 51.8 50.8 50.2 50.2 49.6 49.1 49.9 50.1 46.9 47.1 49.4 53.1 59.5
7.3 7.2 7.2 7.2 7.1 7.4 7.6 7.9 8.2 8.2 8.2 7.9 7.7 7.5 7.4 7.3 7.4 7.5 7.8 8.1
38 29.6 26.4 25.2 32.9 35.1 32.5 30.9 30.1 29.6 29.5 29.6 30 30.6 31.3 30.3 30.5 31.3 32.7 35.1
49.4 44.4 44 47 38.5 31.1 14.6 13 12.5 12.4 12.5 12.1 11.4 11.8 11.4 9.3 9.2 10.6 12.6 16.3
Coefficients are (row-wise by formant):
569.6 -79.8 -45.1 -7.7 -1.3 -0.5
1678.5 331.7 21.7 33.8 6.2 12.3
2515.4 48.3 48.1 32.6 35.3 27
