KLH063a_3072 analysis information:
Number of steps:
20
Cutoff frequencies were: 
4500 4579 4658 4737 4816 4895 4974 5053 5132 5211 5289 5368 5447 5526 5605 5684 5763 5842 5921 6000
Number of coefficients for prediction: 
5
Number of formants: 
3
Winner is:
5605 5605 5605
Errors (total,f1,f2,f3): 
150 149.6 64.1 71.3 73.3 76.3 79.4 101.5 16.6 16.6 16.7 16.5 15.2 14.6 13.9 16.5 15.8 15.3 16 17.2
3.2 3.3 3.2 3.3 3.3 3.1 3.1 3 2.9 2.9 2.9 2.9 3 3.1 3 3.1 3 3 3.1 3.1
30.1 29.7 19.8 20.2 25.3 30.2 21.2 2.5 3.1 3.2 3.3 3.1 2.7 2.6 2.4 2.4 2.5 2.8 3.2 3.6
116.7 116.6 41.1 47.8 44.7 43 55.1 96 10.6 10.5 10.5 10.5 9.5 8.9 8.5 11 10.3 9.5 9.7 10.5
Coefficients are (row-wise by formant):
309.5 -77.7 19.6 -9.8 5.9 -4.2
2035 93.3 -47.2 24.1 -15.5 -3
2791.3 249.9 -7.1 33 -23.4 -9
