KLH063a_5148 analysis information:
Number of steps:
20
Cutoff frequencies were: 
4500 4579 4658 4737 4816 4895 4974 5053 5132 5211 5289 5368 5447 5526 5605 5684 5763 5842 5921 6000
Number of coefficients for prediction: 
5
Number of formants: 
3
Winner is:
5289 5289 5289
Errors (total,f1,f2,f3): 
71 67.5 68.6 52.1 42.3 31.7 12.4 11.6 10.7 10.4 10 10.4 10.5 10.8 11.5 12.1 12.8 13.6 14 15.6
2.6 2.5 2.5 2.5 2.5 2.6 2.7 2.7 2.6 2.8 2.9 3 3 3.1 3.2 3.4 3.5 3.7 3.7 4.2
9.1 9.8 8.9 7.8 6.6 5.2 4.2 3.4 2.6 2.2 2 2.5 2.9 3.4 4 4.4 4.8 5.1 5.3 5.9
59.3 55.2 57.2 41.8 33.2 23.9 5.5 5.5 5.5 5.4 5.1 4.9 4.6 4.3 4.3 4.3 4.5 4.8 5 5.5
Coefficients are (row-wise by formant):
378.2 6.3 -16.6 -7.7 0.3 3.8
1601 -26.6 40.2 -10.6 -1.5 6.9
2540.9 -4.2 -6.9 -6.4 -3.3 -9.4
