KLH063a_5146 analysis information:
Number of steps:
20
Cutoff frequencies were: 
4500 4579 4658 4737 4816 4895 4974 5053 5132 5211 5289 5368 5447 5526 5605 5684 5763 5842 5921 6000
Number of coefficients for prediction: 
5
Number of formants: 
3
Winner is:
4974 4974 4974
Errors (total,f1,f2,f3): 
12.5 10.5 10.8 13 13 10.9 9.8 11.3 11.8 13.1 11.5 12.3 12.7 19.7 22.5 14.7 14.7 60.4 39.5 16
1.2 0.7 0.7 1.1 1.2 0.8 0.9 1.9 2.2 2.5 1.9 2.2 2.7 5.8 7.8 4.8 5.9 32.2 22 8.1
5.9 4.5 4.6 5.9 5.9 4.8 4.6 5.2 5 4.9 3.7 3.6 3.5 5.6 6 3.2 2.9 13.8 11.2 3
5.4 5.3 5.5 6 5.9 5.3 4.3 4.2 4.6 5.7 5.9 6.5 6.5 8.3 8.7 6.7 5.9 14.4 6.3 4.9
Coefficients are (row-wise by formant):
617.5 -13.2 -8.4 7.4 2.7 6.2
1378.8 -57.7 -4.1 -16.9 1.4 0
2170.2 8.5 15.4 -1 -3.9 -3.6
