KLH063a_3370 analysis information:
Number of steps:
20
Cutoff frequencies were: 
4500 4579 4658 4737 4816 4895 4974 5053 5132 5211 5289 5368 5447 5526 5605 5684 5763 5842 5921 6000
Number of coefficients for prediction: 
5
Number of formants: 
3
Winner is:
5368 5368 5368
Errors (total,f1,f2,f3): 
108.6 93 38 40.7 42.5 35.2 40.3 36.6 31.8 26.3 25.2 24.6 24.7 24.8 24.8 25.3 26.1 27 28.3 29.2
6.1 6.4 7.6 7.3 7.2 6.9 7.2 7.2 7.3 7.5 7.4 7.3 7.3 7.4 7.3 7.6 7.9 8.4 9.2 10
9.3 6.5 6.3 6.3 6.5 6.6 6.7 6.7 6.5 6.5 6.2 5.8 5.6 5.4 5.1 4.8 4.5 4.4 4.3 4.3
93.2 80.1 24.1 27.1 28.8 21.7 26.4 22.7 18 12.3 11.6 11.5 11.8 12 12.4 12.9 13.7 14.2 14.8 14.9
Coefficients are (row-wise by formant):
644.3 128.2 -70 36.1 -23.9 18.7
1342 -105 -19.4 1.4 5.1 0.7
2489.1 -90.4 35.2 -7.3 -50.8 -15.6
