KLH063a_1273 analysis information:
Number of steps:
20
Cutoff frequencies were: 
4500 4579 4658 4737 4816 4895 4974 5053 5132 5211 5289 5368 5447 5526 5605 5684 5763 5842 5921 6000
Number of coefficients for prediction: 
5
Number of formants: 
3
Winner is:
6000 6000 6000
Errors (total,f1,f2,f3): 
174.1 128.2 171.6 171.5 130.8 187.6 139.1 126.7 118.9 117.5 105 94.9 84 72.6 61.8 56.9 51.8 48.2 43.7 40
7.6 8.5 8.6 9 10.2 11.2 12.4 12.6 13.2 12.7 12.2 11.3 10.3 9.9 10.4 10.5 10.5 11.1 11.5 11.7
16 16 13.5 14.3 15.8 15.5 15.6 15.4 15.5 15.5 15 14.6 14.5 14.4 14.4 14.5 14.3 14.3 14.4 14.9
150.5 103.7 149.5 148.2 104.8 160.9 111.1 98.7 90.2 89.3 77.8 69 59.2 48.3 37 31.9 27 22.8 17.8 13.4
Coefficients are (row-wise by formant):
746.8 -149.2 -10.7 -10.7 1.7 10.5
1298.4 76.6 -6.8 -6.3 32.8 12.8
2961.4 21.2 -35.9 -27.2 -6.3 21.7
