KLH063a_5350 analysis information:
Number of steps:
20
Cutoff frequencies were: 
4500 4579 4658 4737 4816 4895 4974 5053 5132 5211 5289 5368 5447 5526 5605 5684 5763 5842 5921 6000
Number of coefficients for prediction: 
5
Number of formants: 
3
Winner is:
6000 6000 6000
Errors (total,f1,f2,f3): 
161.4 167.7 173.7 185.6 184.2 149.6 132.6 116.8 120 111.3 77 50.5 46.3 45.3 44.9 44.8 45.3 44.6 44.2 43.7
5.9 5.8 5.8 5.8 5.9 6 6 6 6 6 6 6 6 6 6.1 6.2 6.3 6.3 6.4 6.5
105.2 86.6 82.3 52.4 66.6 50.4 39.3 30.9 23.1 21.5 20.1 20.4 21.2 22.4 23.2 23.8 24.3 23.7 22.8 21.6
50.3 75.3 85.6 127.4 111.7 93.2 87.3 79.9 90.9 83.8 50.9 24.1 19.1 16.9 15.6 14.8 14.7 14.6 15 15.6
Coefficients are (row-wise by formant):
319.1 37.9 -4.5 -0.1 -1.9 -6.1
1906.2 -142.9 -27 20.5 9.7 -23.4
2569.6 -23.4 5.6 35.8 -7.1 -3.1
