KLH063a_2840 analysis information:
Number of steps:
20
Cutoff frequencies were: 
4500 4579 4658 4737 4816 4895 4974 5053 5132 5211 5289 5368 5447 5526 5605 5684 5763 5842 5921 6000
Number of coefficients for prediction: 
5
Number of formants: 
3
Winner is:
5763 5763 5763
Errors (total,f1,f2,f3): 
71 125.8 168.9 165 161.7 173.7 198.1 222 176.9 150.5 114.1 118.7 87.6 35.2 20.4 19.7 19.5 19.7 20.2 20.8
5.3 3.7 3.4 3.8 4.3 4 3.7 3 3.2 4.2 4.8 3.7 4.1 3.3 3.1 3 3 3.1 3.2 3.3
52.5 87.8 92.2 85 81.8 88.2 110.8 88.1 70.2 9.7 9.4 9.2 8.7 7.9 7.5 7.3 7 7.1 7.3 7.5
13.2 34.3 73.3 76.2 75.6 81.5 83.6 130.9 103.5 136.6 99.9 105.8 74.8 24 9.8 9.4 9.5 9.5 9.7 10
Coefficients are (row-wise by formant):
442.8 151.9 -11.4 -18.9 0.6 2.2
1903.5 -101.7 -72.5 -40 -1.7 -8.1
2776.7 -115 -52.5 44.2 -4 -10
