KLH063c_0558 analysis information:
Number of steps:
20
Cutoff frequencies were: 
4500 4579 4658 4737 4816 4895 4974 5053 5132 5211 5289 5368 5447 5526 5605 5684 5763 5842 5921 6000
Number of coefficients for prediction: 
5
Number of formants: 
3
Winner is:
4974 4974 4974
Errors (total,f1,f2,f3): 
115.2 89.3 103.2 56.3 30.9 30.7 30 34.6 32.8 32.3 34.8 34 30.1 33.1 33.4 34.7 41.2 40.2 49.8 53.9
14.1 12.4 13.8 13 15 15.4 14.5 16 15.2 15.1 16.4 16.8 15.7 17.1 15.9 16.1 17.1 16.6 17.4 17.3
13 8.6 8.4 8 8.6 9.1 8.5 8.6 7.8 7.3 7.9 7.6 7 7.4 6.9 6.7 7 6.4 6.8 7.2
88.1 68.3 81 35.3 7.3 6.2 7 10 9.8 9.9 10.5 9.6 7.4 8.6 10.6 11.9 17.1 17.2 25.6 29.4
Coefficients are (row-wise by formant):
535.1 16.4 -102.6 -34.3 15.3 -3.5
1425.3 -7.2 -7.5 -10.9 -5.2 0.1
2344.4 -17.5 -28.5 -26.7 19 6
