KLH063a_4498 analysis information:
Number of steps:
20
Cutoff frequencies were: 
4500 4579 4658 4737 4816 4895 4974 5053 5132 5211 5289 5368 5447 5526 5605 5684 5763 5842 5921 6000
Number of coefficients for prediction: 
5
Number of formants: 
3
Winner is:
5684 5684 5684
Errors (total,f1,f2,f3): 
104.8 110.7 115.7 133.4 153.9 155.6 156 159.1 161 146.3 126.9 110.5 93 85.6 84.8 82.4 83.4 86.8 91.3 94.7
11.2 11.6 12.5 13.2 14.4 15.2 15.8 15.7 16.1 16.1 16.2 16.6 17.4 18.2 19.2 20.1 21.1 22.2 23.8 24.9
17.1 18.9 21.5 23.7 25.4 26.5 27.3 27.7 27.7 26.2 26.2 26.8 27.7 29.1 30.9 33.1 35.9 38.9 42.6 45.4
76.5 80.2 81.7 96.5 114.1 113.9 112.9 115.7 117.2 104 84.5 67.1 47.9 38.3 34.7 29.2 26.4 25.7 24.9 24.4
Coefficients are (row-wise by formant):
756.1 34.7 -28.4 6.6 -2.8 -5.4
1199.5 -22.5 27.2 29.4 -43.1 19.8
2794.8 19.4 -20.7 -8.8 2.6 23.8
