KLH063a_2829 analysis information:
Number of steps:
20
Cutoff frequencies were: 
4500 4579 4658 4737 4816 4895 4974 5053 5132 5211 5289 5368 5447 5526 5605 5684 5763 5842 5921 6000
Number of coefficients for prediction: 
5
Number of formants: 
3
Winner is:
5368 5368 5368
Errors (total,f1,f2,f3): 
346.6 209.8 125.9 100.3 65 45.7 42.6 41.8 36 32.8 31.2 30.4 31.5 32.6 34.6 36.6 38.8 41.6 44.1 49
18.8 12.2 8.4 10.8 11.9 13.1 13.7 10.8 6.6 10 10.1 9.7 9.8 9.7 10 10.3 11.1 12.6 14 16.6
83 20 17.1 17.1 17.1 16.7 16.6 16.4 16.4 9.8 9.5 9.4 10.2 11.2 12.6 14 15.2 16.2 17.2 19.1
244.8 177.6 100.4 72.4 36 15.9 12.3 14.6 13 13 11.6 11.3 11.5 11.7 12 12.3 12.5 12.8 12.9 13.3
Coefficients are (row-wise by formant):
669.5 -21.2 -37.7 1.1 -30.9 -11
1315.4 -136.3 -9.3 16.6 -7.5 -30.3
2474.1 -69.2 -3.6 12.7 16.9 -12.7
