KLH063c_0326 analysis information:
Number of steps:
20
Cutoff frequencies were: 
4500 4579 4658 4737 4816 4895 4974 5053 5132 5211 5289 5368 5447 5526 5605 5684 5763 5842 5921 6000
Number of coefficients for prediction: 
5
Number of formants: 
3
Winner is:
5921 5921 5921
Errors (total,f1,f2,f3): 
177 160.4 164.9 172.3 172 188.6 239.8 287 324 208 192.5 185.6 192 210.7 227.6 224.6 172.9 141.3 131.5 161.8
6 6.2 6.3 6.5 6.5 6.5 6.5 6.8 7.4 8.8 9.6 9.9 9.6 9.3 9 8 7 6.8 6.6 6.6
101.1 95.2 75.6 54.5 68.8 85.3 132.2 167.3 174.5 109.4 108.5 103.1 102.4 101.9 106 103.2 88.2 75.2 76 52
69.9 59 83 111.3 96.7 96.8 101.1 112.9 142.1 89.8 74.4 72.6 80 99.5 112.6 113.4 77.7 59.3 48.9 103.2
Coefficients are (row-wise by formant):
407.6 118.8 -9.6 -52.3 -26.3 1.6
1756.5 -526.4 -328.4 87.6 -6.8 -8
2480.1 -8.3 16.7 53.8 10.4 25.3
