KLH063a_2962 analysis information:
Number of steps:
20
Cutoff frequencies were: 
4500 4579 4658 4737 4816 4895 4974 5053 5132 5211 5289 5368 5447 5526 5605 5684 5763 5842 5921 6000
Number of coefficients for prediction: 
5
Number of formants: 
3
Winner is:
4974 4974 4974
Errors (total,f1,f2,f3): 
80.7 55.7 36.2 27.1 23.3 22.9 22.8 23.2 23.1 23.1 23.5 24.1 24.8 26.4 27.6 30.7 32.8 34.9 38.1 43.1
7.1 7.9 8.7 9.4 10 9.7 9.7 9.9 10 10.3 10.3 10.5 10.7 11.1 11 11.7 12.1 12.1 13.2 15.5
7.3 7.5 7.9 7.9 7.8 7.4 7.2 7.3 7.4 7.7 8.1 8.5 8.9 9.5 10 10.8 11.5 12.4 13.4 14.6
66.3 40.3 19.6 9.8 5.5 5.8 5.9 6 5.7 5.1 5.1 5.1 5.2 5.8 6.6 8.2 9.2 10.4 11.5 13
Coefficients are (row-wise by formant):
596.2 135.9 -46.6 12 0.9 10.2
1360 -88.7 24.4 -17 9.5 -0.9
2371.6 -48.2 13.1 -14.3 -4.5 -1
