KLH063a_4706 analysis information:
Number of steps:
20
Cutoff frequencies were: 
4500 4579 4658 4737 4816 4895 4974 5053 5132 5211 5289 5368 5447 5526 5605 5684 5763 5842 5921 6000
Number of coefficients for prediction: 
5
Number of formants: 
3
Winner is:
5684 5684 5684
Errors (total,f1,f2,f3): 
148 110 93.7 87 90.5 96.1 100.9 93.3 82.7 77.4 68.5 56.9 50.7 52.9 55 46.8 48.9 51.2 53.4 55.8
8.3 7.7 7.2 6.8 6.6 6.7 7 7.4 8.1 8.8 9.8 10.7 11.8 13.1 14.3 15.3 16.1 16.2 15.8 14.7
9.5 9.2 8.3 8.1 8.5 8.9 9.5 10 10.4 10.7 11 11.2 11.5 12.8 14.4 15.9 17.9 19.5 21.3 23.4
130.2 93.1 78.2 72.1 75.4 80.5 84.4 75.9 64.2 57.9 47.7 35 27.4 27 26.3 15.6 14.9 15.5 16.3 17.7
Coefficients are (row-wise by formant):
820.8 120.5 0.5 31.3 6.2 16.6
1406 -103.5 31.4 20.3 33.5 2.8
2659 -43.8 122.8 -3.6 4.7 -0.1
