KLH063a_3342 analysis information:
Number of steps:
20
Cutoff frequencies were: 
4500 4579 4658 4737 4816 4895 4974 5053 5132 5211 5289 5368 5447 5526 5605 5684 5763 5842 5921 6000
Number of coefficients for prediction: 
5
Number of formants: 
3
Winner is:
5211 5211 5211
Errors (total,f1,f2,f3): 
185.3 72.1 46.3 49.3 52.9 50.9 48.8 47.4 45.7 43.3 45.3 52.4 59.4 63.7 66.6 67.8 70.3 72.7 74.5 75.4
1.6 1.7 1.8 1.8 1.5 1.5 1.6 1.5 1.5 1.4 1.3 1.4 1.5 1.5 1.5 1.6 1.8 2 2.2 2.6
32.7 24 22.6 25.6 27.2 27.9 27.4 27.3 27.4 27.5 28.3 28.6 29.4 30 30.9 30.8 31.5 32 32.5 32.4
151 46.4 21.9 21.9 24.2 21.5 19.8 18.6 16.8 14.4 15.7 22.4 28.5 32.2 34.2 35.4 37 38.7 39.8 40.4
Coefficients are (row-wise by formant):
331.4 3.9 3.6 0.6 -1.2 0
1060.5 0.3 121.9 -55.4 93.1 22.3
2381.5 -72.7 -36.4 -15.5 -8.4 4.8
