KLH063a_4381 analysis information:
Number of steps:
20
Cutoff frequencies were: 
4500 4579 4658 4737 4816 4895 4974 5053 5132 5211 5289 5368 5447 5526 5605 5684 5763 5842 5921 6000
Number of coefficients for prediction: 
5
Number of formants: 
3
Winner is:
4737 4737 4737
Errors (total,f1,f2,f3): 
112.6 92.6 87.9 81.3 152.4 430.5 359.8 204.3 195.3 401.7 413.5 441.6 475.6 447.8 426.5 396.7 419.7 418.3 410.7 460.6
12.6 13.8 15.9 20.5 72 269.7 230.5 153.1 152.2 246.4 255.9 264.9 284.5 257.5 241.3 234.6 246.2 237.7 224.2 244.1
48 50.3 47.4 29.2 25.8 70.4 54.8 29.6 29.1 73.7 74.7 81.9 89.1 88.1 84.3 76.2 82 89.8 101.4 128.4
52 28.5 24.6 31.6 54.6 90.4 74.5 21.6 14 81.6 82.9 94.8 102 102.2 100.9 85.9 91.5 90.8 85.1 88.1
Coefficients are (row-wise by formant):
342.3 136 58.8 15.4 -32.7 -42.8
1904.1 -468.7 -249.5 -68.3 -3.8 31.5
2296.2 78.4 59.1 15.1 -23 30
