KLH063a_0776 analysis information:
Number of steps:
20
Cutoff frequencies were: 
4500 4579 4658 4737 4816 4895 4974 5053 5132 5211 5289 5368 5447 5526 5605 5684 5763 5842 5921 6000
Number of coefficients for prediction: 
5
Number of formants: 
3
Winner is:
6000 6000 6000
Errors (total,f1,f2,f3): 
335.7 311.2 173.8 211.3 141.3 27.6 26.9 24.2 22.3 23.2 25.3 30.9 25.1 25.4 25.7 24 23.3 22.7 18.9 16
2.8 2.7 2.7 3.1 3.7 3.9 3.9 3.7 3.4 3.2 3.2 2.8 2.7 2.6 2.5 2.5 2.4 2.3 2 1
33.3 30 23.6 25.1 21.3 18 16.9 14 10.5 5.9 4.3 6.8 8 8.5 8.5 7.5 7.5 7.5 7.7 10.5
299.6 278.5 147.5 183.1 116.3 5.7 6.1 6.5 8.4 14.1 17.8 21.3 14.4 14.3 14.7 14 13.4 12.9 9.2 4.5
Coefficients are (row-wise by formant):
480.9 16.2 8.6 1.8 3.4 5.2
1003.5 -10.2 -4.7 -0.8 3.1 -45.9
2855.4 82.9 56.9 17.6 8.2 -39.8
