KLH063a_3319 analysis information:
Number of steps:
20
Cutoff frequencies were: 
4500 4579 4658 4737 4816 4895 4974 5053 5132 5211 5289 5368 5447 5526 5605 5684 5763 5842 5921 6000
Number of coefficients for prediction: 
5
Number of formants: 
3
Winner is:
5368 5368 5368
Errors (total,f1,f2,f3): 
124.5 32.3 32.8 32.5 33 34 34.8 35.8 34.5 30.8 29.2 29 34.5 47.1 60.6 71.7 79.8 88.5 103.9 122.3
12.2 11.8 11.5 11.6 11.8 12.3 12.6 13.3 13.3 13 13.4 13.4 13.5 14.2 15.6 17 17.2 16.5 18.3 17.4
13.3 6.3 6.2 5.8 5.3 4.8 4.7 4.9 4.9 4.4 4.8 5.4 7.2 10.9 15.7 21 26.8 35.3 51.4 69.9
99 14.2 15.1 15.1 15.9 16.9 17.5 17.6 16.3 13.4 11 10.2 13.8 22 29.3 33.7 35.8 36.7 34.2 35
Coefficients are (row-wise by formant):
680.8 -102 -76.3 -22.9 -21.5 -3.9
1141.2 -4.3 -46.5 2.5 -13.2 -6.4
2310.6 74.5 11 20.2 17.7 -20.6
