KLH063a_2680 analysis information:
Number of steps:
20
Cutoff frequencies were: 
4500 4579 4658 4737 4816 4895 4974 5053 5132 5211 5289 5368 5447 5526 5605 5684 5763 5842 5921 6000
Number of coefficients for prediction: 
5
Number of formants: 
3
Winner is:
4500 4500 4500
Errors (total,f1,f2,f3): 
26 34.4 47.2 39.6 30.3 40.3 52.3 44.5 35.8 39.1 239.2 239.7 244.2 247 250.1 279.4 248.6 262.7 279.4 417.2
0.5 0.6 1.2 1.8 2.6 3.2 4.9 7.2 9.1 16.7 109.8 110.1 110.9 112.3 115.3 129.5 111 122.9 105.5 145.2
12 18.7 25.2 22.8 15.8 19.5 16.1 11.7 8.7 8.8 68.7 68.5 69.8 70.7 71.5 78 63.6 65.1 59.7 80.3
13.5 15.1 20.8 15 11.9 17.6 31.3 25.6 18 13.6 60.7 61.1 63.5 64 63.3 71.9 74 74.7 114.2 191.7
Coefficients are (row-wise by formant):
299.1 5.2 -5.1 -5.3 -5.3 -1.8
1776 -262.2 70.2 -6.6 -21.1 31
2161.7 7.2 22.8 51.3 -8 35.5
