KLH063a_0668 analysis information:
Number of steps:
20
Cutoff frequencies were: 
4500 4579 4658 4737 4816 4895 4974 5053 5132 5211 5289 5368 5447 5526 5605 5684 5763 5842 5921 6000
Number of coefficients for prediction: 
5
Number of formants: 
3
Winner is:
5684 5684 5684
Errors (total,f1,f2,f3): 
10.7 11.2 11.9 11.6 11.8 11.9 11.6 10.3 11.4 11 10.6 9.2 8.8 8.1 8 7.6 7.9 8.3 8.7 9.5
3 3 3.1 3.1 3.2 3.2 3.3 3.2 3.2 3.1 3 2.9 2.8 2.8 2.8 2.7 2.8 2.8 2.8 2.8
2.6 3.4 3.7 3.5 3.2 3.2 3 2.7 2.8 2.6 2.7 2.2 2 1.8 1.6 1.3 1.1 0.9 1.1 1.9
5.1 4.8 5.1 5 5.4 5.5 5.3 4.4 5.4 5.3 4.9 4.1 4 3.5 3.6 3.6 4 4.6 4.8 4.8
Coefficients are (row-wise by formant):
551.1 6.5 -12.3 5.5 -5.7 2.2
1224.9 120.6 54.3 18.8 2.3 -0.7
2380.8 -35.5 36 47 17.2 -0.7
