KLH063a_5390 analysis information:
Number of steps:
20
Cutoff frequencies were: 
4500 4579 4658 4737 4816 4895 4974 5053 5132 5211 5289 5368 5447 5526 5605 5684 5763 5842 5921 6000
Number of coefficients for prediction: 
5
Number of formants: 
3
Winner is:
5605 5605 5605
Errors (total,f1,f2,f3): 
99.9 104 93.6 68.2 57 51.5 51.8 59.3 43.5 38.2 37.1 35.9 34.9 34.6 34.5 34.6 34.7 34.9 35.2 35.8
4 4.1 3.9 3.8 3.7 3.5 3.5 3.6 3.5 3.5 3.6 3.8 4.2 4.4 4.7 4.8 4.9 5.1 5.3 5.5
22.7 23 23.3 23.2 23.4 22.8 22.6 22.7 21.9 21.5 20.9 20.1 19.5 19.3 19.4 19.7 20 20.3 20.5 20.8
73.2 76.9 66.4 41.2 29.9 25.2 25.7 33 18.1 13.2 12.6 12 11.2 10.9 10.4 10.1 9.8 9.5 9.4 9.5
Coefficients are (row-wise by formant):
589.7 16.5 -22.8 7.8 0 1
1682 97.7 -84.7 45.5 -30.6 19.1
2474.8 103.1 -54.1 12.2 9.7 -0.5
