KLH063c_0892 analysis information:
Number of steps:
20
Cutoff frequencies were: 
4500 4579 4658 4737 4816 4895 4974 5053 5132 5211 5289 5368 5447 5526 5605 5684 5763 5842 5921 6000
Number of coefficients for prediction: 
5
Number of formants: 
3
Winner is:
5289 5289 5289
Errors (total,f1,f2,f3): 
10038.2 10033.4 10033.3 10033.1 10035 10048.6 58.2 53 54.1 58 48.1 57.8 268.5 269 265 265.5 358.9 359.5 355.7 358.8
1.1 0.9 0.9 1 1.1 1.5 2 3.1 6.1 10.1 13 21.8 34.6 32.8 32.1 32.5 44.4 46.6 47.2 51.8
2.5 2.2 2.2 2.2 2.2 3.1 3.9 4.9 5.2 5.5 5.5 7 117.3 118.5 120.5 122.2 169.3 171.4 171.6 173.5
10034.6 10030.3 10030.2 10029.9 10031.7 10044 52.3 45 42.8 42.4 29.6 29 116.6 117.7 112.4 110.8 145.2 141.5 136.9 133.5
Coefficients are (row-wise by formant):
439.3 1.7 -22.5 29.1 -28.7 11.3
926.5 3 -78.3 -9.4 10.3 3.3
2386.3 -128.5 -269.4 3.6 0.6 -3.3
