KLH063a_2654 analysis information:
Number of steps:
20
Cutoff frequencies were: 
4500 4579 4658 4737 4816 4895 4974 5053 5132 5211 5289 5368 5447 5526 5605 5684 5763 5842 5921 6000
Number of coefficients for prediction: 
5
Number of formants: 
3
Winner is:
5921 5921 5921
Errors (total,f1,f2,f3): 
101.4 93.4 113.4 123.2 165.7 146.3 114.3 103.6 74.3 83.3 69.2 53.5 57.5 55.4 51.4 45.9 41 35.6 34.3 36.2
1.8 1.9 2 2 1.9 1.9 1.9 1.6 1.8 1.4 1.2 1.1 1.2 1.4 1.6 1.7 1.9 1.9 2 2
58.4 63.7 66.3 77.1 90 66.8 47.3 31.1 9.3 11.8 11.9 10.6 9.9 8.8 7.3 6.7 6.6 7.5 8.7 10.6
41.2 27.8 45.1 44.1 73.8 77.6 65.1 70.9 63.2 70.1 56.1 41.8 46.4 45.2 42.5 37.5 32.5 26.2 23.6 23.6
Coefficients are (row-wise by formant):
334.2 9.8 -19 9.3 -3.3 2
1988.5 126.4 -71.6 72.4 -18.2 29.4
2539.1 146 -51 -36.4 15.5 32.9
