KLH063a_1371 analysis information:
Number of steps:
20
Cutoff frequencies were: 
4500 4579 4658 4737 4816 4895 4974 5053 5132 5211 5289 5368 5447 5526 5605 5684 5763 5842 5921 6000
Number of coefficients for prediction: 
5
Number of formants: 
3
Winner is:
4974 4974 4974
Errors (total,f1,f2,f3): 
10203.2 10262.5 300.6 264.5 235.9 251 194.2 212.5 226.5 240.2 311.2 474 304 251 238 243.6 253.2 354.5 357 443.5
17.7 23 18.5 18.7 19.5 20 21.9 23.7 23.1 30.2 27.1 43.2 20 16 16.5 17.9 18.3 19.1 17.7 24.8
70.9 74.3 86.4 58.1 44.7 71.7 79.2 102.1 126.5 134.5 161.2 246.7 177.5 150.4 147.5 148.6 151.3 246.6 246.6 307.6
10114.6 10165.2 195.7 187.7 171.7 159.3 93.1 86.7 76.9 75.5 122.9 184.1 106.5 84.6 74 77.1 83.6 88.8 92.7 111.1
Coefficients are (row-wise by formant):
492.4 -39.6 12.4 21.4 1 24.7
779 -144.2 147.4 -210.6 143.5 -146.1
2326.3 -185.9 -81.7 -94.9 47.7 -264.7
