KLH063a_0178 analysis information:
Number of steps:
20
Cutoff frequencies were: 
4500 4579 4658 4737 4816 4895 4974 5053 5132 5211 5289 5368 5447 5526 5605 5684 5763 5842 5921 6000
Number of coefficients for prediction: 
5
Number of formants: 
3
Winner is:
6000 6000 6000
Errors (total,f1,f2,f3): 
292.1 301.1 261.6 289.4 241.8 243.4 237.7 239.5 223 219.7 202.6 173 171.9 183 173.1 175.1 174.3 176.3 167.3 145.4
6 4 4 4 4.6 4.5 5 6.3 7.6 8.6 9 9.3 10.4 11.8 13.6 13.4 13.1 11.9 7.2 6.1
93.3 84.1 81.9 80.2 60.6 59.6 69.8 80.1 76.5 78.9 67.1 67.1 73.7 85 84.1 84.4 86 88.2 89.2 76.7
192.8 213 175.7 205.2 176.6 179.3 162.9 153.1 138.9 132.2 126.5 96.6 87.8 86.2 75.4 77.3 75.2 76.2 70.9 62.6
Coefficients are (row-wise by formant):
361.1 30.1 6.5 16.5 -1.1 4.5
1472.2 -41.7 -81.8 113.6 36.3 -22.4
2705.5 -25.4 -162.2 -10.6 -25 -43.9
