KLH063a_2360 analysis information:
Number of steps:
20
Cutoff frequencies were: 
4500 4579 4658 4737 4816 4895 4974 5053 5132 5211 5289 5368 5447 5526 5605 5684 5763 5842 5921 6000
Number of coefficients for prediction: 
5
Number of formants: 
3
Winner is:
5132 5132 5132
Errors (total,f1,f2,f3): 
31.4 41.7 44 44 43.4 29.8 17.5 16.5 16.4 16.7 17.4 19.6 22.2 27.2 231.5 231.4 228 272.7 260.6 245.6
2.3 2.7 2.9 3.2 3.3 3.2 3.3 3.1 3.2 3.2 3.4 4.1 5.3 9.4 88.1 88.5 88.9 109.4 110.2 112.8
8.9 9.7 7.2 6.1 6 5.9 6 6.3 6.4 6.5 5.9 5.4 5.5 5.3 55.8 55.4 53.2 59.4 52 40.9
20.2 29.3 33.9 34.7 34.1 20.7 8.2 7.1 6.8 7 8.1 10.1 11.4 12.5 87.6 87.5 85.9 103.9 98.4 91.9
Coefficients are (row-wise by formant):
327.6 45.1 -7.8 -9 -11.4 -1.2
1699.3 -123.4 -62.4 -2.5 -16.2 -5.1
2272.2 -115.4 35.3 3 1.1 -12.1
