KLH063a_4496 analysis information:
Number of steps:
20
Cutoff frequencies were: 
4500 4579 4658 4737 4816 4895 4974 5053 5132 5211 5289 5368 5447 5526 5605 5684 5763 5842 5921 6000
Number of coefficients for prediction: 
5
Number of formants: 
3
Winner is:
5053 5053 5053
Errors (total,f1,f2,f3): 
51 54.6 54 51.8 52 53.2 52.9 49.8 50.3 56.5 190.4 194.3 169 209.1 210.6 194 218.5 238.4 332.5 461.7
6.4 7.2 7.8 8.4 8.8 9.5 10.1 10.6 11.9 15.7 44.8 60.2 59.8 54.6 52.6 51 50 47.6 45.5 55.9
14.9 16.1 17 17.1 17.2 17.7 18 17.2 18 20.5 88.6 89.6 86.9 107.9 109.7 115.5 132.8 132.7 194 274.7
29.7 31.3 29.2 26.3 26 26 24.8 22 20.4 20.3 57 44.5 22.3 46.6 48.3 27.5 35.7 58.1 93 131.1
Coefficients are (row-wise by formant):
552.5 88 -9.1 4 12.8 10
1074.5 -68.2 26.2 -39.8 6.9 25.7
2474 94 -81.4 -62.2 23.6 28.7
