KLH063a_2352 analysis information:
Number of steps:
20
Cutoff frequencies were: 
4500 4579 4658 4737 4816 4895 4974 5053 5132 5211 5289 5368 5447 5526 5605 5684 5763 5842 5921 6000
Number of coefficients for prediction: 
5
Number of formants: 
3
Winner is:
5132 5132 5132
Errors (total,f1,f2,f3): 
34.5 34 30.9 22.5 15.5 13 11.8 11.2 11.1 11.4 12.2 13.5 15.2 16.7 18.6 21 22.8 21.1 27.3 32.4
4.1 4.3 4.5 4.6 4.9 5.1 5.1 5.3 5.5 5.8 6.3 7.2 8.3 9.6 10.9 13.1 14.4 13.4 18.7 24.2
3.3 3.1 2.8 2.4 2 2 2 2.1 2.4 2.7 3 3.2 3.4 3.4 3.5 3.7 3.8 3.8 4 3.8
27.1 26.6 23.6 15.5 8.6 5.9 4.7 3.8 3.2 2.9 2.9 3.1 3.5 3.7 4.2 4.2 4.6 3.9 4.6 4.4
Coefficients are (row-wise by formant):
468.2 -29.6 -88.4 0 -26.6 6.6
1201.5 -187.9 14.2 -1.5 9 11.3
2376.9 75.7 2.1 2.9 6.3 -4.9
