KLH063c_1111 analysis information:
Number of steps:
20
Cutoff frequencies were: 
4500 4579 4658 4737 4816 4895 4974 5053 5132 5211 5289 5368 5447 5526 5605 5684 5763 5842 5921 6000
Number of coefficients for prediction: 
5
Number of formants: 
3
Winner is:
5605 5605 5605
Errors (total,f1,f2,f3): 
239.4 188.8 48.6 70.2 67 65.5 62.4 57.6 50.6 38.5 42.6 38 33.5 25.3 18.8 20.2 19.7 24.4 24.4 25.4
6.5 8.3 8.2 8.8 8.9 8.6 9.1 8.9 8.1 7.2 6.3 6.4 6 6.4 7.6 9.1 10.4 11.8 11.4 9.1
50.6 56.7 3.7 4.9 4.2 3.7 6 6 5.9 5.4 5.8 4.9 3.5 2.9 2.5 2.6 2.7 3.6 3.1 2.8
182.3 123.8 36.7 56.5 53.9 53.2 47.3 42.7 36.6 25.9 30.5 26.7 24 16 8.7 8.5 6.6 9 9.9 13.5
Coefficients are (row-wise by formant):
656.7 -167.8 -91.9 -46.9 -21.9 -18.8
1350.3 30.9 29.1 4.9 -20.7 5.8
2458.4 41.6 -47.1 0.1 22.3 -16.2
