KLH063a_5470 analysis information:
Number of steps:
20
Cutoff frequencies were: 
4500 4579 4658 4737 4816 4895 4974 5053 5132 5211 5289 5368 5447 5526 5605 5684 5763 5842 5921 6000
Number of coefficients for prediction: 
5
Number of formants: 
3
Winner is:
5211 5211 5211
Errors (total,f1,f2,f3): 
233.2 402.6 230 134.2 150 108.7 89.7 67.9 11.2 11 11.2 12.3 12.7 13.1 12.1 11.6 11.5 11.9 12.2 12.8
1.7 17.9 11.1 1.9 2.5 2.7 2.6 2.5 2.4 1.8 1.8 1.8 1.6 1.7 1.4 1.3 1.2 1.1 1.1 1.1
94.1 225.3 103.4 8.4 42.9 14.9 4 3.2 3 3.3 3.5 4.6 5.3 5.8 5.5 5 4.6 4.5 4.3 4.2
137.4 159.4 115.5 123.9 104.6 91.1 83.1 62.2 5.8 5.9 5.9 5.9 5.8 5.6 5.2 5.3 5.7 6.3 6.8 7.5
Coefficients are (row-wise by formant):
419 76.1 5.1 -4.3 -5.5 3.3
1722.1 -10.3 -27.4 2 -3.9 -0.9
2456.2 -26.6 -32.1 1.3 -3.1 3
