KLH063c_0448 analysis information:
Number of steps:
20
Cutoff frequencies were: 
4500 4579 4658 4737 4816 4895 4974 5053 5132 5211 5289 5368 5447 5526 5605 5684 5763 5842 5921 6000
Number of coefficients for prediction: 
5
Number of formants: 
3
Winner is:
5053 5053 5053
Errors (total,f1,f2,f3): 
88.6 88.3 81.8 78.1 70.1 63.1 58.2 54.6 64.3 71.4 85.2 86.7 98.2 100.9 96.4 86.7 80.7 83 96.7 209.4
1.3 1.2 1.3 1.4 1.5 1.7 1.8 1.9 2 2 2 2.1 2.3 2.4 2.6 2.9 3.5 4.6 5.8 19.8
11.4 13.1 13.9 14.3 14.3 13.1 13.5 13.6 13.5 13.9 13.9 13.9 13.8 14.3 15.1 16.1 18.1 23.8 35 105.8
75.9 74 66.6 62.4 54.3 48.3 42.9 39.1 48.8 55.5 69.3 70.7 82.1 84.2 78.7 67.7 59.1 54.6 55.9 83.8
Coefficients are (row-wise by formant):
316.2 3.3 3.6 2.6 3 1.9
983.3 -12.4 72.2 -17.3 45.5 -15.5
2245.9 91.3 -34.6 2.4 -15.1 131.6
