KLH063a_4390 analysis information:
Number of steps:
20
Cutoff frequencies were: 
4500 4579 4658 4737 4816 4895 4974 5053 5132 5211 5289 5368 5447 5526 5605 5684 5763 5842 5921 6000
Number of coefficients for prediction: 
5
Number of formants: 
3
Winner is:
5132 5132 5132
Errors (total,f1,f2,f3): 
79.7 80.7 87.6 99.4 96.1 84.3 68.8 52.8 49.1 52.6 56.8 63.1 68.1 79.7 101.1 129.8 143.4 166.5 159.5 161.6
3.3 3 3.8 4.1 4.2 4.5 4.8 5.1 5.5 5.6 6.2 6.9 8.3 11.2 20.8 38.1 39.5 38.5 40.5 42.1
23.3 23.9 24.2 23.4 23.9 22.1 20.9 20.3 20.1 21.8 26.9 30.2 33.6 40.6 47.3 49.9 61.3 82.2 79.4 73.7
53.1 53.8 59.6 71.9 68 57.7 43.1 27.4 23.5 25.2 23.7 26 26.2 27.9 33 41.8 42.6 45.8 39.6 45.8
Coefficients are (row-wise by formant):
321.1 37 -4.2 -5.8 -6.9 -6.7
1188.8 23.7 94.3 21.6 38.9 -13.1
2259.1 29.1 44.3 -170.3 17.5 -85.5
