KLH063a_3706 analysis information:
Number of steps:
20
Cutoff frequencies were: 
4500 4579 4658 4737 4816 4895 4974 5053 5132 5211 5289 5368 5447 5526 5605 5684 5763 5842 5921 6000
Number of coefficients for prediction: 
5
Number of formants: 
3
Winner is:
5132 5132 5132
Errors (total,f1,f2,f3): 
449.7 311.4 354 379.4 250.9 185.2 121.7 66.3 64.4 84.7 102.1 113.4 115.2 106 107.9 114.1 111.1 126.4 127.1 115.5
34.3 24.1 21.9 32.1 19.5 22.3 21.7 23.2 23.4 21.7 26.8 23.5 23.7 23.5 23.1 28.2 27.6 28.3 28.3 22.8
151.6 89 140 130.4 71.6 34.8 25.9 21.4 21.7 41.9 53.4 67.3 67.2 62.6 65.7 62.8 59 69.2 65.8 63.1
263.8 198.3 192.1 216.9 159.8 128.1 74.1 21.7 19.3 21.1 21.9 22.6 24.3 19.9 19.1 23.1 24.5 28.9 33 29.6
Coefficients are (row-wise by formant):
645.7 103 -18.3 65.7 0.5 33.9
1468.5 16.6 172.4 106.7 64.5 25.1
2460 -12.4 -9.7 11.3 -45 -19.9
