KLH063b_0015 analysis information:
Number of steps:
20
Cutoff frequencies were: 
4500 4579 4658 4737 4816 4895 4974 5053 5132 5211 5289 5368 5447 5526 5605 5684 5763 5842 5921 6000
Number of coefficients for prediction: 
5
Number of formants: 
3
Winner is:
4658 4658 4658
Errors (total,f1,f2,f3): 
34 28.3 23.8 33 29.8 60.2 62.7 95.3 91.9 75.3 74.8 54.3 40.1 32.9 28.2 28.8 31.5 35 38.7 41.4
2.5 2.7 2.6 2.6 2.6 2.4 2.2 2 1.9 2 2.1 2.2 2.3 2.3 2.4 2.4 2.4 2.3 2.3 2.3
10.6 9 8.4 8.4 8.5 10.2 11 13.4 13.7 14 15.1 14.5 14.1 13.4 11.9 10.6 10.8 12.4 14 14.8
20.9 16.6 12.8 22 18.7 47.6 49.5 79.9 76.3 59.3 57.6 37.6 23.7 17.2 13.9 15.8 18.3 20.3 22.4 24.3
Coefficients are (row-wise by formant):
357.5 7.6 -18.4 -1.2 0.3 -0.4
2094.5 2.7 39.4 -14.8 18.2 1
2751 -35.2 94.8 -14.8 15.7 10
