KLH063a_3222 analysis information:
Number of steps:
20
Cutoff frequencies were: 
4500 4579 4658 4737 4816 4895 4974 5053 5132 5211 5289 5368 5447 5526 5605 5684 5763 5842 5921 6000
Number of coefficients for prediction: 
5
Number of formants: 
3
Winner is:
4737 4737 4737
Errors (total,f1,f2,f3): 
116.5 59.6 39.6 29.7 33.2 34.8 35.5 35.2 35.5 36.1 38.1 40.3 41.9 189.9 192.8 201.7 220.8 363.5 505 608.7
3.6 3.5 3.8 4.3 4.5 4.7 4.9 5 5.3 5.8 7 8.8 10.8 57.7 57.7 57.6 57.2 89.7 90.8 91.1
38.8 16.4 17.9 20 22.1 22.9 23 22.9 22.2 21.7 20.9 20.1 18.2 61.4 62.2 65 72.5 128.7 212.2 283.8
74.1 39.7 17.9 5.4 6.6 7.2 7.6 7.3 8 8.6 10.2 11.4 12.9 70.8 72.9 79.1 91.1 145.1 202 233.8
Coefficients are (row-wise by formant):
334.9 -22.7 -18.9 -16.2 -10.2 -9.2
1201.6 3.8 106.6 -26.6 44.5 -8.6
2253 -12.9 -13.5 4.7 4.3 2.5
