KLH063a_0654 analysis information:
Number of steps:
20
Cutoff frequencies were: 
4500 4579 4658 4737 4816 4895 4974 5053 5132 5211 5289 5368 5447 5526 5605 5684 5763 5842 5921 6000
Number of coefficients for prediction: 
5
Number of formants: 
3
Winner is:
5842 5842 5842
Errors (total,f1,f2,f3): 
48.3 55.7 102.1 104.8 94.6 88.8 56.3 45.6 39.9 40 34.9 36.3 41.9 41.8 39.7 37 30.1 29.5 34.9 39.2
1.9 2 2.1 1.8 2.6 2.8 2.9 3 2.6 2.5 2.3 2 1.8 1.6 1.2 1.4 1.5 1.6 1.7 1.5
17.3 23.5 32.1 32.8 25.5 20 14.2 17.5 17.3 17.9 12 11.9 13.7 13.3 14.5 11.6 9.3 11.4 14.8 18.1
29.1 30.2 67.9 70.2 66.5 66 39.2 25.1 20 19.6 20.6 22.4 26.4 26.9 24 24 19.3 16.5 18.4 19.6
Coefficients are (row-wise by formant):
382.8 61.3 36.3 14.8 5.3 3.6
1236.4 -58.1 32.6 15.2 53.1 -42.7
2641.4 9.8 -31.2 18.7 -5.5 2.1
