KLH063a_5171 analysis information:
Number of steps:
20
Cutoff frequencies were: 
4500 4579 4658 4737 4816 4895 4974 5053 5132 5211 5289 5368 5447 5526 5605 5684 5763 5842 5921 6000
Number of coefficients for prediction: 
5
Number of formants: 
3
Winner is:
5605 5605 5605
Errors (total,f1,f2,f3): 
150.7 154 154.1 149.8 150.6 150.7 162.6 148.7 131.8 112.2 95.7 83.8 75.8 69.7 65.5 66.5 67.7 69.2 74.4 79.6
13.4 13.7 14.1 14.4 14.7 14.2 14 13.8 13.5 13.4 13.3 13.4 13.6 13.7 14.2 15.1 15.9 17.3 20 23.1
9.3 10.2 10.9 11.2 11.7 11.6 11.6 11.6 11.7 11.8 11.7 11.5 11.9 12.5 13.2 13.7 14.3 15.4 16.6 17.8
128 130.1 129.1 124.2 124.2 124.9 137 123.3 106.6 87 70.7 58.9 50.3 43.5 38.1 37.7 37.5 36.5 37.8 38.7
Coefficients are (row-wise by formant):
703.7 41.8 -41.1 13.8 -10.4 9.1
1168.4 33.6 11.4 1.8 8 10.7
2772 -13.1 34.6 40 -21.1 35.1
