KLH063a_3545 analysis information:
Number of steps:
20
Cutoff frequencies were: 
4500 4579 4658 4737 4816 4895 4974 5053 5132 5211 5289 5368 5447 5526 5605 5684 5763 5842 5921 6000
Number of coefficients for prediction: 
5
Number of formants: 
3
Winner is:
5211 5211 5211
Errors (total,f1,f2,f3): 
88.4 88.1 62.1 60.4 52.2 49.1 37.9 26.9 18.1 16.9 17.7 19.8 22.6 26 30.4 36.9 42.6 50.1 60 78.5
3.7 3.7 4 4.1 3.9 3.4 2.3 1.7 1.6 1.9 2.1 2.3 2.5 2.7 2.9 3.4 4.5 6.7 12.4 22.9
26.3 17.3 12.8 11 11 10.6 10.2 9.7 8.4 7.9 9 11.1 13.6 16.5 20.2 23.4 24.6 25.7 26.1 30.4
58.4 67.1 45.3 45.3 37.3 35.1 25.4 15.5 8.1 7.1 6.6 6.4 6.5 6.8 7.3 10.1 13.5 17.7 21.5 25.2
Coefficients are (row-wise by formant):
555.8 -104.3 -12.3 -10.7 -3.1 10.9
1593.1 152.1 16.8 36.6 17.2 8.6
2221.4 -95.8 45.2 -7.9 13.8 13.3
