KLH063a_2341 analysis information:
Number of steps:
20
Cutoff frequencies were: 
4500 4579 4658 4737 4816 4895 4974 5053 5132 5211 5289 5368 5447 5526 5605 5684 5763 5842 5921 6000
Number of coefficients for prediction: 
5
Number of formants: 
3
Winner is:
5526 5526 5526
Errors (total,f1,f2,f3): 
68.8 62.8 86.4 90.8 78.7 56.8 40.3 39.5 40.4 40.6 33.4 31.3 28.6 27.9 29 29.4 28.8 29.1 30.5 31.2
6.3 5.9 6.5 6.4 6.1 6 6.2 6.3 6.1 6.5 6.3 7 6.7 6.9 7.7 8 7.7 8 8.7 8.5
10.8 10.8 10.6 10.4 10.4 10.4 10.3 10.5 10.6 11 11.3 11.4 11.2 10.8 10.3 10.1 10 10 9.8 10.2
51.7 46.1 69.3 74 62.2 40.4 23.8 22.7 23.7 23.1 15.8 12.9 10.7 10.2 11 11.3 11.1 11.1 12 12.5
Coefficients are (row-wise by formant):
433.8 40.8 -17.3 9.2 -11.1 4.4
1899.7 -55.1 -45.7 -24.4 -5.9 -22.8
2613.9 -54.9 -19.8 -43.4 5.9 -19.9
