KLH063c_1183 analysis information:
Number of steps:
20
Cutoff frequencies were: 
4500 4579 4658 4737 4816 4895 4974 5053 5132 5211 5289 5368 5447 5526 5605 5684 5763 5842 5921 6000
Number of coefficients for prediction: 
5
Number of formants: 
3
Winner is:
4579 4579 4579
Errors (total,f1,f2,f3): 
359.1 280.9 315.8 338.7 344.8 353.1 327.1 484.8 455.3 390.2 474.3 573.1 651.9 897 912.4 439.9 451.5 392.4 378.3 300.3
6.2 14.6 8.1 9.8 9.8 15.1 10.2 11.8 9.5 9.7 9.8 37.3 22.9 19.5 23.4 22.6 36.9 16.7 21.4 11
280.7 216.6 254.7 267.5 275.7 274.3 232.6 308.8 237.3 191.9 231.8 347.6 369.2 506.7 485.7 226.1 237.3 234.6 206 138.9
72.2 49.7 53 61.4 59.3 63.7 84.3 164.2 208.5 188.6 232.7 188.2 259.8 370.8 403.3 191.2 177.3 141.1 150.9 150.4
Coefficients are (row-wise by formant):
541.5 20.8 -13 7.3 14.7 -20.2
1402.1 156.6 -59.6 -112.1 414.3 -104.3
2434.1 -39.2 -33.7 29.4 158.9 2.2
