KLH063a_4760 analysis information:
Number of steps:
20
Cutoff frequencies were: 
4500 4579 4658 4737 4816 4895 4974 5053 5132 5211 5289 5368 5447 5526 5605 5684 5763 5842 5921 6000
Number of coefficients for prediction: 
5
Number of formants: 
3
Winner is:
5053 5053 5053
Errors (total,f1,f2,f3): 
66.4 36.9 32.1 28.4 26.9 25.9 24.4 23.8 23.8 26.1 25.6 27.2 28.8 30.4 32.6 36.5 45.9 63.7 71.5 98.2
4 4.3 4.8 5.1 5.3 5.3 5.3 5.2 4.9 4.6 4.6 4.5 4.7 5 5.4 6.3 7.8 10.4 13.9 18.7
8.7 9 9.5 9.7 9.7 9.9 9.8 9.7 9.3 8.8 9.1 9 9.3 9.9 10.5 11.3 12.5 14.4 18.4 31.5
53.7 23.6 17.8 13.6 11.9 10.7 9.3 8.9 9.6 12.7 11.9 13.7 14.8 15.5 16.7 18.9 25.6 38.9 39.2 48
Coefficients are (row-wise by formant):
695.9 -42.3 -38.3 -4.1 -22.7 6
1331.2 71.6 10.9 0 -0.4 -8.8
2343.1 65.6 -28.9 17.8 -6.5 -13.8
