KLH063a_5510 analysis information:
Number of steps:
20
Cutoff frequencies were: 
4500 4579 4658 4737 4816 4895 4974 5053 5132 5211 5289 5368 5447 5526 5605 5684 5763 5842 5921 6000
Number of coefficients for prediction: 
5
Number of formants: 
3
Winner is:
5132 5132 5132
Errors (total,f1,f2,f3): 
59.3 55.3 53.9 53.8 54.1 54.1 56.9 54.5 46.8 47.2 48.7 51.1 50.2 54.9 56.5 67.7 95 177.5 244 335.8
2.8 2.8 3 3.4 4.2 5.1 5.9 6.5 6.7 6.9 7.2 7.6 6.4 7.2 7.4 9.4 14.6 30 28.5 92.8
26.2 26.9 27.7 28.4 28.3 27.3 28 26.3 22.2 22.4 23.2 24.1 24.3 26.4 26.8 33 46.5 78.9 109.3 115.9
30.3 25.6 23.2 22 21.6 21.7 23 21.7 17.9 17.9 18.3 19.4 19.5 21.3 22.3 25.3 33.9 68.6 106.2 127.1
Coefficients are (row-wise by formant):
565.1 8.4 -72.7 -16.5 -29.8 -10.8
1196.2 -58.5 -89.9 -0.7 32.1 15.9
2159 -61.5 -90.3 -24.2 -26.2 2.6
