KLH063a_5086 analysis information:
Number of steps:
20
Cutoff frequencies were: 
4500 4579 4658 4737 4816 4895 4974 5053 5132 5211 5289 5368 5447 5526 5605 5684 5763 5842 5921 6000
Number of coefficients for prediction: 
5
Number of formants: 
3
Winner is:
5211 5211 5211
Errors (total,f1,f2,f3): 
45.9 75.7 175.4 129 120.9 135.1 326.6 63 49.6 40.5 43.2 43.2 493.1 289.3 250.5 263.2 272.3 308.1 405.6 428.1
10.9 11.7 10.6 67.5 49.9 46.5 61.3 15.3 15.5 19.2 25.6 28.1 81.3 49.8 24.9 34.8 48.9 48.2 47.6 65.1
18.8 20.1 31.9 56.9 66.9 84.4 160.8 41.9 29 16.8 13.9 11.8 224 126.6 118.9 121.4 117.5 146.9 195.7 200.5
16.2 43.9 132.9 4.6 4.1 4.2 104.5 5.8 5.1 4.5 3.7 3.3 187.8 112.9 106.7 107 105.9 113 162.3 162.5
Coefficients are (row-wise by formant):
528.1 89.4 -115.4 -51.5 8.9 -60.3
886.9 32.7 12.5 -15.5 20.4 9.9
2276.9 16 48.2 -8.7 -14.5 7.5
