KLH063a_3820 analysis information:
Number of steps:
20
Cutoff frequencies were: 
4500 4579 4658 4737 4816 4895 4974 5053 5132 5211 5289 5368 5447 5526 5605 5684 5763 5842 5921 6000
Number of coefficients for prediction: 
5
Number of formants: 
3
Winner is:
4895 4895 4895
Errors (total,f1,f2,f3): 
178.6 187.9 105 91.1 83.9 82.6 98.7 201.5 234.2 128 122.8 121.9 123.3 123.5 120.9 126.1 127.1 131.8 158.8 177
6.8 7.1 7.5 8.5 9.9 11 10.7 11.2 11.5 11.1 10.5 10.6 10.2 10 10.3 10.3 10.6 10.9 11.1 11.3
99.3 109.7 57.5 47.4 45.4 46.1 57.6 86.1 64.2 48.8 46.7 44.2 40.1 40.3 40 43.2 42.3 38.2 31.7 24.4
72.5 71.1 40 35.2 28.6 25.5 30.4 104.2 158.5 68.1 65.6 67.1 73 73.2 70.6 72.6 74.2 82.7 116 141.3
Coefficients are (row-wise by formant):
405 211.7 81.9 18.4 -0.8 9.7
1665.9 68.7 -145.3 -126.9 10.9 17.3
2184.9 -118.7 121.7 13.2 8.4 -13.6
