KLH063a_0779 analysis information:
Number of steps:
20
Cutoff frequencies were: 
4500 4579 4658 4737 4816 4895 4974 5053 5132 5211 5289 5368 5447 5526 5605 5684 5763 5842 5921 6000
Number of coefficients for prediction: 
5
Number of formants: 
3
Winner is:
6000 6000 6000
Errors (total,f1,f2,f3): 
56.5 35.9 37.6 45.6 58.9 117.1 248 115.2 119.1 87.3 26.4 27.2 29.3 30.8 30.6 28.9 26.2 24.1 23.4 22.3
2.5 2.7 2.6 2.5 2.6 2.8 12.2 2.7 2.8 3 3.6 4.4 4.5 4.2 4.1 3.8 3.6 3.3 3.2 3.1
48.1 27.6 29.1 34.3 40.4 72.8 190.1 72.5 65 29.1 14.9 14.6 14.3 13.8 12.9 12.3 11.8 11.4 10.3 10.6
5.9 5.6 5.9 8.8 15.9 41.5 45.7 40 51.3 55.2 7.9 8.2 10.5 12.8 13.6 12.8 10.8 9.4 9.9 8.6
Coefficients are (row-wise by formant):
274.3 38.9 11.8 -18.2 13.3 -2.9
2145.2 29.8 101.1 10.2 -68.3 10
2637.5 -98.5 -55.3 -36.8 -30.3 7.6
