KLH063a_4894 analysis information:
Number of steps:
20
Cutoff frequencies were: 
4500 4579 4658 4737 4816 4895 4974 5053 5132 5211 5289 5368 5447 5526 5605 5684 5763 5842 5921 6000
Number of coefficients for prediction: 
5
Number of formants: 
3
Winner is:
5211 5211 5211
Errors (total,f1,f2,f3): 
50.3 37 35.4 34.2 37.2 39.3 39.8 36.5 30.9 25.9 27.1 31.4 31.5 32.1 33 34.1 35.6 37.9 41.1 49.4
10.2 10.3 10.2 10.4 10.5 10.5 10.5 10.3 10.2 10.4 10.5 10.8 11.1 11.4 11.6 11.8 12.1 12.8 14.7 21
8.4 8.4 8.1 8.2 8.4 8.3 8.2 8.3 8.2 8.4 8.2 8.2 8 8 8.1 8.3 8.6 9.2 9.8 10.9
31.7 18.3 17.1 15.6 18.3 20.5 21.1 17.9 12.5 7.1 8.4 12.4 12.4 12.7 13.3 14 14.9 15.9 16.6 17.5
Coefficients are (row-wise by formant):
457.1 5 -48 1.7 -17.8 5.2
1467.2 99.4 92.9 30.5 24.5 6.9
2382.3 48.8 -35.2 -1.9 -1.2 -11.8
