KLH063a_3960 analysis information:
Number of steps:
20
Cutoff frequencies were: 
4500 4579 4658 4737 4816 4895 4974 5053 5132 5211 5289 5368 5447 5526 5605 5684 5763 5842 5921 6000
Number of coefficients for prediction: 
5
Number of formants: 
3
Winner is:
6000 6000 6000
Errors (total,f1,f2,f3): 
214.7 190.7 24 164.1 139.3 104.9 75.7 14 13 13.1 14.2 14.2 14.3 13.4 12.8 12.2 11.6 10.9 10.2 9.5
1.3 1.4 1.6 1.9 1.9 1.9 1.9 1.8 1.8 1.6 1.7 1.6 1.7 1.6 1.6 1.6 1.6 1.6 1.5 1.5
13.3 7.7 7.4 37.9 18.5 7.2 7.3 7.3 7.3 7.2 7.3 6.9 6.9 6.5 6.2 5.9 5.6 5.1 4.7 4.3
200.1 181.6 15 124.3 118.9 95.8 66.5 4.9 3.9 4.3 5.2 5.7 5.7 5.3 5 4.7 4.4 4.2 4 3.7
Coefficients are (row-wise by formant):
356.8 16.1 -27.3 6.5 -9.5 0.2
1628 133.4 -39.3 -1.9 -7.6 7.8
2516.2 83.6 -45.8 12.7 -13.7 4.1
