KLH063a_2171 analysis information:
Number of steps:
20
Cutoff frequencies were: 
4500 4579 4658 4737 4816 4895 4974 5053 5132 5211 5289 5368 5447 5526 5605 5684 5763 5842 5921 6000
Number of coefficients for prediction: 
5
Number of formants: 
3
Winner is:
5053 5053 5053
Errors (total,f1,f2,f3): 
164.9 200.6 351.9 304 80.1 33.5 149.9 20.6 20.6 21.2 22.1 22.9 24.9 25.4 24.8 24.1 23.3 23.2 23 22.9
4.4 40.3 14.4 3.7 3.7 4 4.4 4.6 4.6 4.7 4.7 4.7 4.7 4.7 4.4 4.4 4.5 4.7 5 5.5
71.2 78.1 142.2 106.3 5.9 5.5 54.7 5.5 5.6 5.5 5.3 5.1 5.1 5.1 5.1 5.4 5.5 5.9 6 6.1
89.3 82.2 195.3 194 70.5 24 90.8 10.5 10.4 11 12.1 13.1 15.1 15.6 15.3 14.3 13.3 12.6 12 11.3
Coefficients are (row-wise by formant):
651.8 -106.3 -44.4 -35.3 -16.1 -5
1534.3 53.3 -8.6 -9.7 14.5 1.2
2486.9 52.8 21 -4 -33.9 -9.9
