KLH063a_5014 analysis information:
Number of steps:
20
Cutoff frequencies were: 
4500 4579 4658 4737 4816 4895 4974 5053 5132 5211 5289 5368 5447 5526 5605 5684 5763 5842 5921 6000
Number of coefficients for prediction: 
5
Number of formants: 
3
Winner is:
5211 5211 5211
Errors (total,f1,f2,f3): 
115.7 119 55.8 61.1 44.4 47.8 50.5 49.6 43.8 37.7 38 40.5 42.5 45.7 53.3 65.3 418.7 552.9 909.2 1183.1
3.2 3.2 4 4.3 4.2 4.7 6.2 6.7 6.5 6.7 7.2 7.4 8.4 9 12.1 18 67 80.9 94.4 77.1
18 19.7 24.6 27.3 33.2 36.4 37.2 35.4 29.6 23 23.9 25.4 26.2 28 31.4 36 212.8 287 505 670.2
94.5 96.1 27.2 29.5 7 6.7 7.1 7.5 7.7 8 6.9 7.7 7.9 8.7 9.8 11.3 138.9 185 309.8 435.8
Coefficients are (row-wise by formant):
308 1.9 22.1 -15.2 18 1.4
864.8 73.7 67.9 36.5 47.8 22.2
2421.4 -2.2 -1.8 18.2 -9.6 -1.9
