KLH063a_2814 analysis information:
Number of steps:
20
Cutoff frequencies were: 
4500 4579 4658 4737 4816 4895 4974 5053 5132 5211 5289 5368 5447 5526 5605 5684 5763 5842 5921 6000
Number of coefficients for prediction: 
5
Number of formants: 
3
Winner is:
5605 5605 5605
Errors (total,f1,f2,f3): 
74.3 71.4 68.5 64.4 65.9 68.3 72.2 76.1 88.8 81.7 72.6 68.5 69.5 64.7 63 65.8 68.8 70.7 77.6 92.3
16.9 16.3 15.5 14.7 13.5 13.6 13.1 12.6 12.3 11.6 11.2 11.2 11.3 10.8 11.4 11.4 11.9 13.1 15 16.8
17.4 16.4 16.6 16 14.9 14.8 14.2 13.7 14.2 16.4 18.6 20.7 21.7 23 23.4 24.9 26.8 28.8 34.6 47.4
40 38.7 36.4 33.7 37.5 39.9 44.9 49.8 62.3 53.7 42.8 36.6 36.5 30.9 28.2 29.5 30.1 28.8 28 28.1
Coefficients are (row-wise by formant):
402.1 -121.2 24 10.8 -17.7 -1.9
1113.6 98.6 142.4 0.6 -1.5 7.3
2555.3 70.9 -37.3 31.7 -17.2 7.3
