KLH063a_1783 analysis information:
Number of steps:
20
Cutoff frequencies were: 
4500 4579 4658 4737 4816 4895 4974 5053 5132 5211 5289 5368 5447 5526 5605 5684 5763 5842 5921 6000
Number of coefficients for prediction: 
5
Number of formants: 
3
Winner is:
5447 5447 5447
Errors (total,f1,f2,f3): 
170.3 131.1 140.6 81.2 86.2 84.1 86.8 94.6 85.2 80 74.6 72 71.2 74.1 78 82.3 82.7 256.5 254.9 253.9
10 9.9 9.6 9.6 9.6 9.3 9 8.9 8.8 8.7 9.1 9.5 10.3 11.6 13.7 17.3 16.2 98.3 98.8 99.5
57.1 51.1 68.7 34.8 34.6 35.3 35.5 34.3 31.9 28 25.3 24.3 24.7 25 24.8 23.4 23.5 49 47.7 46.9
103.2 70.1 62.3 36.8 42 39.5 42.3 51.4 44.5 43.3 40.2 38.2 36.2 37.5 39.5 41.6 43 109.2 108.4 107.5
Coefficients are (row-wise by formant):
384.5 24.7 -29.5 -27.8 -8.8 0.9
1946.9 -25.5 -77.6 43 -17.4 -15.6
2471.8 -39.7 -79.4 -53 7.4 -57
