KLH063a_2015 analysis information:
Number of steps:
20
Cutoff frequencies were: 
4500 4579 4658 4737 4816 4895 4974 5053 5132 5211 5289 5368 5447 5526 5605 5684 5763 5842 5921 6000
Number of coefficients for prediction: 
5
Number of formants: 
3
Winner is:
5526 5526 5526
Errors (total,f1,f2,f3): 
188.7 128.4 170.4 130.2 64.8 52.4 49.4 49.9 43 35.6 25.9 16.9 15.2 14.5 14.7 14.6 14.8 15.2 15.3 15.6
4.2 4.3 9.7 4.5 4.1 3.8 3.5 3.3 3.4 3.4 3.3 3.3 3.1 2.9 3 2.7 2.6 2.5 2.4 2.5
30.6 11 44.7 12.1 11.6 11.3 10.7 10.4 10.3 9.6 8.7 7.9 6.9 6.4 6.4 6.5 6.6 6.9 7 7.3
153.9 113.1 116 113.6 49.1 37.3 35.2 36.2 29.3 22.6 13.9 5.7 5.2 5.2 5.3 5.4 5.6 5.8 5.9 5.8
Coefficients are (row-wise by formant):
443 -73 -69 -23.7 -1.7 14.6
1280.9 229.8 28.1 -10.2 22.6 0.4
2544.2 47.4 31.3 15.4 -24.2 -12.5
