KLH063c_0153 analysis information:
Number of steps:
20
Cutoff frequencies were: 
4500 4579 4658 4737 4816 4895 4974 5053 5132 5211 5289 5368 5447 5526 5605 5684 5763 5842 5921 6000
Number of coefficients for prediction: 
5
Number of formants: 
3
Winner is:
5447 5447 5447
Errors (total,f1,f2,f3): 
50.3 46.7 47.4 53.2 51 72.7 76 77.3 70.6 53.5 52.1 43.1 42.2 44 44.7 44.1 46.1 51.6 182.8 258.9
10.9 11.2 12.4 12.7 13 12.6 13.4 14.8 16.9 19.7 26.9 23.5 22.5 24.1 24 22.9 23.4 27.1 51.1 61.5
6 5.7 5.4 5.3 5.7 6.2 6.9 7.7 9.1 11 12.4 13.2 13.5 13.6 13.7 13.4 13.2 13 88.9 136.7
33.4 29.8 29.6 35.2 32.3 53.9 55.7 54.8 44.6 22.8 12.8 6.4 6.2 6.3 7 7.8 9.5 11.5 42.8 60.7
Coefficients are (row-wise by formant):
682.5 22.8 -34.2 -51.5 -38.7 8.1
1194.1 32.2 -66.9 20 -3 -8
2647.5 -58.9 -5.5 33.8 29.5 -4.1
