KLH063a_4025 analysis information:
Number of steps:
20
Cutoff frequencies were: 
4500 4579 4658 4737 4816 4895 4974 5053 5132 5211 5289 5368 5447 5526 5605 5684 5763 5842 5921 6000
Number of coefficients for prediction: 
5
Number of formants: 
3
Winner is:
5684 5684 5684
Errors (total,f1,f2,f3): 
17.1 17.2 18.3 20 20.3 20.5 20.1 19.5 18.6 17.3 17.1 17.5 18.7 17.4 15.8 14.2 15.1 16.5 19.9 26
3.6 3.7 3.8 3.8 4 4.2 4.2 4.3 4.4 4.4 4.3 4.2 4.2 4.4 4.3 4.2 4.3 4.1 3.8 3.5
1.7 1.9 2.6 2.9 3.4 3.7 3.9 4 4.1 3.9 3.9 3.7 3.9 4 4.2 4.6 5.4 6.7 9.1 13.4
11.8 11.6 11.9 13.3 12.9 12.6 12 11.2 10.1 9 8.9 9.6 10.6 9 7.3 5.4 5.4 5.7 7 9.1
Coefficients are (row-wise by formant):
616.8 24.1 -26.5 0.3 -4.5 -1
1291.8 40.9 -19.7 16.7 -8.5 11.6
2586.8 181.1 -28 51.8 -53.4 -2.5
