KLH063a_3938 analysis information:
Number of steps:
20
Cutoff frequencies were: 
4500 4579 4658 4737 4816 4895 4974 5053 5132 5211 5289 5368 5447 5526 5605 5684 5763 5842 5921 6000
Number of coefficients for prediction: 
5
Number of formants: 
3
Winner is:
6000 6000 6000
Errors (total,f1,f2,f3): 
85.6 99.5 76.9 98.3 286.1 97.9 88.3 108.6 135.7 121.8 112.5 96.7 81.6 75 77.5 188.9 206.4 140.1 81.7 55.1
3.7 3.7 3.8 3.9 4 4.1 4.1 4 3.9 3.9 3.9 3.8 3.8 3.9 4.1 4.2 4.6 5.2 5.9 7.3
61.9 72.3 48.6 66.2 187.2 58.8 53.1 68.8 91.8 78.9 67.7 43.1 36.2 32.1 30.1 21.4 10.4 10.2 10.2 10.6
20 23.5 24.5 28.2 94.9 35 31.1 35.8 40 39 40.9 49.8 41.6 39 43.3 163.3 191.4 124.7 65.6 37.2
Coefficients are (row-wise by formant):
308.6 -12.4 3.1 -19.9 -4.6 -17.7
2139 -48.1 -31.1 -4.8 18.9 -11.2
3115.8 -2.1 -173.2 35.9 -38.5 -21.2
