KLH063a_2712 analysis information:
Number of steps:
20
Cutoff frequencies were: 
4500 4579 4658 4737 4816 4895 4974 5053 5132 5211 5289 5368 5447 5526 5605 5684 5763 5842 5921 6000
Number of coefficients for prediction: 
5
Number of formants: 
3
Winner is:
4895 4895 4895
Errors (total,f1,f2,f3): 
42 116.7 118.9 80.7 36.8 23 26.9 29.7 31.1 31.3 31 30.7 30.7 30.8 31.4 31.7 32.3 33.5 34.9 36.4
6.6 6.5 6 6.1 7 8 9 9.9 10.4 10.6 10.5 10.3 9.9 9.2 8.9 8.4 7.8 7.4 7.1 6.8
2.6 2.7 3 3.4 5.2 7.4 9.7 11.8 13.2 13.9 14.2 14.2 14 13.5 13.4 13.3 13.4 13.8 14.6 15.7
32.8 107.5 109.9 71.2 24.6 7.6 8.2 8 7.5 6.8 6.3 6.2 6.8 8.1 9.1 10 11.1 12.3 13.2 13.9
Coefficients are (row-wise by formant):
600.5 61.8 -27.3 6.1 -13.6 0
1109.9 24.7 7 0 -12 -10.4
2590.5 1.5 -19.1 -1 -9 -11.2
