KLH063a_0005 analysis information:
Number of steps:
20
Cutoff frequencies were: 
4500 4579 4658 4737 4816 4895 4974 5053 5132 5211 5289 5368 5447 5526 5605 5684 5763 5842 5921 6000
Number of coefficients for prediction: 
5
Number of formants: 
3
Winner is:
5289 5289 5289
Errors (total,f1,f2,f3): 
115.5 113.1 115.6 113.7 121.4 117.9 114.3 108.1 98.4 88.9 88.5 92.7 108.8 138.6 183.1 259.6 355.9 408.1 429.7 450.9
9.2 9 8.2 7.9 7.8 7.8 7.5 7.6 7.7 7.6 8.2 9 10.1 11.2 12.1 13 18.3 12 11.8 11.5
43.7 45.1 49.2 51.6 55.1 57.7 58.3 58.4 56.6 49.4 47.8 44.8 47.5 52.4 77.4 138.5 217.4 267 283.6 297.8
62.6 59 58.2 54.2 58.5 52.4 48.5 42.1 34.1 31.9 32.5 38.9 51.2 75 93.6 108.1 120.2 129.1 134.3 141.6
Coefficients are (row-wise by formant):
576.4 -21.2 -4.4 -9.2 -4.9 -3.7
926.7 70.5 124.8 38.1 63 -18.3
2480.8 -7.1 -11 -54.5 28.6 9.5
