KLH063a_3104 analysis information:
Number of steps:
20
Cutoff frequencies were: 
4500 4579 4658 4737 4816 4895 4974 5053 5132 5211 5289 5368 5447 5526 5605 5684 5763 5842 5921 6000
Number of coefficients for prediction: 
5
Number of formants: 
3
Winner is:
5211 5211 5211
Errors (total,f1,f2,f3): 
304.1 197.1 171.2 163.8 146.8 140.8 133.3 191.4 131.8 122.6 135.6 162.4 192.5 439.9 451.3 407.6 325.7 309.3 299.2 631.9
41.4 23.3 5.6 5.8 6.2 6.5 6.6 6.3 6.1 4.5 5.8 8.7 20.9 19.1 36.9 22.9 21.1 35.6 32.3 38.8
157.4 97.8 91.9 90.2 95.2 97.9 115.6 166.4 117.9 107.5 115 120.2 114.3 338.1 330.4 273.6 211.9 215.4 184.7 424.8
105.3 76 73.7 67.8 45.4 36.4 11.1 18.7 7.8 10.6 14.8 33.5 57.3 82.7 84 111.1 92.7 58.3 82.2 168.3
Coefficients are (row-wise by formant):
631.4 70.7 42 13.3 -9.6 -15.6
1218.1 -558.6 357.4 158.2 -115.2 65.6
2656.7 -24.3 58.4 -11.6 -22.1 2.8
