KLH063a_0314 analysis information:
Number of steps:
20
Cutoff frequencies were: 
4500 4579 4658 4737 4816 4895 4974 5053 5132 5211 5289 5368 5447 5526 5605 5684 5763 5842 5921 6000
Number of coefficients for prediction: 
5
Number of formants: 
3
Winner is:
4974 4974 4974
Errors (total,f1,f2,f3): 
59.5 61.7 41.5 43.9 43.3 38.8 35.9 38.5 45.2 47.8 49.7 49.3 49.3 50.7 64.2 68.5 68.1 67.3 60.7 45.5
3.7 3.3 3.3 2.9 2.9 3.4 3.4 3.3 3.6 3.9 4 4.1 4.4 4.5 4.5 4.8 4.8 4.8 4.9 5.3
5.8 7 8.3 8.2 7.8 8.2 7.5 6.3 6.3 6.4 6.5 6.4 6.9 9.3 20.1 23 29.5 32.2 30.8 19.4
50 51.4 29.9 32.8 32.6 27.2 25 28.9 35.3 37.5 39.2 38.8 38 36.9 39.6 40.7 33.8 30.3 25 20.8
Coefficients are (row-wise by formant):
564.7 -4.7 -19.7 3.2 4.1 8
960 41.9 -33.5 -9.1 4.3 -12.3
2414.4 85.4 -80.8 -45.4 -33.6 -25.4
