KLH063a_3793 analysis information:
Number of steps:
20
Cutoff frequencies were: 
4500 4579 4658 4737 4816 4895 4974 5053 5132 5211 5289 5368 5447 5526 5605 5684 5763 5842 5921 6000
Number of coefficients for prediction: 
5
Number of formants: 
3
Winner is:
5763 5763 5763
Errors (total,f1,f2,f3): 
18.4 15.6 16.9 17.2 18.7 18.5 18.2 18.6 19.9 21.5 22.3 23.7 24.5 26.9 16 11 10 10.5 12.4 14.8
2.7 3 3 3 3.2 3.3 3.3 3.3 3.4 3.4 3.3 3.2 3.2 3 2.9 2.7 2.6 2.3 2.3 2.2
2 2.3 2.3 2.5 2.7 3 2.9 3.1 3.4 3.7 3.8 3.8 3.6 3.3 3.2 3.2 3.9 5.3 7.7 10.3
13.7 10.3 11.6 11.7 12.8 12.2 12 12.2 13.1 14.4 15.2 16.7 17.7 20.6 9.9 5.1 3.5 2.9 2.4 2.3
Coefficients are (row-wise by formant):
395.6 -23.2 11.6 -10.1 10.4 -4
1237.5 127.3 -9.1 7.3 6.2 9.6
2504 -55.1 -2.3 10.7 34 5.7
