KLH063a_2629 analysis information:
Number of steps:
20
Cutoff frequencies were: 
4500 4579 4658 4737 4816 4895 4974 5053 5132 5211 5289 5368 5447 5526 5605 5684 5763 5842 5921 6000
Number of coefficients for prediction: 
5
Number of formants: 
3
Winner is:
5921 5921 5921
Errors (total,f1,f2,f3): 
19.8 18.7 17.9 20.4 18.8 19.1 19.5 19.5 18.7 19.5 20.8 23.4 23.7 24.2 25.8 22.2 17.2 12.1 11 17.6
3.7 3.7 3.4 2.9 2.8 2.3 1.8 1.7 1.6 1.7 1.6 1.6 1.5 1.5 1.5 1.4 1.4 1.3 1.3 1.3
3.8 3.7 3.7 4.2 4.2 4.3 4.9 4.4 4 4 4.1 4.5 4.1 3.8 3.8 3.9 2.6 2.6 2.1 2.3
12.3 11.3 10.8 13.3 11.8 12.5 12.8 13.4 13.1 13.8 15.1 17.3 18.1 18.9 20.5 16.9 13.2 8.2 7.6 14
Coefficients are (row-wise by formant):
440.8 56.6 -20.8 -9.3 -1.1 6.7
1787 -57.2 -3.5 -28.9 32.4 -5
2415.4 -63.9 -39.2 48.6 40.3 -60.4
