KLH063a_5137 analysis information:
Number of steps:
20
Cutoff frequencies were: 
4500 4579 4658 4737 4816 4895 4974 5053 5132 5211 5289 5368 5447 5526 5605 5684 5763 5842 5921 6000
Number of coefficients for prediction: 
5
Number of formants: 
3
Winner is:
6000 6000 6000
Errors (total,f1,f2,f3): 
151.4 159 186.6 158.9 125.4 105 106.6 106 96.5 84.5 82.6 78.3 67 62.7 67.4 63.6 59.5 56.7 53.1 50.2
8.7 8.9 9.2 9.2 9.5 10.5 11.6 12.8 13.9 15.1 16.1 17 17.6 17.5 16.2 15.7 14.9 14.5 14.7 14.9
8.7 9.5 9.6 9.4 8.8 7.8 6.9 6.1 5.4 4.9 4.9 4.7 4.9 4.8 5.1 5.3 5.4 5.5 5.7 6
134 140.6 167.8 140.3 107.1 86.7 88.1 87.1 77.2 64.5 61.6 56.6 44.5 40.4 46.1 42.6 39.2 36.7 32.7 29.3
Coefficients are (row-wise by formant):
714.5 47.4 -9.8 -16.5 -18 -0.8
1077 71 -14.1 -14.7 -6.6 -14.1
2839.3 -60.7 2.1 -27.8 -35.8 -15.4
