KLH063a_4648 analysis information:
Number of steps:
20
Cutoff frequencies were: 
4500 4579 4658 4737 4816 4895 4974 5053 5132 5211 5289 5368 5447 5526 5605 5684 5763 5842 5921 6000
Number of coefficients for prediction: 
5
Number of formants: 
3
Winner is:
5053 5053 5053
Errors (total,f1,f2,f3): 
82 70 47.1 46.1 32.3 14.8 15.2 14.3 14.6 14.6 15 15.2 15.7 17.6 23.6 29.2 33.5 44 58 70.6
2.5 2.8 3 3.2 3 3 3.1 3.1 3.1 3 3 3.1 3.4 3.6 4 4.9 5.9 7.7 10.8 15.7
6.6 3.8 5.2 6.5 5.7 5.1 4.2 3.8 4.5 5.3 6.6 7.4 8.4 10.5 14.8 18.8 21.5 27.9 35.8 41.2
72.9 63.4 38.9 36.4 23.6 6.7 7.9 7.4 7 6.3 5.4 4.7 3.9 3.5 4.8 5.5 6.1 8.4 11.4 13.7
Coefficients are (row-wise by formant):
324.8 1.4 10.2 -10.2 6.1 1
1535.6 123.3 42.5 9.3 33 -8.4
2396.2 -4.2 8.9 9.4 17.4 -26.9
