KLH063a_0702 analysis information:
Number of steps:
20
Cutoff frequencies were: 
4500 4579 4658 4737 4816 4895 4974 5053 5132 5211 5289 5368 5447 5526 5605 5684 5763 5842 5921 6000
Number of coefficients for prediction: 
5
Number of formants: 
3
Winner is:
5526 5526 5526
Errors (total,f1,f2,f3): 
269.8 250.9 275.3 129.3 88.9 103.5 64.4 30.2 34 31.1 29.9 29.4 28.6 25 25.3 28.2 30.9 292.5 237.4 227.7
18.5 4.9 12 7 6.9 5.7 6.1 5.1 6.1 6.4 6.5 6.2 6.2 6.8 7.3 9.5 14 67.6 49.3 45.4
66.6 26.9 68.7 12.7 11.1 15 16.9 13.1 15.5 14.4 13.7 12.9 11.1 7.9 9.5 8.3 8.1 128.3 108.9 105.8
184.7 219.1 194.6 109.6 70.9 82.8 41.4 12 12.4 10.3 9.7 10.3 11.3 10.3 8.5 10.4 8.8 96.6 79.2 76.5
Coefficients are (row-wise by formant):
465.4 114.7 -56.3 10.7 -6.4 -7.8
1078.6 -14.5 18.4 39.7 -5.8 17
2550.4 45.3 -2.2 49.9 23.5 25.4
