KLH063a_2079 analysis information:
Number of steps:
20
Cutoff frequencies were: 
4500 4579 4658 4737 4816 4895 4974 5053 5132 5211 5289 5368 5447 5526 5605 5684 5763 5842 5921 6000
Number of coefficients for prediction: 
5
Number of formants: 
3
Winner is:
5132 5132 5132
Errors (total,f1,f2,f3): 
173.2 129.3 102.3 95.8 77.7 59.2 49.3 46.8 44.6 44.6 46.8 50.9 56.6 62.9 68.4 74.1 81.3 90.1 98.3 106.1
7.1 7.2 7.4 7.4 7.1 6.7 6.5 6.3 6.6 7.2 7.9 8.9 10.2 11.9 13.4 15.6 17.7 20.2 22.4 24.9
14.7 15.8 16 16 16.1 15.7 15.4 15.2 15.4 15.5 16 16.6 17.7 19.1 20.7 22.9 26 29.9 34.4 38.9
151.4 106.3 78.9 72.4 54.5 36.8 27.4 25.3 22.6 21.9 22.9 25.4 28.7 31.9 34.3 35.6 37.6 40 41.5 42.3
Coefficients are (row-wise by formant):
675.7 -50.8 -41.7 -34.8 -16.4 -5.4
1224 76.9 25 17.3 8.3 9.6
2533.4 -91.6 -16.3 -51.6 -40.3 -28.2
