KLH016e_0284 analysis information:
Number of steps:
20
Cutoff frequencies were: 
5400 5437 5474 5511 5547 5584 5621 5658 5695 5732 5768 5805 5842 5879 5916 5953 5989 6026 6063 6100
Number of coefficients for prediction: 
5
Number of formants: 
3
Winner is:
5879 5879 5879
Errors (total,f1,f2,f3): 
26.2 26.2 25.5 24.9 24.3 24.1 23.8 23.3 22.6 22.2 21.5 21 20.1 19.7 20 21 21.8 24 26.6 28.9
0.7 0.6 0.6 0.5 0.4 0.4 0.3 0.2 0.2 0.2 0.3 0.4 0.5 0.5 0.6 0.8 1 1.2 1.4 1.6
10.5 10.4 10.3 10 9.8 9.8 9.7 9.6 9.3 9.2 8.9 8.8 8.4 8.2 8.6 9.1 9.4 10.4 12 12.8
15 15.2 14.6 14.4 14.1 13.9 13.8 13.5 13.1 12.8 12.3 11.8 11.2 11 10.8 11.1 11.4 12.4 13.2 14.5
Coefficients are (row-wise by formant):
422.6 -3.4 2.8 -2 2.7 -1.4
1480.8 269.9 76.7 -5.5 -1.4 7.4
2433.2 7.5 3.2 -0.5 32.6 -22.3
