KLH016e_0270 analysis information:
Number of steps:
20
Cutoff frequencies were: 
5400 5437 5474 5511 5547 5584 5621 5658 5695 5732 5768 5805 5842 5879 5916 5953 5989 6026 6063 6100
Number of coefficients for prediction: 
5
Number of formants: 
3
Winner is:
5400 5400 5400
Errors (total,f1,f2,f3): 
73.9 80.5 87.2 96.4 106.9 120.8 139.1 163.7 188.9 208.7 241.3 265.7 300.9 370 436.6 400.5 332.7 359 350.2 225.6
7.2 8 8.9 10.1 11.5 13.4 16.2 23.3 27.6 31.8 35.7 35.7 53.4 45.8 47.2 61.1 36.7 53.6 58.8 37.1
16.2 16.8 17.7 18.6 19.7 21.1 23.4 26.4 32.7 41.1 54.8 69.1 78.8 110.7 154.3 168.1 157 163.1 150.6 96.9
50.5 55.7 60.6 67.7 75.7 86.3 99.5 114 128.6 135.8 150.8 160.9 168.7 213.5 235.1 171.3 139 142.3 140.8 91.6
Coefficients are (row-wise by formant):
595.3 -7.9 -54.9 13.6 -17.5 9.8
1169.7 -66.1 -35 4.4 -8.8 -9.2
2331.6 -56.4 -143.5 -80 -7.5 39.3
