KLH016b_0044 analysis information:
Number of steps:
20
Cutoff frequencies were: 
5400 5437 5474 5511 5547 5584 5621 5658 5695 5732 5768 5805 5842 5879 5916 5953 5989 6026 6063 6100
Number of coefficients for prediction: 
5
Number of formants: 
3
Winner is:
5400 5400 5400
Errors (total,f1,f2,f3): 
30.7 30.8 31.8 32.9 34.2 35.2 38.7 41.8 45.6 46.5 56.2 54.1 57.8 63.2 81.2 77.9 309.6 381.5 384.9 394
5.7 4.5 4.1 3.8 3.9 4 4.3 4.7 5.2 6 7 7.8 9.1 11.4 20.3 16.4 56 72.4 74.5 78.1
8.4 10 11 12.2 12.7 12.8 13.5 14.4 15.3 15.9 16.9 17.2 17.3 17.9 19 20.1 131.1 161.8 164.5 168.4
16.6 16.3 16.7 16.9 17.6 18.4 20.9 22.7 25.1 24.6 32.3 29.1 31.4 33.9 41.9 41.4 122.5 147.3 145.9 147.5
Coefficients are (row-wise by formant):
461.4 -0.8 -68.1 -6.5 -27.3 5.2
1387.1 -226.4 -60 10.3 -15.4 -2.2
2317.8 -56.8 10.9 7.5 -11.2 -8.9
