KLH016e_0333 analysis information:
Number of steps:
20
Cutoff frequencies were: 
5400 5437 5474 5511 5547 5584 5621 5658 5695 5732 5768 5805 5842 5879 5916 5953 5989 6026 6063 6100
Number of coefficients for prediction: 
5
Number of formants: 
3
Winner is:
5400 5400 5400
Errors (total,f1,f2,f3): 
385.7 419.9 419.8 447.8 452 466.4 463.6 472.4 451.6 433.5 420.1 407.6 419.5 410.4 365.5 366.7 517.1 562.4 702.3 733.6
16.5 14.3 14.2 15.4 14.6 14 16.1 18.8 16.8 18.3 18.6 22.2 24.3 26.3 26.4 28.6 41.9 58.5 59.3 68.3
216.4 247.7 244.9 262.8 269.9 265.1 274.7 269.6 247.5 221.3 206.7 186.9 194.8 179 147.5 147.9 200.4 213.3 285.7 277.6
152.8 157.9 160.7 169.6 167.5 187.3 172.8 184 187.3 193.9 194.8 198.5 200.4 205.1 191.6 190.2 274.8 290.6 357.3 387.7
Coefficients are (row-wise by formant):
452.6 173.4 11.3 -35.6 -19.1 17.4
1149.8 -0.1 37.3 -80.2 24.7 20.8
2425.6 -241.1 11.9 60.9 -59.8 59.2
