KLH016e_0493 analysis information:
Number of steps:
20
Cutoff frequencies were: 
5400 5437 5474 5511 5547 5584 5621 5658 5695 5732 5768 5805 5842 5879 5916 5953 5989 6026 6063 6100
Number of coefficients for prediction: 
5
Number of formants: 
3
Winner is:
5732 5732 5732
Errors (total,f1,f2,f3): 
389.5 404.2 433.3 427.9 457.1 373.2 341.7 281.1 172.4 169.7 195.2 233.1 213.7 202.8 194.2 189.3 202.3 204.7 206.1 217.9
16 15.8 14.7 14.8 14.5 14.5 14.6 14.7 14.9 15.1 15.4 15.6 16 16.3 16.6 16.7 16.8 16.9 17 17.1
195.7 194.9 202 163 159.1 131.8 115 126.8 69.6 62 58 64.7 40.4 34.7 33.1 32.3 34.2 34.7 36 37.4
177.8 193.5 216.6 250.1 283.5 226.9 212.1 139.6 87.9 92.6 121.8 152.8 157.3 151.8 144.5 140.3 151.3 153.1 153.1 163.4
Coefficients are (row-wise by formant):
494.9 110.1 -1.2 -46.9 -12.7 -2.9
2059.8 -545.8 -127.7 -46.6 0.4 -90.6
2870.5 -292.4 -290.3 208.6 105.5 -253.3
