KLH016b_0720 analysis information:
Number of steps:
20
Cutoff frequencies were: 
5400 5437 5474 5511 5547 5584 5621 5658 5695 5732 5768 5805 5842 5879 5916 5953 5989 6026 6063 6100
Number of coefficients for prediction: 
5
Number of formants: 
3
Winner is:
5400 5400 5400
Errors (total,f1,f2,f3): 
249.7 249.8 250.8 248.3 251.2 310.4 254.6 256.4 316.5 322.3 329.6 304.7 434.8 605.6 584.3 517.9 498 479.7 260.9 244
23 22.4 22.6 22.7 27 26.6 25.1 27.5 27.2 28.5 31.1 23 33.7 43.8 20.3 35 33.6 21.2 12.9 12.1
129.3 130.7 130.7 130.2 129.3 164.3 134 133.9 171.1 175.3 180 174.3 238.8 330.1 330.1 282.2 282.5 266.6 147.4 140
97.4 96.7 97.5 95.4 94.9 119.5 95.5 95 118.2 118.5 118.5 107.4 162.3 231.7 233.9 200.7 181.9 191.9 100.6 91.9
Coefficients are (row-wise by formant):
454.4 38.1 -1 3.7 3.5 17.7
995.3 71.2 -21.5 137.3 114.8 67.6
2418.1 19.7 64.3 61.4 90.4 72.2
