KLH016a_0871 analysis information:
Number of steps:
20
Cutoff frequencies were: 
5400 5437 5474 5511 5547 5584 5621 5658 5695 5732 5768 5805 5842 5879 5916 5953 5989 6026 6063 6100
Number of coefficients for prediction: 
5
Number of formants: 
3
Winner is:
5547 5547 5547
Errors (total,f1,f2,f3): 
93.9 93.8 91.5 88.4 85.3 85.5 85.6 85.7 86.9 87.1 88.6 90 92.4 94.7 97.3 99.2 102 104.9 107.8 110.8
10.4 10.2 10.1 10 9.9 10 10 9.9 9.9 9.9 10 10.1 10.1 10.1 10.3 10.6 10.8 11.1 11.5 12
43.7 44.7 44.9 45 44.4 44.2 43.7 42.8 41.7 39.9 38.7 37.5 36.3 35.9 35.6 35.4 34.9 35 35 34.9
39.8 38.9 36.5 33.4 31 31.3 31.9 33 35.3 37.3 39.9 42.4 46 48.7 51.4 53.2 56.3 58.8 61.3 63.9
Coefficients are (row-wise by formant):
395.1 82 46.9 -22.4 -7.1 -14.2
1874.5 -395.1 -291.7 -37.1 0.7 50.4
2457.3 -18.4 -153.6 104.5 -19.3 -33.9
