KLH016a_1193 analysis information:
Number of steps:
20
Cutoff frequencies were: 
5400 5437 5474 5511 5547 5584 5621 5658 5695 5732 5768 5805 5842 5879 5916 5953 5989 6026 6063 6100
Number of coefficients for prediction: 
5
Number of formants: 
3
Winner is:
5400 5400 5400
Errors (total,f1,f2,f3): 
70.8 71.5 72.7 74.8 121.1 231.7 231.3 245.6 257.8 257.1 268.7 268.4 281 290.6 323.1 342.2 351.9 339.1 335.8 340.2
19.3 19.9 20.9 22.7 27.6 50 48.9 50.8 51.9 50.8 52.6 52.5 55.3 57.4 64.1 67.9 70.7 66.1 65.8 70
25 24.9 24.9 25 43.9 84.4 84.5 90.3 95.6 95.6 100.5 100.5 105.5 108.9 120.4 126.7 129.6 125.2 123.5 123.5
26.5 26.7 26.9 27.1 49.6 97.3 97.9 104.5 110.3 110.7 115.6 115.4 120.2 124.3 138.6 147.6 151.6 147.8 146.5 146.7
Coefficients are (row-wise by formant):
455.2 79 -39.2 35.7 -1 0.9
1211 85.5 75.3 73.7 35.7 20.2
2270.7 -18 25.8 22.5 31.5 9.6
