KLH016e_0065 analysis information:
Number of steps:
20
Cutoff frequencies were: 
5400 5437 5474 5511 5547 5584 5621 5658 5695 5732 5768 5805 5842 5879 5916 5953 5989 6026 6063 6100
Number of coefficients for prediction: 
5
Number of formants: 
3
Winner is:
5400 5400 5400
Errors (total,f1,f2,f3): 
32 35.3 40.8 54.1 50.5 71 81.4 86.8 90.7 93.8 209.3 111.6 116.6 129.3 140.7 148.8 152.9 157.8 171.9 179.4
4.7 5.2 7.5 17.2 10.5 20.8 20.4 19.9 19.1 18.4 29.6 28.9 28.6 28.3 27.8 27.4 27.1 27.1 27.5 27.7
10.9 11.8 12.9 13.8 14.8 22.6 30.3 34.9 37.3 39.1 97.1 43 47.7 60 71 79.8 87.1 95.7 110 120.5
16.4 18.3 20.4 23.1 25.2 27.6 30.7 32 34.3 36.3 82.6 39.7 40.3 41 41.9 41.6 38.7 35 34.4 31.2
Coefficients are (row-wise by formant):
517.6 -10.8 -45 13.9 -4 9.9
1065.1 7.6 -75.5 7.9 -15.2 3.7
2197.6 -1 26.9 11.3 11.3 -10.9
