KLH016c_1162 analysis information:
Number of steps:
20
Cutoff frequencies were: 
5400 5437 5474 5511 5547 5584 5621 5658 5695 5732 5768 5805 5842 5879 5916 5953 5989 6026 6063 6100
Number of coefficients for prediction: 
5
Number of formants: 
3
Winner is:
5621 5621 5621
Errors (total,f1,f2,f3): 
30.7 30.1 30.8 32 31.2 29.4 27.5 33.7 38.9 93.7 114 122.3 125.7 125.9 120.6 125.8 128.4 124 121.8 122.3
3.2 3.1 3.2 3.1 3 2.8 2.6 2.8 8.2 57.2 71.4 75.6 74 72.5 66.1 69.4 71.1 65.2 61.7 61.5
17.9 17.9 18.5 19.3 19.8 19.5 18.6 19.6 25.2 30.8 37.1 40.9 45.9 47.6 48.8 50.8 51.8 53.5 55 56
9.6 9.1 9.1 9.6 8.4 7.1 6.3 11.3 5.5 5.7 5.5 5.8 5.8 5.8 5.7 5.6 5.5 5.3 5.1 4.8
Coefficients are (row-wise by formant):
420.4 -45.1 -25.1 -9.4 -9.7 -1.6
1263.1 142.1 112.2 38.3 54.2 23.5
2333.4 3 37.9 8.9 16 -4.4
