KLH016e_0110 analysis information:
Number of steps:
20
Cutoff frequencies were: 
5400 5437 5474 5511 5547 5584 5621 5658 5695 5732 5768 5805 5842 5879 5916 5953 5989 6026 6063 6100
Number of coefficients for prediction: 
5
Number of formants: 
3
Winner is:
5547 5547 5547
Errors (total,f1,f2,f3): 
41.2 39 36.6 36.6 35.7 36.7 37.9 40 40.8 43 42.9 43.9 43.6 43.8 44.3 45.1 48 48.8 50.3 51.7
5.8 5.8 5.8 6 5.9 6 6 6 5.8 5.9 5.8 5.8 5.7 5.8 5.6 5.7 5.6 5.6 5.5 5.4
6.5 6.6 6.5 6.6 6.5 6.5 6.4 6.4 6.1 6.1 5.9 5.9 5.6 5.6 5.3 5.3 5.1 5 4.9 4.8
28.9 26.6 24.3 24 23.3 24.2 25.5 27.6 28.9 31 31.2 32.2 32.3 32.4 33.4 34.1 37.3 38.2 39.9 41.5
Coefficients are (row-wise by formant):
503.4 53.6 -44.9 -0.7 -12.3 1.8
1503.1 -163 -1.5 -25.5 3.3 -0.4
2262.5 29.8 -7.8 -56.1 66.8 -41.5
