KLH016e_0246 analysis information:
Number of steps:
20
Cutoff frequencies were: 
5400 5437 5474 5511 5547 5584 5621 5658 5695 5732 5768 5805 5842 5879 5916 5953 5989 6026 6063 6100
Number of coefficients for prediction: 
5
Number of formants: 
3
Winner is:
5621 5621 5621
Errors (total,f1,f2,f3): 
26.1 25.6 22.5 20.9 19.8 18.9 18.7 19.8 19.7 21.1 22.1 22.8 24.3 27 28.3 30.8 34.3 37.8 41.9 45.8
3.6 3.6 3.6 3.5 3.4 3.4 3.3 3.3 3.3 3.3 3.4 3.5 3.7 3.9 4.2 4.6 5.3 6 7 7.8
5.9 5.9 5.9 5.7 5.4 5.2 5.2 5.1 5.4 5.1 5.2 5.3 5.4 5.6 5.9 6.5 7.3 8.4 9.9 11.2
16.6 16.1 13 11.7 11 10.3 10.2 11.4 11 12.7 13.5 14 15.2 17.5 18.2 19.7 21.7 23.4 25 26.8
Coefficients are (row-wise by formant):
464.5 -25.2 10.9 -0.6 5 -7.7
827.3 9.5 26.3 -1.3 4.8 -9.1
2275.5 29 -20.5 10.4 -33.7 14.3
