KLH016c_1564 analysis information:
Number of steps:
20
Cutoff frequencies were: 
5400 5437 5474 5511 5547 5584 5621 5658 5695 5732 5768 5805 5842 5879 5916 5953 5989 6026 6063 6100
Number of coefficients for prediction: 
5
Number of formants: 
3
Winner is:
5584 5584 5584
Errors (total,f1,f2,f3): 
57.3 56.1 55.1 54.4 53.9 53.5 55.7 60.9 195 295.4 333.4 254.6 266.4 242.1 230.8 239.2 240.9 264.3 266.7 267.7
10.2 10.2 10.2 10.2 10.2 10.8 12.2 16.9 34.6 55.1 67.7 47.7 58.5 48.7 43 47.9 50.4 41.9 42.7 43.6
16.8 16.3 16.3 16.2 16 15.1 15.4 15.7 82.7 130.7 149.8 114.7 115.9 102.7 91 93.8 93.1 101 101 101.6
30.3 29.6 28.6 28 27.7 27.6 28.1 28.3 77.7 109.6 115.9 92.2 92 90.7 96.8 97.5 97.4 121.4 123 122.5
Coefficients are (row-wise by formant):
440.1 -5.2 -51.3 -16.7 -21.9 0.4
1291.4 388.5 94.7 52.3 39.4 23.4
2426.1 137.6 -59.6 -27.4 61.5 38.8
