KLH016b_0299 analysis information:
Number of steps:
20
Cutoff frequencies were: 
5400 5437 5474 5511 5547 5584 5621 5658 5695 5732 5768 5805 5842 5879 5916 5953 5989 6026 6063 6100
Number of coefficients for prediction: 
5
Number of formants: 
3
Winner is:
5400 5400 5400
Errors (total,f1,f2,f3): 
62.2 64.8 78 92.1 116.9 230.5 321.7 217.5 149.4 143.1 144 151.3 147.9 156.7 158.6 163.6 169.3 169.6 168 166.1
3.9 3.6 3.4 3 2.7 2.6 2.4 2.2 2.3 2.6 2.9 3.3 3.8 4.2 4.7 5.2 5.7 6 6.4 6.2
17.8 13 12.8 13.1 14.6 15.5 67 17.5 18.4 19.2 19.7 19.8 18.8 18.7 18.5 17.6 17.4 17.4 17.5 17.1
40.5 48.2 61.8 76 99.6 212.4 252.3 197.8 128.7 121.3 121.4 128.2 125.3 133.8 135.4 140.8 146.2 146.2 144.1 142.8
Coefficients are (row-wise by formant):
518.2 -11.1 -23.2 2.7 -6.7 -8.1
1755.9 -96 -12.6 64.8 0.6 -37.2
2171.6 -86 124.6 -119.2 28.6 56.6
