KLH016e_0351 analysis information:
Number of steps:
20
Cutoff frequencies were: 
5400 5437 5474 5511 5547 5584 5621 5658 5695 5732 5768 5805 5842 5879 5916 5953 5989 6026 6063 6100
Number of coefficients for prediction: 
5
Number of formants: 
3
Winner is:
5400 5400 5400
Errors (total,f1,f2,f3): 
50 52 52.8 54.4 55.2 55 54.3 54.7 55.8 59.2 64.1 72.1 83.3 91.1 100.9 111.5 121.7 118.5 124.6 125.1
9.6 9.6 9.6 9.5 9.5 9.5 9.6 9.6 9.7 9.7 9.8 9.8 9.9 10 10.1 10.1 10.2 10.3 10.3 10.3
25.6 25.7 26.4 26.7 27 26.6 26.3 26.4 26.4 26.2 27.9 29.9 34.4 36.4 39.2 41.7 42.2 42.1 41.8 41.7
14.8 16.7 16.8 18.2 18.7 18.9 18.4 18.7 19.7 23.3 26.4 32.4 39 44.7 51.6 59.7 69.3 66.1 72.5 73.1
Coefficients are (row-wise by formant):
374.5 -50.2 -0.2 -1.8 -0.2 5.2
1618.5 -129.2 -144.7 -48.9 8.6 -53.6
2258.5 127.1 -71.7 -36.1 35.1 -1.2
