KLH016b_0140 analysis information:
Number of steps:
20
Cutoff frequencies were: 
5400 5437 5474 5511 5547 5584 5621 5658 5695 5732 5768 5805 5842 5879 5916 5953 5989 6026 6063 6100
Number of coefficients for prediction: 
5
Number of formants: 
3
Winner is:
5400 5400 5400
Errors (total,f1,f2,f3): 
23.1 24.4 25.8 28.4 29.5 32.2 36.2 37.7 40 42.1 44.1 46.1 48.9 51.5 54.3 56.6 59.9 63 65.6 70.6
3.5 3.5 3.5 3.5 3.5 3.5 3.5 3.5 3.5 3.5 3.5 3.5 3.5 3.5 3.6 3.5 3.6 3.6 3.6 3.7
8.8 8.8 9 9.1 9.4 10.3 11.1 11.5 12.6 13.1 12.7 13.5 13.7 13.7 13.3 13 12.9 12.6 12 11.5
10.8 12.1 13.3 15.8 16.6 18.4 21.6 22.7 23.9 25.5 27.9 29.1 31.7 34.3 37.4 40.1 43.4 46.8 50 55.4
Coefficients are (row-wise by formant):
308.4 -9.9 24.5 11.3 4.9 -1
2052.4 12.1 -55 3.4 -4.5 -0.7
2643.9 26.1 -77.7 8 -21 1.7
