KLH016a_0147 analysis information:
Number of steps:
20
Cutoff frequencies were: 
5400 5437 5474 5511 5547 5584 5621 5658 5695 5732 5768 5805 5842 5879 5916 5953 5989 6026 6063 6100
Number of coefficients for prediction: 
5
Number of formants: 
3
Winner is:
5695 5695 5695
Errors (total,f1,f2,f3): 
44.5 44 41.7 40.7 39.8 37.3 37.1 37 36.2 37.6 40.8 44.4 46.6 51.8 64.6 75.1 68.9 64.3 62 59.8
4 4 4 4 4.1 4.2 4.3 4.3 4.4 4.6 4.8 5 5.2 5.5 5.8 6.1 6.6 7.3 7.8 8.7
15.2 14.7 13.5 13.1 12.2 11.5 11.6 11.3 10.7 10.6 10.6 10.6 10.6 10.5 10.3 10.4 10.5 10.5 10.4 10.3
25.3 25.3 24.2 23.6 23.5 21.6 21.2 21.4 21.1 22.4 25.4 28.8 30.8 35.8 48.5 58.6 51.8 46.5 43.8 40.8
Coefficients are (row-wise by formant):
279 3.8 -14.7 2.7 -8.5 -4.2
2266.3 71.7 -20.2 37.2 -5.3 6.5
2719.1 191.1 92 6.9 38.1 -20.6
