KLH016a_0282 analysis information:
Number of steps:
20
Cutoff frequencies were: 
5400 5437 5474 5511 5547 5584 5621 5658 5695 5732 5768 5805 5842 5879 5916 5953 5989 6026 6063 6100
Number of coefficients for prediction: 
5
Number of formants: 
3
Winner is:
5474 5474 5474
Errors (total,f1,f2,f3): 
340.5 387.3 199.4 201.8 206.2 240 237.7 236.1 285.8 289.5 296 306.1 295.8 275.6 266.1 255.7 248.4 219.2 226.6 223.8
103.8 118.3 55.7 57.8 62.8 69.7 70.1 72.6 79.1 80.6 84.9 69.3 69.4 73.3 62.7 61.2 60.1 52.9 62.3 65.3
130.6 141.8 77.6 77.6 76.7 82.1 80.6 78.5 92.9 92.2 91.4 94.5 92.8 91.3 91.2 89.7 87.9 88.4 81.8 82.8
106.1 127.2 66.1 66.4 66.7 88.2 87 85 113.8 116.7 119.7 142.3 133.6 111 112.2 104.8 100.4 77.9 82.5 75.7
Coefficients are (row-wise by formant):
554 -269.7 166.7 -188.1 105.7 -58
1570.3 -250 316.3 -235.2 171 -77.1
2575.9 -329.9 298.8 -240.4 175.7 -60.9
