KLH016d_0116 analysis information:
Number of steps:
20
Cutoff frequencies were: 
5400 5437 5474 5511 5547 5584 5621 5658 5695 5732 5768 5805 5842 5879 5916 5953 5989 6026 6063 6100
Number of coefficients for prediction: 
5
Number of formants: 
3
Winner is:
6063 6063 6063
Errors (total,f1,f2,f3): 
48.4 48.1 48.6 47.4 47.2 48 47.6 49.5 49.4 49 48.8 49 47.3 48.5 48.1 48 47.1 44.9 43.7 44.4
3.5 3.5 3.5 3.5 3.5 3.5 3.5 3.6 3.6 3.6 3.6 3.5 3.5 3.5 3.5 3.5 3.5 3.5 3.4 3.4
15.5 15.5 15.4 15.1 14.9 14.9 14.7 14.9 14.8 14.6 14.5 14.5 14.3 14.2 14.1 14.2 14.3 14.5 14.8 14.6
29.4 29.1 29.7 28.8 28.8 29.6 29.4 31 31 30.8 30.7 31 29.5 30.8 30.5 30.3 29.3 26.9 25.5 26.4
Coefficients are (row-wise by formant):
270 7.2 5.4 5.9 2 2
2467.9 -17.1 -25.8 23.5 -14.3 -7.4
3047.6 124.9 -0.9 -2.7 -15.4 17.8
