KLH016c_0847 analysis information:
Number of steps:
20
Cutoff frequencies were: 
5400 5437 5474 5511 5547 5584 5621 5658 5695 5732 5768 5805 5842 5879 5916 5953 5989 6026 6063 6100
Number of coefficients for prediction: 
5
Number of formants: 
3
Winner is:
6063 6063 6063
Errors (total,f1,f2,f3): 
339.5 312.7 293.6 301.9 317.3 328.2 338.6 336.1 338.6 320.3 307.7 296 275.3 259.6 233.6 217 197.3 197 175.4 178.3
6 6 5.9 5.9 5.8 5.8 5.7 5.7 5.6 5.6 5.6 5.6 5.6 5.6 5.5 5.5 5.5 5.5 5.5 5.5
163.9 159.9 152.2 159.4 149.3 143.8 144.5 147.5 144.4 136.7 128.8 119.6 106.7 95.2 83.1 68.6 58.8 55.5 57.1 56.6
169.6 146.8 135.5 136.6 162.2 178.6 188.4 182.9 188.6 178 173.3 170.8 163 158.8 145 142.9 133 136 112.8 116.2
Coefficients are (row-wise by formant):
267.3 -3.6 4.3 5.1 -0.2 -1.6
2449.8 -11.5 -51.8 -12.8 -54.6 53.3
3109 -62.7 -209.7 -32.1 -128.7 -50.5
