KLH016e_0433 analysis information:
Number of steps:
20
Cutoff frequencies were: 
5400 5437 5474 5511 5547 5584 5621 5658 5695 5732 5768 5805 5842 5879 5916 5953 5989 6026 6063 6100
Number of coefficients for prediction: 
5
Number of formants: 
3
Winner is:
5400 5400 5400
Errors (total,f1,f2,f3): 
25.2 25.5 25.2 26.2 26.9 27.6 27.8 29.2 29 31.3 32.3 34.2 36.3 37.4 38.4 39.3 40.1 41.8 42.8 44
2.5 2.6 2.8 2.8 2.9 3 3.1 3.3 3.4 3.6 3.7 4 4 4.3 4.5 4.7 5.2 5.6 6.1 6.5
14.5 14.6 14.1 14.6 14.7 14.9 15 15.1 15.1 15.5 15.7 16.2 16.8 17.2 17.4 17.6 18.1 18 18 18.2
8.2 8.3 8.3 8.8 9.3 9.7 9.7 10.8 10.5 12.2 12.9 14 15.5 15.9 16.5 17 16.8 18.2 18.7 19.3
Coefficients are (row-wise by formant):
510 7.1 -4.5 2.7 0.5 -0.1
1270.4 -88.8 113.2 -27.7 28.7 -9.2
2467.2 -46.1 -46.6 -8 18.9 -4.5
