KLH016c_0360 analysis information:
Number of steps:
20
Cutoff frequencies were: 
5400 5437 5474 5511 5547 5584 5621 5658 5695 5732 5768 5805 5842 5879 5916 5953 5989 6026 6063 6100
Number of coefficients for prediction: 
5
Number of formants: 
3
Winner is:
5879 5879 5879
Errors (total,f1,f2,f3): 
115.4 112.3 97.5 108.5 106.2 102.2 103.4 95.2 87.7 91.3 102 100 94.4 85.5 247.1 249.4 256.2 250 118.3 132.6
41.3 38.8 36.2 36.7 38.1 39.5 40.3 36.7 36.9 37.8 38.6 39.3 40.9 33.2 43.8 45.4 47.4 50.5 39.2 45.1
7.8 9.8 12.4 15.6 18.2 18.8 21.4 21.6 20 19.3 19.4 18.8 21.1 22.9 74.8 74.4 74.6 75.1 33.2 36.5
66.3 63.7 48.9 56.2 49.9 43.9 41.7 36.9 30.8 34.2 44 41.9 32.4 29.4 128.5 129.6 134.2 124.4 45.9 51
Coefficients are (row-wise by formant):
587.5 -12.5 -59.1 42.8 52 7.6
1095.8 84.2 -63.7 40.6 -7.3 6.3
2776.3 -275.6 -228.5 233.3 22.1 -136
