KLH016c_0915 analysis information:
Number of steps:
20
Cutoff frequencies were: 
5400 5437 5474 5511 5547 5584 5621 5658 5695 5732 5768 5805 5842 5879 5916 5953 5989 6026 6063 6100
Number of coefficients for prediction: 
5
Number of formants: 
3
Winner is:
5621 5621 5621
Errors (total,f1,f2,f3): 
183.6 183.7 194.2 198.1 205.7 206.3 183 188.4 257.3 310.8 364.4 358.7 402.7 394.6 390.1 376 372.6 514.2 502.1 538.8
4.8 4.6 4.6 4.3 3.9 4 3.9 3.5 3.8 3.9 4.4 4.7 5.2 5.9 6.7 6.8 7.3 8 14.3 8.1
103.1 103 105.1 107 109.1 110.8 92.7 93.7 96.5 112.6 147.4 143.9 178.1 176.7 180.5 178 186.7 290.4 292.4 337.1
75.7 76.1 84.5 86.8 92.7 91.5 86.4 91.2 157 194.3 212.6 210.1 219.4 212 202.9 191.2 178.6 215.8 195.4 193.6
Coefficients are (row-wise by formant):
362.8 -11.5 19.7 -5.7 6.4 2.8
960.1 91.1 158.9 -10.3 -20.4 -106.5
2596.3 68.3 32.7 -20.7 -74.4 -111.2
