KLH016b_0598 analysis information:
Number of steps:
20
Cutoff frequencies were: 
5400 5437 5474 5511 5547 5584 5621 5658 5695 5732 5768 5805 5842 5879 5916 5953 5989 6026 6063 6100
Number of coefficients for prediction: 
5
Number of formants: 
3
Winner is:
5400 5400 5400
Errors (total,f1,f2,f3): 
53.9 55.2 56.8 60.1 65.6 104.2 110 117.7 126.9 142.1 161.7 375 472.3 606.1 699.8 805.3 872.4 948.2 973.4 836.4
18.1 18.6 18.9 20.2 22.5 22.7 24.2 26.2 28.8 35.2 45.9 65.9 72.6 101.6 102.1 99.1 111 127.8 140.9 105.7
18.5 19.1 19.7 20.7 22.1 38 40.3 43.3 46.4 51.6 56.9 162.7 211 257.8 299.7 343.1 364 389.9 397.6 343.1
17.3 17.5 18.2 19.2 21 43.5 45.5 48.2 51.7 55.3 58.9 146.4 188.7 246.7 298 363.1 397.4 430.5 434.9 387.6
Coefficients are (row-wise by formant):
505.7 13.9 -44.9 12.5 7.4 9.8
1065.7 -107.5 -34.5 0.6 -8.4 -17.8
2259.5 16.1 -24.1 43.3 -9.1 10.2
