KLH016c_1129 analysis information:
Number of steps:
20
Cutoff frequencies were: 
5400 5437 5474 5511 5547 5584 5621 5658 5695 5732 5768 5805 5842 5879 5916 5953 5989 6026 6063 6100
Number of coefficients for prediction: 
5
Number of formants: 
3
Winner is:
5400 5400 5400
Errors (total,f1,f2,f3): 
81.9 114.1 146.3 144.6 140.1 142 143.2 145.1 147.6 149.3 148.2 147.8 150.3 134.4 132.8 112.3 107.1 321.9 323.8 392.7
4.4 4.5 4.5 4.6 4.7 4.8 5 5.1 5.4 5.6 5.6 6.2 6.5 6.9 8.4 9.5 13 80.3 79.3 98.4
56.2 88.3 113.2 110 104 104.7 103.5 102.5 102.5 102.2 100 98.2 102.3 91.9 91.2 80.9 71.8 150.7 153.3 184.6
21.3 21.3 28.6 30 31.4 32.5 34.7 37.5 39.7 41.5 42.6 43.4 41.5 35.6 33.2 21.9 22.3 90.9 91.2 109.7
Coefficients are (row-wise by formant):
290.4 8.7 -28.7 1.9 -5.1 8.4
1170.8 -10.8 193.7 -77.6 66.5 -48.3
2507.4 15.6 1.8 126.5 -12 -29.6
