KLH016c_0099 analysis information:
Number of steps:
20
Cutoff frequencies were: 
5400 5437 5474 5511 5547 5584 5621 5658 5695 5732 5768 5805 5842 5879 5916 5953 5989 6026 6063 6100
Number of coefficients for prediction: 
5
Number of formants: 
3
Winner is:
5474 5474 5474
Errors (total,f1,f2,f3): 
57 56.8 56.6 56.7 56.9 57.5 59.1 61.5 65.7 72.5 84.4 218.4 294 550.9 706 783.3 809 757.7 601.2 696.3
6.9 6.9 7 7.3 7.5 7.9 8.6 9.6 11.2 14.3 20.7 33 47.9 82.9 101.6 113.5 121.3 116.7 94.2 108.8
27.3 27.4 27.6 28 28.6 29.1 30.1 31.5 33.7 36.7 40.8 95.6 124.5 223 287.1 309.4 319.6 295.5 235.3 270.3
22.8 22.5 22 21.4 20.8 20.5 20.4 20.4 20.8 21.5 22.9 89.8 121.6 245 317.3 360.4 368.1 345.5 271.7 317.2
Coefficients are (row-wise by formant):
433 31.7 30.5 -8.3 9.4 3.6
1124.7 179.6 40.1 -30.2 2.1 3.9
2182.6 -47.1 23.1 11.2 4.9 24.9
