KLH057b_1557 analysis information:
Number of steps:
20
Cutoff frequencies were: 
4500 4553 4605 4658 4711 4763 4816 4868 4921 4974 5026 5079 5132 5184 5237 5289 5342 5395 5447 5500
Number of coefficients for prediction: 
5
Number of formants: 
3
Winner is:
4553 4553 4553
Errors (total,f1,f2,f3): 
31.7 28.1 29.7 30.5 38.8 48.1 59.2 71.9 83.6 98.8 321.1 461.5 579.5 592.6 588.9 589.1 697.5 873.4 891.8 740.8
6.9 7.8 7.6 8.7 9.8 10.9 13.1 16.7 20.5 29.7 46.4 69.6 59.3 49.1 28.5 56.3 65.1 51 49 41.5
7.2 7.6 7.9 8.9 10.6 12.9 16.6 22.4 28.5 33.2 209.8 285.6 367.5 378.4 368 356.8 426.3 554 569.8 443.4
17.6 12.7 14.2 12.9 18.4 24.3 29.5 32.8 34.6 35.9 64.9 106.3 152.7 165.1 192.4 176 206.1 268.4 273 255.9
Coefficients are (row-wise by formant):
421.8 23.9 -15.8 8.9 -22 -4.7
814 79.6 10.1 0.3 -11.3 7.6
2406 -146.6 -20.7 5.3 27 32.1
