KLH057a_3937 analysis information:
Number of steps:
20
Cutoff frequencies were: 
4500 4553 4605 4658 4711 4763 4816 4868 4921 4974 5026 5079 5132 5184 5237 5289 5342 5395 5447 5500
Number of coefficients for prediction: 
5
Number of formants: 
3
Winner is:
4500 4500 4500
Errors (total,f1,f2,f3): 
7.3 7.8 8 9 8.1 9.1 8.6 7.7 7.3 7.3 7.5 7.8 8.9 9.9 11.8 13.3 16.8 22 30.2 45
0.7 0.7 0.8 0.8 0.7 0.8 0.8 0.7 0.7 0.7 0.7 0.6 0.6 0.6 0.6 0.7 0.8 0.8 1 1
1.3 1.8 1.6 1.5 1.6 1.5 1.6 1.7 1.7 1.9 2.2 2.5 3 3.8 4.6 5.5 7.4 10.7 17.1 27.3
5.3 5.3 5.6 6.7 5.8 6.8 6.2 5.3 4.9 4.7 4.6 4.7 5.3 5.5 6.6 7.1 8.6 10.5 12.1 16.7
Coefficients are (row-wise by formant):
407.3 5.4 -6.7 0 -2.1 2.3
893.6 -2.7 -0.3 -2.1 -2.6 1.5
2053.6 206.7 -88.2 18.8 0.8 2.9
