KLH057a_0492 analysis information:
Number of steps:
20
Cutoff frequencies were: 
4500 4553 4605 4658 4711 4763 4816 4868 4921 4974 5026 5079 5132 5184 5237 5289 5342 5395 5447 5500
Number of coefficients for prediction: 
5
Number of formants: 
3
Winner is:
5289 5289 5289
Errors (total,f1,f2,f3): 
126.4 114.1 108.5 99 104 137.6 112.6 188.8 183.3 148.6 148.4 145.4 147.2 149.2 113.8 83.3 87.5 255.8 270 275.2
36.8 33.8 33.1 33 35.5 49.6 52.7 51.9 51.4 40.4 40.7 39.2 40.7 42.3 40.5 35.6 37.9 60.4 64.5 63.8
52 51.5 50.2 47.1 49.7 56 41.3 74.3 72.6 59.2 58.7 57.3 57.8 58.2 41.4 29.6 31.5 108.9 115.7 118.8
37.6 28.8 25.2 18.9 18.8 32 18.6 62.6 59.3 49 49 48.9 48.7 48.7 31.9 18.1 18.1 86.5 89.8 92.6
Coefficients are (row-wise by formant):
622.2 -79.4 -131.2 -92.6 -47.2 -46.3
1090.7 -65.5 -113.6 -41.2 -32.3 -11.2
2231.9 -48.5 -14.8 -40.5 -8.4 4
