KLH057b_0663 analysis information:
Number of steps:
20
Cutoff frequencies were: 
4500 4553 4605 4658 4711 4763 4816 4868 4921 4974 5026 5079 5132 5184 5237 5289 5342 5395 5447 5500
Number of coefficients for prediction: 
5
Number of formants: 
3
Winner is:
5079 5079 5079
Errors (total,f1,f2,f3): 
29 31.4 32.2 30.6 29.7 28.2 27 25.2 22.4 19.6 16.8 14.7 14.7 19.2 27.6 41.2 63.7 57.4 54.9 54.1
2.5 2.4 2.1 1.9 1.9 1.8 1.7 1.6 1.5 1.4 1.3 1.3 1.2 1.1 1.1 1.1 1.2 1.3 1.6 2.1
3.1 3.1 3 2.9 2.6 2.4 2.3 2.2 2.4 2.5 2.8 3 3.3 3.9 4.4 5 5.6 6.2 7.1 8.3
23.4 25.9 27.1 25.8 25.2 24 23 21.4 18.5 15.7 12.7 10.4 10.2 14.2 22.1 35.1 56.9 49.9 46.2 43.7
Coefficients are (row-wise by formant):
411.5 -14.7 -16.6 5.8 -4.4 2.2
1065.2 -92.9 -7.8 -9 -8.5 -6.3
2101.9 -7.7 -37.7 32.4 -23.4 14.2
