KLH057a_2769 analysis information:
Number of steps:
20
Cutoff frequencies were: 
4500 4553 4605 4658 4711 4763 4816 4868 4921 4974 5026 5079 5132 5184 5237 5289 5342 5395 5447 5500
Number of coefficients for prediction: 
5
Number of formants: 
3
Winner is:
4605 4605 4605
Errors (total,f1,f2,f3): 
31.7 31.5 31.1 31.6 33.1 34.7 40.8 46.3 53.1 54.8 55 54.6 54.4 54.4 55.6 57.2 59.5 63.2 69.8 87.2
6.5 6.3 6.2 6.2 6.1 5.9 5.8 5.8 5.6 5.8 5.8 5.9 6 6.1 6.3 6.6 7 7.5 8.6 10.6
15 14.4 13.6 12.8 12.4 12.3 11.4 11.3 12.1 12.3 13 14 15.2 16.6 18.5 20.5 23.2 26.3 31.9 46.9
10.2 10.8 11.3 12.6 14.6 16.5 23.6 29.2 35.4 36.7 36.2 34.7 33.2 31.7 30.8 30.1 29.3 29.4 29.3 29.7
Coefficients are (row-wise by formant):
407.3 10 -41 18.6 -9.7 -0.8
1154.8 -164.1 25.8 -29.8 -16.3 -9.7
2118 94.2 -80.4 27.4 1.6 -17.5
