KLH057a_1594 analysis information:
Number of steps:
20
Cutoff frequencies were: 
4500 4553 4605 4658 4711 4763 4816 4868 4921 4974 5026 5079 5132 5184 5237 5289 5342 5395 5447 5500
Number of coefficients for prediction: 
5
Number of formants: 
3
Winner is:
5079 5079 5079
Errors (total,f1,f2,f3): 
25.2 25.4 25.1 26.7 29.4 29.5 28.6 25.9 25.9 25 24.1 23.9 24.1 24.5 25.5 29.5 34.9 40.1 41.3 38.7
1.4 1.4 1.4 1.4 1.4 1.3 1.3 1.3 1.3 1.3 1.3 1.3 1.3 1.3 1.3 1.3 1.2 1.2 1.2 1.2
19.3 19.7 19.3 20.6 21.7 21.2 20.6 18.4 18.6 18.3 17.8 18 18.4 18.7 19.8 22.6 25.6 28.2 28.1 24.2
4.5 4.3 4.4 4.7 6.3 7 6.7 6.2 6 5.4 5 4.6 4.4 4.5 4.4 5.6 8.1 10.7 12 13.3
Coefficients are (row-wise by formant):
317.6 -12.9 1.8 3.7 1.3 -2.3
1734.6 161.7 -96.8 35.6 -8.5 11
2142.6 149.8 17.1 -18.2 10.2 -5.1
