KLH057b_1388 analysis information:
Number of steps:
20
Cutoff frequencies were: 
4500 4553 4605 4658 4711 4763 4816 4868 4921 4974 5026 5079 5132 5184 5237 5289 5342 5395 5447 5500
Number of coefficients for prediction: 
5
Number of formants: 
3
Winner is:
4553 4553 4553
Errors (total,f1,f2,f3): 
41.7 40.9 41.2 42 43.8 45.2 47.5 49.4 52.4 50.6 47.6 45.7 43.8 42.7 42.9 44.3 48.6 53 57.7 63
6.7 6.7 6.7 6.7 6.8 6.8 6.9 7 7.2 7.2 7.2 7.3 7.4 7.5 7.8 8.1 8.7 9.6 10.7 12
22.7 21.7 22.6 23.3 23.1 23.8 24.3 25.5 26.5 25 24.1 22.2 21.3 20 19.2 19 21.3 24 26.6 29.3
12.3 12.5 11.9 12 13.9 14.6 16.3 16.9 18.7 18.4 16.3 16.2 15.1 15.2 15.9 17.2 18.6 19.4 20.4 21.7
Coefficients are (row-wise by formant):
359.9 -21.6 -16.1 9.2 -11.4 3
1531 -121.5 -78.2 1.3 24.2 15.6
2226.7 -63.9 -92.8 -5.8 -4.9 -43.7
