KLH057a_0003 analysis information:
Number of steps:
20
Cutoff frequencies were: 
4500 4553 4605 4658 4711 4763 4816 4868 4921 4974 5026 5079 5132 5184 5237 5289 5342 5395 5447 5500
Number of coefficients for prediction: 
5
Number of formants: 
3
Winner is:
4974 4974 4974
Errors (total,f1,f2,f3): 
76.4 78 78.8 79.5 80.6 64.1 62.9 61.5 60.7 60.1 60.3 60.7 60.8 61.6 62.7 65.2 68 77.1 163.6 312.2
16 15.1 14.8 13.8 13.6 12.3 11.5 11 10.7 10.5 10.3 10.4 10.5 10.5 11.1 12.3 14.1 20.3 35.8 69
41.6 43.6 44.3 45.5 46.7 32.2 31.6 31.4 31.5 31.5 31.8 32.5 32.5 33 33.5 34.5 35.7 38.4 80 148
18.8 19.3 19.7 20.2 20.3 19.6 19.8 19.1 18.5 18.1 18.2 17.8 17.8 18.1 18.1 18.4 18.2 18.4 47.8 95.2
Coefficients are (row-wise by formant):
424.6 13.3 -12.1 14 6.8 9.4
1031.7 -64.6 42.8 -6.2 30.8 -9.9
2212.8 2.6 16.2 -6.4 6.5 -1.8
