KLH057a_4660 analysis information:
Number of steps:
20
Cutoff frequencies were: 
4500 4553 4605 4658 4711 4763 4816 4868 4921 4974 5026 5079 5132 5184 5237 5289 5342 5395 5447 5500
Number of coefficients for prediction: 
5
Number of formants: 
3
Winner is:
4711 4711 4711
Errors (total,f1,f2,f3): 
50.4 40.8 38 34.9 34.7 34.8 35.4 35.8 37.1 38.7 40.4 40.5 41.1 42.7 40.8 42.1 42 44.3 45.7 44.7
1.8 1.8 1.8 1.8 1.8 1.8 1.8 1.8 1.8 1.8 1.7 1.8 1.7 1.6 1.6 1.6 1.6 1.6 1.5 1.5
11.7 11.1 11.4 11.8 12.2 12.9 13.9 14.7 16.2 18.1 19.6 20.1 21.1 22.8 21.5 22.9 23.2 25.7 26.9 26
36.9 27.9 24.8 21.3 20.7 20.1 19.7 19.3 19.1 18.8 19.1 18.6 18.3 18.3 17.7 17.6 17.2 17 17.3 17.2
Coefficients are (row-wise by formant):
382.6 8.1 -2.1 14.5 -1.1 3.6
891.8 -40.4 30.3 34.1 26.5 6
2302.3 38.1 -10.4 -3.3 24.9 -20.3
