KLH057b_2014 analysis information:
Number of steps:
20
Cutoff frequencies were: 
4500 4553 4605 4658 4711 4763 4816 4868 4921 4974 5026 5079 5132 5184 5237 5289 5342 5395 5447 5500
Number of coefficients for prediction: 
5
Number of formants: 
3
Winner is:
5079 5079 5079
Errors (total,f1,f2,f3): 
26.8 26.5 27 25 23.4 22.9 21.6 20 18.3 17.1 16.2 15.7 16.2 17.9 24.2 35.4 53.5 58.9 60.5 57.1
3.5 3.5 3.5 3.4 3.3 3.3 3.2 3.1 3 2.9 2.8 2.8 2.7 2.6 2.6 2.5 2.5 2.7 2.5 2.6
10.5 10.4 10.8 10.3 9.7 9.4 8.9 8.4 7.8 7.3 6.8 6.5 7 8.5 10.8 11.9 12.6 12.4 12.7 12.3
12.8 12.6 12.7 11.3 10.4 10.2 9.5 8.5 7.5 6.9 6.6 6.4 6.5 6.8 10.8 21 38.4 43.8 45.3 42.2
Coefficients are (row-wise by formant):
420.8 4.7 -10.6 0.3 -7.8 1.5
1631.6 98.2 -30 13.3 -3.9 15.1
2228.2 140.8 -53.2 14.6 -2.7 -3.4
