KLH057b_0936 analysis information:
Number of steps:
20
Cutoff frequencies were: 
4500 4553 4605 4658 4711 4763 4816 4868 4921 4974 5026 5079 5132 5184 5237 5289 5342 5395 5447 5500
Number of coefficients for prediction: 
5
Number of formants: 
3
Winner is:
5079 5079 5079
Errors (total,f1,f2,f3): 
73.8 78.9 75.8 72.7 71 70.6 71.9 72.3 70.5 70.6 66.7 63.1 68.8 77.9 94.3 104.1 120.4 163.1 234.5 298.2
6.1 6.1 6.2 6.4 6.4 6.4 6.5 6.5 6.5 6.5 6.5 6.4 6.4 6.3 6.3 6.3 6.3 6.4 7.3 6.6
20.9 26.1 23.7 24.2 25.8 28 32.2 34.2 34.9 37.1 34.8 32 33.7 36 42 43.6 51.4 65.8 112.5 148.2
46.8 46.7 45.9 42.1 38.8 36.2 33.2 31.6 29.1 27 25.4 24.7 28.7 35.6 46 54.2 62.7 90.9 114.7 143.4
Coefficients are (row-wise by formant):
354.7 -24.8 18.8 -5.5 0 -3.3
777.2 -43.1 20.3 -23.7 39 -34.6
2352.5 64 -47 -16 48.1 -34.2
