KLH057b_1209 analysis information:
Number of steps:
20
Cutoff frequencies were: 
4500 4553 4605 4658 4711 4763 4816 4868 4921 4974 5026 5079 5132 5184 5237 5289 5342 5395 5447 5500
Number of coefficients for prediction: 
5
Number of formants: 
3
Winner is:
4868 4868 4868
Errors (total,f1,f2,f3): 
20.2 19.7 19.6 19.2 19.6 19.8 19.2 18.9 19.3 19.1 19.7 19.1 19.2 19.6 19.6 20.5 20.6 20.6 20.9 21
1.5 1.2 1.1 0.9 0.9 0.8 0.7 0.7 0.7 0.7 0.8 0.7 0.7 0.7 0.7 0.8 0.8 0.9 1.2 1.7
11.8 11.6 11.5 11.2 11.2 11.3 10.9 11 11.2 11.2 11.3 11.2 11.1 11.2 11.1 11.1 11 10.7 10.6 10.2
6.9 6.9 7 7.1 7.5 7.7 7.6 7.2 7.4 7.2 7.6 7.2 7.4 7.7 7.8 8.6 8.8 9 9.1 9.1
Coefficients are (row-wise by formant):
399.7 17.6 -9.8 2.4 -5.1 -1.3
1256.9 -242.8 120.3 -37.8 21.5 -7.5
2215.6 -11.2 7.7 -14.6 12.6 -14
