KLH057b_0842 analysis information:
Number of steps:
20
Cutoff frequencies were: 
4500 4553 4605 4658 4711 4763 4816 4868 4921 4974 5026 5079 5132 5184 5237 5289 5342 5395 5447 5500
Number of coefficients for prediction: 
5
Number of formants: 
3
Winner is:
5289 5289 5289
Errors (total,f1,f2,f3): 
10008.7 10008.6 10008.7 10009.6 10008.6 10010.7 10011.8 10012.6 10013.5 10013.8 10013.7 10014.1 10014.2 10013.6 10014.1 16.2 21.4 64 108.8 99.8
1.7 1.6 1.6 1.6 1.7 1.7 1.9 1.8 2 2.2 2.2 2.4 2.6 3 4.1 5.8 7.6 7.8 6.4 4.9
3 2.7 2.9 3.1 3 3.3 3.5 3.6 3.6 3.6 3.4 3.5 3.4 2.6 1.7 1.9 3.3 5 44.4 49.9
10004 10004.3 10004.2 10004.9 10003.9 10005.7 10006.4 10007.2 10007.9 10008 10008.1 10008.2 10008.2 10008 10008.3 8.5 10.5 51.2 58 45
Coefficients are (row-wise by formant):
421.3 31 8.6 5.9 10.8 12.8
837.1 31.8 -45.1 -13.8 4.3 9.4
2042.9 79.3 86.9 40.7 30.1 10.7
