KLH057a_2807 analysis information:
Number of steps:
20
Cutoff frequencies were: 
4500 4553 4605 4658 4711 4763 4816 4868 4921 4974 5026 5079 5132 5184 5237 5289 5342 5395 5447 5500
Number of coefficients for prediction: 
5
Number of formants: 
3
Winner is:
4868 4868 4868
Errors (total,f1,f2,f3): 
13.3 11.8 11.8 11 11 10.1 11.1 9.2 10.6 9.6 10.5 9.4 10.7 9.7 11.7 11 13.2 12.4 13.3 14
1.6 1.7 1.7 1.6 1.6 1.5 1.6 1.5 1.5 1.4 1.5 1.4 1.4 1.3 1.4 1.3 1.3 1.3 1.4 1.4
9.2 7.7 7.7 7.3 7.2 6.7 7.3 6.1 7.1 6.5 7.1 6.3 7.2 6.6 7.7 7.3 8.5 7.9 8.2 8.5
2.5 2.4 2.4 2.1 2.2 1.9 2.2 1.6 2 1.7 1.9 1.7 2.1 1.8 2.6 2.4 3.4 3.2 3.7 4.1
Coefficients are (row-wise by formant):
377.3 -46.6 -34 -0.5 4.7 2.3
1002.6 -31.1 42.4 -1.8 -0.2 -3.1
2089.7 14.1 -17.9 -4.9 -0.2 7.8
