KLH057b_0570 analysis information:
Number of steps:
20
Cutoff frequencies were: 
4500 4553 4605 4658 4711 4763 4816 4868 4921 4974 5026 5079 5132 5184 5237 5289 5342 5395 5447 5500
Number of coefficients for prediction: 
5
Number of formants: 
3
Winner is:
4921 4921 4921
Errors (total,f1,f2,f3): 
21.6 21.9 21.9 21.4 21.7 21.2 21 20.2 20 20.4 21.9 22.2 24.1 24.4 24.2 24.9 26.3 25.2 30.2 32.6
2.3 2.3 2.3 2.2 2.3 2.2 2.3 2.2 2.3 2.3 2.5 2.5 2.8 3 3.1 3.5 3.9 3.8 5.1 5.8
6.2 6.2 6.3 6 6.1 5.9 5.7 4.9 5 5 5.2 5.1 5.8 5.8 5.4 5.5 6.2 5.9 8 10.2
13.1 13.4 13.3 13.2 13.3 13.1 13 13.1 12.7 13.1 14.2 14.6 15.5 15.6 15.7 15.9 16.2 15.5 17.1 16.6
Coefficients are (row-wise by formant):
418.2 -18.7 -8.8 3.4 -3.6 -2.2
1308.2 41.1 -31 41.7 -1.6 7.3
2082.2 39.6 -81.3 2.7 -45.7 -2.8
