KLH057a_0130 analysis information:
Number of steps:
20
Cutoff frequencies were: 
4500 4553 4605 4658 4711 4763 4816 4868 4921 4974 5026 5079 5132 5184 5237 5289 5342 5395 5447 5500
Number of coefficients for prediction: 
5
Number of formants: 
3
Winner is:
4553 4553 4553
Errors (total,f1,f2,f3): 
207.2 34.3 49.9 54.2 87.5 94.4 211 208.4 204.2 54.3 194.9 192.8 188.9 190.2 196.8 196.7 204.1 209.4 224.5 341.5
49.4 11.6 24.6 25 42 44.5 47.4 49.1 49.1 19.5 49.5 50.1 49 49.1 53.4 48 47.6 48.7 56.3 44.2
91.3 9.5 11.7 13.6 25.6 26.5 88.6 87.9 87.2 19.3 86.9 87.5 87.6 87.5 87.4 88.9 91.9 95.7 102.7 208.7
66.5 13.2 13.6 15.6 19.9 23.4 75 71.4 67.9 15.5 58.5 55.2 52.3 53.6 56 59.8 64.6 65 65.5 88.6
Coefficients are (row-wise by formant):
362.9 -30 -47.2 13 13 3.4
1033.8 -103.8 55.3 43.3 36.3 4.9
2053.7 190.5 -30.6 -2.1 45.9 -45
