KLH057a_4880 analysis information:
Number of steps:
20
Cutoff frequencies were: 
4500 4553 4605 4658 4711 4763 4816 4868 4921 4974 5026 5079 5132 5184 5237 5289 5342 5395 5447 5500
Number of coefficients for prediction: 
5
Number of formants: 
3
Winner is:
4868 4868 4868
Errors (total,f1,f2,f3): 
13.9 13.7 13.9 13.7 13.6 13.4 12.9 12.4 12.5 12.9 12.6 13.1 13.5 14.3 15.4 16.3 17.7 19.8 21.4 24.4
3.5 3.5 3.5 3.4 3.4 3.4 3.4 3.4 3.4 3.4 3.4 3.4 3.4 3.4 3.4 3.5 3.5 3.6 3.6 3.7
6.3 6.4 6.5 6.4 6.3 6.1 5.5 5.3 5.7 6.1 5.3 5.8 6.3 6.8 7.6 8.1 9.2 10.9 12.1 14.8
4.1 3.8 3.9 3.9 3.9 3.9 4 3.7 3.4 3.4 3.9 3.9 3.8 4.1 4.4 4.7 5 5.3 5.7 5.9
Coefficients are (row-wise by formant):
489.1 -21 -17.8 -7.1 -6.7 -5.2
1542.5 78.7 -82.8 -40.8 -12.5 -1.9
2243.4 65.4 -21.1 -28.6 0.5 -0.2
