KLH057a_0173 analysis information:
Number of steps:
20
Cutoff frequencies were: 
4500 4553 4605 4658 4711 4763 4816 4868 4921 4974 5026 5079 5132 5184 5237 5289 5342 5395 5447 5500
Number of coefficients for prediction: 
5
Number of formants: 
3
Winner is:
5342 5342 5342
Errors (total,f1,f2,f3): 
6.9 7.4 7.4 7.7 6.9 8.1 7.7 7.7 7.5 7.2 7 6.4 6.6 6.7 5.9 5.2 4.3 4.7 5.6 5.5
2.6 2.8 2.5 2.7 2.4 2.7 2.3 2.4 2.4 2.3 2.4 2.3 2.3 2.3 2.2 2.3 2.2 2.3 2.2 2.2
3.1 3.5 3.6 3.8 3.3 4.2 4.1 4.1 4 3.6 3.4 2.6 3 2.9 2.1 1.9 1.1 1.5 2.6 2.3
1.2 1.1 1.3 1.2 1.2 1.2 1.3 1.2 1.1 1.3 1.2 1.5 1.3 1.5 1.6 1 1 0.9 0.8 1
Coefficients are (row-wise by formant):
319.5 39.9 3.5 -0.6 -2.8 1.4
1630.6 25 -31.2 0.9 -7.1 2
2244.1 -4.5 10 10.5 -3 3.4
