KLH057a_5850 analysis information:
Number of steps:
20
Cutoff frequencies were: 
4500 4553 4605 4658 4711 4763 4816 4868 4921 4974 5026 5079 5132 5184 5237 5289 5342 5395 5447 5500
Number of coefficients for prediction: 
5
Number of formants: 
3
Winner is:
5237 5237 5237
Errors (total,f1,f2,f3): 
23.2 23.1 23.3 23.8 23.8 24.1 24 23.6 23.5 23 22.4 22 21.6 21.5 21.3 21.5 21.6 22 22 22.7
2.1 2.1 2 1.9 1.8 1.9 1.8 1.8 1.8 1.8 1.8 1.8 1.8 1.9 1.9 1.9 2 2 2 2
12 12.1 12.3 12.7 12.7 12.8 12.7 12.3 12.3 11.9 11.4 11.1 10.8 10.7 10.5 10.9 10.9 11.3 11.3 11.8
9.1 8.9 9 9.2 9.3 9.4 9.5 9.5 9.4 9.3 9.2 9.1 9 8.9 8.9 8.7 8.7 8.7 8.7 8.9
Coefficients are (row-wise by formant):
456.6 -10.2 -2.7 4.7 2.7 4.7
1802 -47.6 -20.3 16.8 -28.2 -15.7
2363.8 -14.7 -18.9 -18.7 22.1 2.7
