KLH057b_0528 analysis information:
Number of steps:
20
Cutoff frequencies were: 
4500 4553 4605 4658 4711 4763 4816 4868 4921 4974 5026 5079 5132 5184 5237 5289 5342 5395 5447 5500
Number of coefficients for prediction: 
5
Number of formants: 
3
Winner is:
4500 4500 4500
Errors (total,f1,f2,f3): 
28.8 28.9 29.4 29.3 29.8 30 30.8 31 32.5 32.8 32.6 31.7 32.2 35 36.7 38 38.9 38.4 38.2 37.4
2.3 2.3 2.5 2.5 2.5 2.6 2.8 3 3.2 3.2 3.2 3.1 2.9 2.8 2.7 2.7 2.6 2.6 2.5 2.5
13.8 13.6 13.3 13.2 13.1 13 13.2 13.3 14.1 14.4 14.8 14.7 15.3 15.9 16.2 16.4 16.3 16.2 16.3 16
12.7 13 13.6 13.6 14.2 14.4 14.8 14.7 15.2 15.2 14.6 13.9 14 16.3 17.8 18.9 20 19.6 19.4 18.9
Coefficients are (row-wise by formant):
414.3 49.2 -8.3 9 2.1 -2.3
1773.7 -171.6 -5.9 -10.2 11.9 8.7
2369.7 -124.4 -0.1 -25.6 11.3 -3
