KLH057b_1900 analysis information:
Number of steps:
20
Cutoff frequencies were: 
4500 4553 4605 4658 4711 4763 4816 4868 4921 4974 5026 5079 5132 5184 5237 5289 5342 5395 5447 5500
Number of coefficients for prediction: 
5
Number of formants: 
3
Winner is:
4500 4500 4500
Errors (total,f1,f2,f3): 
203 231.2 235.4 233.6 250 235.6 528 437.6 570.4 574.8 751.6 740.4 374.3 270.4 274.3 352.2 244.9 250.9 249 392.8
59.2 62.2 65.1 67.7 51.3 48.8 127.8 89.8 119.9 121.9 164.4 167.9 65.1 35.2 30.9 94.3 38.1 39 39.2 105.4
74.3 90.4 90.4 91.4 106.7 101.9 218.9 202.6 256.6 272.8 332.1 341.2 162.7 124.9 149.2 163.9 98.7 98.7 96.9 181.1
69.5 78.6 79.9 74.5 92 84.9 181.3 145.2 193.9 180.1 255.1 231.3 146.5 110.3 94.2 94 108.1 113.2 112.9 106.3
Coefficients are (row-wise by formant):
337.4 180.3 149 150.1 140.9 77.8
1163.3 222 306.2 272.9 171.7 101.6
2244.5 177.7 267.7 235.5 154 98.8
