KLH057b_0273 analysis information:
Number of steps:
20
Cutoff frequencies were: 
4500 4553 4605 4658 4711 4763 4816 4868 4921 4974 5026 5079 5132 5184 5237 5289 5342 5395 5447 5500
Number of coefficients for prediction: 
5
Number of formants: 
3
Winner is:
4658 4658 4658
Errors (total,f1,f2,f3): 
46 43.1 40.5 38.8 41.5 45.8 42.6 44.2 41.6 47 49.7 53.8 57.5 58.9 64.3 68.2 73.5 77.4 72.7 74.4
10.6 10.8 10.8 10.9 11.1 11.2 11.3 11.4 11.5 11.9 11.9 12.1 12.2 12.4 12.5 12.8 13.2 13.8 14.3 15
18.5 16.8 16 15.3 15.3 13.9 13.2 13.1 13.1 13.4 13.6 14.3 14.9 15.4 15.3 15.1 14.4 13.6 12.1 11.7
16.9 15.5 13.7 12.6 15.1 20.7 18.1 19.7 17 21.7 24.2 27.4 30.4 31.1 36.5 40.3 45.9 50 46.3 47.7
Coefficients are (row-wise by formant):
392.5 36.9 -10.4 -14.8 10.7 -8.3
1624.8 80.4 -8.6 21.4 16 -20
2147.6 168.7 79.1 29.3 53.1 -1.5
