KLH057a_4981 analysis information:
Number of steps:
20
Cutoff frequencies were: 
4500 4553 4605 4658 4711 4763 4816 4868 4921 4974 5026 5079 5132 5184 5237 5289 5342 5395 5447 5500
Number of coefficients for prediction: 
5
Number of formants: 
3
Winner is:
5342 5342 5342
Errors (total,f1,f2,f3): 
19.5 19.8 19.7 19.7 18.4 18.8 17.4 16.4 15.7 15 14.7 14.4 13.9 13.7 13.6 13.6 13.3 13.6 14.1 14.6
1.5 1.5 1.5 1.5 1.4 1.4 1.4 1.3 1.3 1.3 1.3 1.3 1.4 1.4 1.5 1.5 1.6 1.6 1.7 1.8
12.6 12.6 12.5 12.4 11.6 11.9 11 10.4 10 9.4 9.1 9.3 8.9 9 8.9 8.9 8.9 9.1 9.4 9.7
5.4 5.7 5.7 5.8 5.4 5.5 5 4.7 4.4 4.3 4.3 3.8 3.6 3.3 3.2 3.2 2.8 2.9 3 3.1
Coefficients are (row-wise by formant):
351.2 5.9 -1.6 1.5 3 0.5
1006 138.1 82.2 51.3 16.2 10
2227.4 -43.4 -3.6 -8.1 -5.1 4.8
