KLH057b_1974 analysis information:
Number of steps:
20
Cutoff frequencies were: 
4500 4553 4605 4658 4711 4763 4816 4868 4921 4974 5026 5079 5132 5184 5237 5289 5342 5395 5447 5500
Number of coefficients for prediction: 
5
Number of formants: 
3
Winner is:
4921 4921 4921
Errors (total,f1,f2,f3): 
19.2 18.8 18.4 18 17.7 17 17.2 16.9 16.8 17.2 17 16.8 17.1 17.9 18.9 20.3 22.1 23.5 25.3 27.8
4.1 4.1 4.1 4.1 4.1 4.1 4.1 4.2 4.1 4.1 4.1 4 3.9 4 3.9 3.9 3.9 3.8 3.8 3.8
10.8 10.7 10.7 10.8 11 10.7 11.1 11.1 10.9 10.6 9.9 8.4 7.9 7.8 7.4 7.1 7.2 6.9 6.9 7.4
4.3 4 3.6 3.1 2.6 2.2 2 1.6 1.8 2.5 3 4.4 5.3 6.1 7.6 9.3 11 12.8 14.6 16.6
Coefficients are (row-wise by formant):
382.1 5.4 -8 2.5 -5.1 5.1
1668.6 136.7 -3.3 26.8 -6.4 10.8
2242.9 86.8 25.9 -13.9 -1.1 2.1
