KLH057a_0169 analysis information:
Number of steps:
20
Cutoff frequencies were: 
4500 4553 4605 4658 4711 4763 4816 4868 4921 4974 5026 5079 5132 5184 5237 5289 5342 5395 5447 5500
Number of coefficients for prediction: 
5
Number of formants: 
3
Winner is:
5026 5026 5026
Errors (total,f1,f2,f3): 
26.5 27 27.1 27.1 25.3 25 24 23.4 23 22.7 22.3 22.6 22.9 23.8 23.6 25.2 28 30.4 32.4 34.9
8.4 7.7 7.4 6.8 6.4 6.2 5.9 5.7 5.7 5.8 5.8 5.8 5.7 5.9 5.7 5.5 5.5 5.3 5 4.9
5.2 5.6 5.7 5.9 5.7 6 5.8 5.7 5.7 5.6 6 6.1 6.4 6.8 7.3 7.8 8.6 9.4 10.3 11
12.9 13.7 14 14.4 13.2 12.8 12.3 12 11.6 11.3 10.5 10.7 10.8 11.1 10.6 11.9 13.9 15.7 17.1 19
Coefficients are (row-wise by formant):
477 36.2 -20.5 -1.2 -11.4 2.3
1108.2 -130.7 0.7 -8.9 1.6 1.9
2170 83.1 -18.5 -22.2 12.8 -15.7
