KLH057b_1243 analysis information:
Number of steps:
20
Cutoff frequencies were: 
4500 4553 4605 4658 4711 4763 4816 4868 4921 4974 5026 5079 5132 5184 5237 5289 5342 5395 5447 5500
Number of coefficients for prediction: 
5
Number of formants: 
3
Winner is:
4553 4553 4553
Errors (total,f1,f2,f3): 
56.5 55.4 55.8 57.1 58.5 59.7 59.6 60.2 60.6 61 60.6 59.5 57.7 59.7 62 64.4 68.3 73.2 75.9 80.7
18.1 15.4 14.7 14.1 14.3 14.1 14 14.3 14.4 14.7 14.7 14.8 14.9 15.1 15.2 15.2 15.4 15.8 16.3 17.2
17.4 17.8 18 19 19 19 19.4 20.7 22.1 23 23.5 23.3 22.3 22.6 22.5 22.2 22.4 23.3 23.6 24.5
21 22.2 23.1 24 25.2 26.6 26.2 25.2 24.1 23.3 22.4 21.4 20.5 22 24.3 27 30.5 34.1 36 39
Coefficients are (row-wise by formant):
521 10.2 -61.2 44.3 -50.7 5.4
1346.3 31.1 56.6 37.7 8.6 16.8
2370.1 14.3 -6.5 19.4 2.2 -0.6
