KLH057a_5606 analysis information:
Number of steps:
20
Cutoff frequencies were: 
4500 4553 4605 4658 4711 4763 4816 4868 4921 4974 5026 5079 5132 5184 5237 5289 5342 5395 5447 5500
Number of coefficients for prediction: 
5
Number of formants: 
3
Winner is:
4868 4868 4868
Errors (total,f1,f2,f3): 
24.4 26.4 24 26 21.5 24.9 21.5 17.9 20.6 20.5 21 20.2 21 21 21.6 22.3 24.2 27.8 32.7 41.1
5.5 5.8 6 5.8 5.9 5.8 4.6 4 4.2 3.4 3 3.5 3.5 3.9 3.8 4.5 5.1 6.4 7.9 10.8
14 15.8 13.4 15.6 11.1 14.5 12.3 8.9 11.5 12.1 13 11.4 12.7 12.4 13.1 13.3 14.9 17.5 21.2 27.1
4.9 4.8 4.6 4.6 4.5 4.6 4.6 5 4.9 5 5 5.3 4.8 4.7 4.7 4.5 4.2 3.9 3.6 3.2
Coefficients are (row-wise by formant):
381.2 3.7 16.6 -16 -2.6 -0.7
850.1 62 83.9 -14.4 5.7 -3.7
2348 -21.6 -0.6 -21.3 7 7
