KLH057b_0295 analysis information:
Number of steps:
20
Cutoff frequencies were: 
4500 4553 4605 4658 4711 4763 4816 4868 4921 4974 5026 5079 5132 5184 5237 5289 5342 5395 5447 5500
Number of coefficients for prediction: 
5
Number of formants: 
3
Winner is:
4816 4816 4816
Errors (total,f1,f2,f3): 
35.8 31.6 32.2 29.5 29.7 26.5 24.1 28.3 37.5 54.4 71.7 77.3 80.6 84.5 90.1 98.3 114.6 168.6 162.5 168.7
2.6 2.8 2.8 2.9 2.9 2.8 2.7 2.7 2.7 2.7 2.7 2.6 2.5 2.6 2.8 3.2 3.7 4.7 6.3 10.2
9.7 8.1 7.9 10 10.2 9.8 9.2 8.9 8.1 8.4 10.4 13 15.9 18.9 22.7 26.6 30.7 34.6 38.5 44.4
23.5 20.7 21.5 16.6 16.6 13.9 12.2 16.7 26.7 43.3 58.6 61.7 62.2 63 64.6 68.5 80.2 129.3 117.7 114.1
Coefficients are (row-wise by formant):
353.1 44.6 -49.4 -41.2 -11.9 -8.2
1239.4 -208.8 -15.9 10.8 17.9 -7.5
2032.5 3.4 -33.5 1.2 -2.2 -9.9
