KLH057b_0657 analysis information:
Number of steps:
20
Cutoff frequencies were: 
4500 4553 4605 4658 4711 4763 4816 4868 4921 4974 5026 5079 5132 5184 5237 5289 5342 5395 5447 5500
Number of coefficients for prediction: 
5
Number of formants: 
3
Winner is:
4605 4605 4605
Errors (total,f1,f2,f3): 
44.6 39.3 38.8 39 40.3 40.1 41.9 42.9 46.6 49.3 49.8 49.8 51.7 59.1 84.8 429.4 495.1 452.8 342.3 260.2
12.2 8.8 8.5 8.4 8.4 8.3 8.8 9.3 10.6 11.6 11 9.9 10 13.8 33.6 41.3 38.7 40.7 29.9 41.2
17.4 14.8 14.5 13.8 14.1 13.9 14.7 15.4 17.4 18.9 19.7 20.3 20.9 21.4 22.8 208.5 235.8 211.1 158.8 117.5
15 15.7 15.8 16.8 17.8 17.9 18.4 18.2 18.6 18.8 19.1 19.6 20.8 23.9 28.4 179.6 220.6 201 153.6 101.5
Coefficients are (row-wise by formant):
588 -9 -52.8 -27.1 -34.1 -9.4
995.4 -138.8 3.6 23 43.5 19.5
2200.2 -88.4 -60.4 -22.6 -21.7 -15
