KLH057a_5489 analysis information:
Number of steps:
20
Cutoff frequencies were: 
4500 4553 4605 4658 4711 4763 4816 4868 4921 4974 5026 5079 5132 5184 5237 5289 5342 5395 5447 5500
Number of coefficients for prediction: 
5
Number of formants: 
3
Winner is:
5342 5342 5342
Errors (total,f1,f2,f3): 
41 41.7 43.8 45.3 48.4 48.8 49.5 49.9 49.8 49 47.8 46.4 43.4 41.5 39.9 39 38.7 38.7 39.1 40.4
7.7 7.7 7.5 7.3 7.3 7.3 7.3 7.3 7.3 7.3 7.3 7.3 7.3 7.3 7.3 7.3 7.3 7.2 7.1 7.1
13.8 13.8 14.6 15.1 16.3 16.3 16.5 16.3 16 15.8 15.3 15 14.7 14.4 14.5 14.6 15.1 15.7 16.1 16.7
19.5 20.2 21.7 22.9 24.8 25.2 25.7 26.3 26.5 25.9 25.2 24.1 21.4 19.8 18.1 17.1 16.3 15.8 15.9 16.6
Coefficients are (row-wise by formant):
359 34 -15.9 0.6 -2.8 -7.3
1609 -137.1 -37.4 -6.2 -17.3 -10.8
2165.9 -134 -35 15.3 -26.4 -2.5
