KLH057a_5558 analysis information:
Number of steps:
20
Cutoff frequencies were: 
4500 4553 4605 4658 4711 4763 4816 4868 4921 4974 5026 5079 5132 5184 5237 5289 5342 5395 5447 5500
Number of coefficients for prediction: 
5
Number of formants: 
3
Winner is:
4605 4605 4605
Errors (total,f1,f2,f3): 
6.1 5.9 5.8 5.9 6.4 6.6 7.1 7.5 7.5 7.7 8.1 8.3 8.3 8.5 9.1 10 10.3 11.4 12.3 13.2
0.7 0.7 0.7 0.7 0.7 0.6 0.6 0.6 0.6 0.6 0.6 0.6 0.6 0.7 0.7 0.7 0.7 0.7 0.7 0.8
4.3 4.3 4.2 4.3 4.6 5 5.2 5.2 5.1 5.1 5.1 5 4.8 4.5 4.4 4.5 4.3 4.3 4.2 4.3
1.1 0.9 0.9 0.9 1.1 1 1.3 1.7 1.8 2 2.4 2.7 2.9 3.3 4 4.8 5.3 6.4 7.4 8.1
Coefficients are (row-wise by formant):
343.2 -7.9 -9.3 -3.1 -3.5 -1.1
1561.2 -131 -34.1 -9.9 -4.7 5.8
2207.5 -52.7 -1.3 -15.2 6.6 -1.7
