KLH057a_0858 analysis information:
Number of steps:
20
Cutoff frequencies were: 
4500 4553 4605 4658 4711 4763 4816 4868 4921 4974 5026 5079 5132 5184 5237 5289 5342 5395 5447 5500
Number of coefficients for prediction: 
5
Number of formants: 
3
Winner is:
4658 4658 4658
Errors (total,f1,f2,f3): 
39.8 38.8 38 37.4 37.4 37.6 37.5 38.2 39 39.9 41 43.4 46.1 52 58.7 71.6 173.3 408.6 237 217.2
2.5 2.4 2.5 2.5 2.7 2.8 3 3.3 3.6 4 4.4 4.8 5.2 5.4 5.5 5.5 18.5 23.9 7.7 6.4
24.7 23.7 23 22.4 22.1 22.1 22.1 22.9 23.5 24.8 26.2 29.5 33.4 38.5 44 56.4 101.4 261.4 115.5 111.5
12.6 12.7 12.5 12.5 12.6 12.7 12.4 12 11.9 11.1 10.4 9.1 7.5 8.1 9.2 9.7 53.4 123.3 113.8 99.3
Coefficients are (row-wise by formant):
346.5 -13.4 -6.7 -11.3 5.1 -7.6
882.9 44.7 25.9 -4.5 37.2 -11.6
2035.2 -48.8 -7.9 -52 -11.2 -34.6
