KLH057a_5358 analysis information:
Number of steps:
20
Cutoff frequencies were: 
4500 4553 4605 4658 4711 4763 4816 4868 4921 4974 5026 5079 5132 5184 5237 5289 5342 5395 5447 5500
Number of coefficients for prediction: 
5
Number of formants: 
3
Winner is:
4553 4553 4553
Errors (total,f1,f2,f3): 
7.5 5.5 6.7 10.6 14.8 21.6 36.7 43.9 59 58.3 55.2 55.3 50.6 54.3 35.3 37.5 25.7 23.3 28.2 30.1
1.1 1.1 1.1 1.2 1.3 1.4 1.5 1.6 1.6 1.6 1.5 1.5 1.6 1.6 1.7 1.9 2.3 2.7 3.2 3.4
2.7 2.2 2.8 3.8 6 11.4 25.7 31.6 46 44.7 41.7 41.4 37.1 40.6 22.4 24.5 13.3 11.2 15.9 18.1
3.7 2.2 2.8 5.6 7.5 8.8 9.5 10.7 11.4 12 12 12.4 11.9 12.1 11.2 11.1 10.1 9.4 9.1 8.6
Coefficients are (row-wise by formant):
308.3 13 -5 1.7 -4.1 1.5
980.4 -187.2 -20 -4.7 0.5 -1.6
1902 64.2 32.1 8.6 -2.8 -1.9
