KLH057a_1256 analysis information:
Number of steps:
20
Cutoff frequencies were: 
4500 4553 4605 4658 4711 4763 4816 4868 4921 4974 5026 5079 5132 5184 5237 5289 5342 5395 5447 5500
Number of coefficients for prediction: 
5
Number of formants: 
3
Winner is:
4500 4500 4500
Errors (total,f1,f2,f3): 
9.2 9.3 9.4 10.1 10 10.1 10.6 10.9 11.3 11.3 11.5 11.8 12.1 12.4 12.6 12.6 12.9 13.3 13.9 14.4
1.7 1.7 1.7 1.8 1.8 1.8 1.9 1.9 1.9 1.9 1.9 1.9 2 2 2 2 2.1 2.2 2.3 2.4
4.1 4.2 4.3 4.9 4.8 4.9 5.3 5.5 5.8 5.7 5.8 5.9 6 6.1 6.2 6.2 6.3 6.6 6.9 7.2
3.4 3.4 3.4 3.4 3.4 3.4 3.4 3.5 3.6 3.7 3.8 4 4.1 4.3 4.4 4.4 4.5 4.5 4.7 4.8
Coefficients are (row-wise by formant):
406.7 -0.3 -0.2 3.9 2.3 1.8
1500 36 -17.7 4.5 -8.9 7.1
2186 13.4 8.7 -14.3 -14.6 -1.4
