KLH057b_1161 analysis information:
Number of steps:
20
Cutoff frequencies were: 
4500 4553 4605 4658 4711 4763 4816 4868 4921 4974 5026 5079 5132 5184 5237 5289 5342 5395 5447 5500
Number of coefficients for prediction: 
5
Number of formants: 
3
Winner is:
4500 4500 4500
Errors (total,f1,f2,f3): 
41.4 41.7 41.8 42 42 42.3 42.6 43.3 44.6 46.7 49.5 55.8 135.4 290.9 487.8 439.9 470.6 407.8 395.2 378.9
6.7 6.8 6.8 7 7.2 7.5 8 8.7 9.7 11.3 14.1 19 30.2 56.8 89.4 68.9 74.4 60.5 64.6 64.9
12.9 12.8 12.8 12.7 12.4 12.2 11.9 11.7 11.5 11.5 11.5 12 49.4 117.6 208.3 195.2 197.9 175.9 175.7 164
21.8 22.1 22.2 22.3 22.4 22.6 22.7 22.9 23.4 23.9 23.9 24.8 55.8 116.5 190.1 175.8 198.3 171.4 154.9 150
Coefficients are (row-wise by formant):
454.8 9 13.9 -10.8 20.9 12
1139.8 -196.8 -7.7 -17 -2.1 1.6
2141.5 110.8 47.3 -8.9 -3.8 3.1
