KLH057a_5135 analysis information:
Number of steps:
20
Cutoff frequencies were: 
4500 4553 4605 4658 4711 4763 4816 4868 4921 4974 5026 5079 5132 5184 5237 5289 5342 5395 5447 5500
Number of coefficients for prediction: 
5
Number of formants: 
3
Winner is:
5026 5026 5026
Errors (total,f1,f2,f3): 
9.1 9.5 10.5 10.9 9.9 9.4 9.3 8.7 8.5 8.6 8.3 8.3 8.3 8.8 9.3 9.6 10.2 10.7 11 11.7
1.3 1.2 1.2 1.3 1.1 1.1 1.1 1.1 1 0.9 0.9 0.9 0.9 0.9 0.9 0.9 0.8 0.8 0.7 0.8
4.3 4.5 4.9 5.1 4.8 4.6 4.7 4.6 4.1 4.2 4 4.1 3.9 3.9 3.9 3.5 3.3 3 2.8 2.7
3.5 3.8 4.4 4.5 4 3.7 3.5 3 3.4 3.5 3.4 3.3 3.5 4 4.5 5.2 6.1 6.9 7.5 8.2
Coefficients are (row-wise by formant):
388.2 46.6 -24.5 6.9 -3.7 2.6
1268.6 -98.3 -18.3 6 -8.9 -5.5
2155.4 14.4 21.5 -4.2 5.3 -6.3
