KLH057a_4530 analysis information:
Number of steps:
20
Cutoff frequencies were: 
4500 4553 4605 4658 4711 4763 4816 4868 4921 4974 5026 5079 5132 5184 5237 5289 5342 5395 5447 5500
Number of coefficients for prediction: 
5
Number of formants: 
3
Winner is:
4500 4500 4500
Errors (total,f1,f2,f3): 
19 20.3 22.2 22.9 23.8 23.2 22.6 22.5 22.4 22.3 21.6 21.5 20.7 19.8 19.6 20.9 22.5 22.3 25 26.1
1.9 1.9 1.9 1.9 1.9 1.9 1.9 1.9 1.9 1.9 1.9 2 2 2 2 2.1 2.1 2.1 2.2 2.2
7.5 7.3 7.3 6.8 7.1 6.7 7.7 7.8 8.4 8.7 9 9.5 10.1 10.7 11.4 12.4 13 12.8 13.6 13.8
9.6 11.1 13 14.2 14.8 14.6 13 12.8 12.1 11.7 10.7 10 8.6 7.1 6.2 6.4 7.4 7.4 9.2 10.1
Coefficients are (row-wise by formant):
369.8 5.7 3.1 -5.9 0.1 -0.2
1299.7 -69.9 -26.1 -19.4 7.4 -4.4
2043.1 57.8 19.3 -11.1 -8.8 -5
