KLH057a_3967 analysis information:
Number of steps:
20
Cutoff frequencies were: 
4500 4553 4605 4658 4711 4763 4816 4868 4921 4974 5026 5079 5132 5184 5237 5289 5342 5395 5447 5500
Number of coefficients for prediction: 
5
Number of formants: 
3
Winner is:
5395 5395 5395
Errors (total,f1,f2,f3): 
16.6 17.4 17.2 17.6 17.6 16.9 17.5 16.3 14.7 14 13.8 13.5 13.1 13.2 12.6 11.4 11.2 10.2 11.1 11.9
3.7 3.9 3.9 3.9 4.1 4 4.1 4 3.9 3.8 3.8 3.8 3.7 3.7 3.8 3.7 3.8 3.8 3.8 3.8
6.9 7.7 7.3 7.2 7.1 6.6 7.3 6.2 4.6 3.7 3.5 3.3 3 3.1 2.7 1.9 1.7 1.2 2 3.1
6 5.8 6 6.5 6.4 6.3 6.1 6.1 6.2 6.5 6.5 6.4 6.4 6.4 6.1 5.8 5.7 5.2 5.3 5
Coefficients are (row-wise by formant):
317.6 -1.8 -33.6 1.4 -8.8 2.6
1648.3 -120.1 -88.3 -47 -12.7 -3.8
2144.3 -166.1 -26.5 5.8 -4.8 -13.2
