KLH057a_0776 analysis information:
Number of steps:
20
Cutoff frequencies were: 
4500 4553 4605 4658 4711 4763 4816 4868 4921 4974 5026 5079 5132 5184 5237 5289 5342 5395 5447 5500
Number of coefficients for prediction: 
5
Number of formants: 
3
Winner is:
5447 5447 5447
Errors (total,f1,f2,f3): 
220.2 209.9 206.6 188.3 190 322.6 314.4 339.2 355.2 391.3 430.4 291.2 299.9 292.3 311 297.1 238.4 152 140.4 168.3
4.1 4.4 6 8.7 12.6 49 50.1 45.7 43.5 41.3 39.2 34.7 32.5 28 28.6 27.9 27.6 26.6 25.8 26.6
151.9 139.2 127.6 122.4 117.4 184.6 173 187.5 196.2 221.3 235 132.2 132.7 133 139 130.5 117.7 80.3 61.1 61.8
64.2 66.3 73 57.2 60 89 91.3 106 115.5 128.7 156.2 124.3 134.7 131.3 143.4 138.7 93.1 45.1 53.5 79.9
Coefficients are (row-wise by formant):
343.5 166.2 107.2 100 83 56.3
1743.9 110.5 107 64.3 -78.6 -103.6
2362.9 -26.1 192 80.8 -102.9 -101.9
