KLH057a_5988 analysis information:
Number of steps:
20
Cutoff frequencies were: 
4500 4553 4605 4658 4711 4763 4816 4868 4921 4974 5026 5079 5132 5184 5237 5289 5342 5395 5447 5500
Number of coefficients for prediction: 
5
Number of formants: 
3
Winner is:
5184 5184 5184
Errors (total,f1,f2,f3): 
38.8 39 39.3 39.4 39.3 40 39.6 39.5 38.7 38.2 37.5 36.7 36.3 36.1 36.2 36.4 36.8 37.6 39 41
6.7 6.7 6.6 6.5 6.4 6.3 6.2 6.2 6.2 6 6.2 6.3 6.4 6.4 6.6 6.8 6.8 7 7.4 8.4
16.6 17.4 18.4 19 19.6 20.3 20.3 20.3 19.9 20 19.5 19 18.8 18.9 19.1 19.4 20 20.8 21.9 23
15.5 14.9 14.3 13.9 13.3 13.4 13.1 13 12.6 12.2 11.8 11.4 11.1 10.8 10.5 10.2 10 9.8 9.7 9.6
Coefficients are (row-wise by formant):
425 24.5 -22.8 5.5 -1.6 -1.2
1358.6 -175.7 110.7 47.3 -2.1 20
2096.9 -21.3 87.9 -60.3 11.6 -19.8
