KLH057a_4547 analysis information:
Number of steps:
20
Cutoff frequencies were: 
4500 4553 4605 4658 4711 4763 4816 4868 4921 4974 5026 5079 5132 5184 5237 5289 5342 5395 5447 5500
Number of coefficients for prediction: 
5
Number of formants: 
3
Winner is:
4500 4500 4500
Errors (total,f1,f2,f3): 
28 31.9 30.9 37.4 36.6 32.3 29.6 29.4 28.3 31.6 32.6 30.1 31.2 29.7 42 80.7 120.4 109.5 99.3 101.3
3.5 3.6 3.7 3.9 4.2 4.5 4.8 5.1 5.3 5.6 6 6.5 7.4 8.7 10.8 14 16.9 17.8 21.3 22.1
1.4 2.1 1.5 1.7 1.8 2.3 3.2 4 3.9 4.9 5.4 7 9.1 12.1 18 30.4 73.2 68.1 69.6 70.7
23.1 26.2 25.7 31.8 30.6 25.5 21.6 20.3 19.1 21.1 21.2 16.6 14.7 8.9 13.2 36.3 30.3 23.6 8.4 8.5
Coefficients are (row-wise by formant):
325.3 6.6 3.5 4 -1.8 -4.1
923.1 79.7 37.1 -19.7 -1.7 5.2
2005.4 -30.3 -46.5 -80.7 18 33.9
