KLH057b_1232 analysis information:
Number of steps:
20
Cutoff frequencies were: 
4500 4553 4605 4658 4711 4763 4816 4868 4921 4974 5026 5079 5132 5184 5237 5289 5342 5395 5447 5500
Number of coefficients for prediction: 
5
Number of formants: 
3
Winner is:
4816 4816 4816
Errors (total,f1,f2,f3): 
21.2 20.8 20.4 20.2 19.9 19.7 18.6 19 18.6 18.9 19.7 21.1 21 21.6 22.8 24.2 26.4 27.7 29.6 31.8
4.1 4.1 4.1 4 4.1 4.1 4.1 4.1 4.1 4.1 4.1 4.2 4.2 4.3 4.3 4.4 4.5 4.6 4.8 5.2
9.4 9.4 9.3 9.3 9.2 9.1 8.8 8.7 8.8 8.8 8.9 9.1 8.9 8.8 8.7 8.4 8.5 8.5 8.4 8.4
7.7 7.3 7 6.9 6.6 6.5 5.7 6.2 5.7 6 6.7 7.8 7.9 8.5 9.8 11.4 13.4 14.6 16.4 18.2
Coefficients are (row-wise by formant):
367.4 -21.5 35.2 2.4 -3.3 -1
1850.9 -22 -64.8 7.4 -24.8 -3.5
2506.5 -80.3 -203.3 -14.6 -38.4 1.6
