KLH057b_0048 analysis information:
Number of steps:
20
Cutoff frequencies were: 
4500 4553 4605 4658 4711 4763 4816 4868 4921 4974 5026 5079 5132 5184 5237 5289 5342 5395 5447 5500
Number of coefficients for prediction: 
5
Number of formants: 
3
Winner is:
4500 4500 4500
Errors (total,f1,f2,f3): 
66.6 71.2 69.9 71.7 69.5 69.9 78.4 86.7 97.6 97.9 86.1 92.8 85.7 79.6 73.8 66.7 68.1 75.6 81.7 88.2
10.5 9.9 9.1 9.1 8.6 8 8 7.7 7.5 7.8 7.5 7.7 7.7 7.5 7.7 7.5 7.5 7.8 7.6 7.7
29.9 34.6 34.3 35.4 34.5 36.5 35.9 34.8 35.5 31.7 30 31.7 27.9 26 24.8 21.2 22.2 22.9 24.8 25.5
26.2 26.7 26.5 27.2 26.4 25.4 34.5 44.2 54.6 58.4 48.6 53.4 50.1 46.1 41.3 38 38.4 44.9 49.3 55
Coefficients are (row-wise by formant):
311.3 50.3 -12.5 -9.6 19.4 -3.2
1938 82.6 -106.3 25.2 -37.2 39.8
2382.1 84.7 -29.2 10.1 16.7 -1.9
