KLH057a_4211 analysis information:
Number of steps:
20
Cutoff frequencies were: 
4500 4553 4605 4658 4711 4763 4816 4868 4921 4974 5026 5079 5132 5184 5237 5289 5342 5395 5447 5500
Number of coefficients for prediction: 
5
Number of formants: 
3
Winner is:
5500 5500 5500
Errors (total,f1,f2,f3): 
34.9 34.5 32.5 32.7 32.6 33 33.5 33.8 33.2 33 32.3 30.6 29.3 29.9 29.6 29.3 29.4 29.2 28.7 28.6
2.7 2.7 2.7 2.6 2.7 2.7 2.7 2.7 2.7 2.7 2.7 2.8 2.8 2.8 2.9 2.9 3 3 3 3.1
8.8 8.8 8.7 9.5 9 9.5 9.2 8.8 8.4 8.4 8.2 7.9 7.2 7.1 6.9 6.6 6.2 5.8 6 5.6
23.4 23 21.1 20.6 20.9 20.8 21.6 22.3 22.1 21.9 21.4 19.9 19.3 20 19.8 19.8 20.2 20.4 19.7 19.9
Coefficients are (row-wise by formant):
334.8 45 -22.2 8.4 -2.1 -4.2
1491.3 -175.7 -86.1 -25.1 -14.6 -15.6
2158.8 -68.4 61.9 -56.1 31.8 -30.3
