KLH057a_3959 analysis information:
Number of steps:
20
Cutoff frequencies were: 
4500 4553 4605 4658 4711 4763 4816 4868 4921 4974 5026 5079 5132 5184 5237 5289 5342 5395 5447 5500
Number of coefficients for prediction: 
5
Number of formants: 
3
Winner is:
5289 5289 5289
Errors (total,f1,f2,f3): 
22.6 22.2 21.8 21.5 21.5 22.1 22 21.9 21.8 21.6 21 20.7 19.9 20.2 19.9 19.1 19.3 19.7 20.4 22.3
6.6 6.5 6.3 6.2 6.2 6.4 6.3 6.2 6.2 6.4 6.5 6.6 6.7 6.8 7.3 7.4 8 8.6 9.4 10.4
4.8 4.9 4.8 4.8 4.1 3.9 3.6 3.4 3.3 3.4 3.3 3.3 3.3 3.4 3.3 3.2 2.8 2.4 2.3 3.3
11.2 10.8 10.7 10.5 11.2 11.8 12.1 12.3 12.3 11.8 11.2 10.8 9.9 10 9.3 8.5 8.5 8.7 8.7 8.6
Coefficients are (row-wise by formant):
431.2 39.4 -20.1 -33.3 -4.1 11.2
872.8 -8.2 18.7 -24.3 20.2 6.7
2123.7 81 -17.9 -29.8 -0.2 7.2
