KLH057a_1165 analysis information:
Number of steps:
20
Cutoff frequencies were: 
4500 4553 4605 4658 4711 4763 4816 4868 4921 4974 5026 5079 5132 5184 5237 5289 5342 5395 5447 5500
Number of coefficients for prediction: 
5
Number of formants: 
3
Winner is:
4500 4500 4500
Errors (total,f1,f2,f3): 
28.7 29.2 31.2 33.9 36.1 82.2 67.6 69.3 62.6 56.8 43.7 34.4 30.6 30.7 35.3 39.1 39.1 40.8 42.3 42.8
1.8 2 2.2 2.5 2.4 2.3 2.2 2.1 2 1.9 1.9 1.9 1.9 1.9 1.9 1.9 1.9 1.9 1.9 1.9
17.5 18.1 20.1 22.5 24.3 37.8 27.3 29.1 25.3 22.4 19.3 17.7 16.9 15.9 19.4 22.5 22.4 23.9 24.8 25.1
9.4 9.1 8.9 8.9 9.4 42.1 38.1 38.1 35.3 32.5 22.5 14.8 11.8 12.9 14 14.7 14.8 15 15.6 15.8
Coefficients are (row-wise by formant):
367.9 -18.6 -23.7 -15 -7.3 -2.2
1728.5 -56 -35.9 -4.2 -18.9 -5.7
2143.4 -96.3 18.3 -5.4 4.5 -2.4
