KLH057a_1483 analysis information:
Number of steps:
20
Cutoff frequencies were: 
4500 4553 4605 4658 4711 4763 4816 4868 4921 4974 5026 5079 5132 5184 5237 5289 5342 5395 5447 5500
Number of coefficients for prediction: 
5
Number of formants: 
3
Winner is:
4500 4500 4500
Errors (total,f1,f2,f3): 
18.5 19.6 18.5 20.4 20.9 21.4 22.8 22.8 23.7 24.3 24.1 23.5 24.9 25.7 25.8 30.3 32.7 32.3 45.6 45.8
1.6 1.5 1.6 1.5 1.5 1.5 1.4 1.5 1.4 1.4 1.5 1.5 1.5 1.5 1.5 1.5 1.6 1.6 1.9 1.9
6.4 6.9 7 7.9 8.5 8.7 9.1 9.6 9.9 10.4 10.7 11.1 11.5 12.5 13.5 14.9 16.2 17.4 20.2 21.2
10.5 11.2 9.9 11 10.9 11.2 12.3 11.7 12.4 12.5 11.9 10.9 11.9 11.7 10.8 13.9 14.9 13.3 23.5 22.7
Coefficients are (row-wise by formant):
391.9 18.1 -10.6 4.3 -4.3 2.6
1098 -118.1 2.8 4.1 4.2 1.1
1941.6 154.3 -49.6 7.6 14.9 -4.2
