KLH057b_1952 analysis information:
Number of steps:
20
Cutoff frequencies were: 
4500 4553 4605 4658 4711 4763 4816 4868 4921 4974 5026 5079 5132 5184 5237 5289 5342 5395 5447 5500
Number of coefficients for prediction: 
5
Number of formants: 
3
Winner is:
4553 4553 4553
Errors (total,f1,f2,f3): 
43.3 40.3 40.5 41.2 42.9 45.8 48.5 51.1 56.6 60.4 67.3 78.5 379.6 240.9 273.7 300.5 375.9 415.5 505.2 552.1
8.4 8 7.7 7.4 7.2 6.9 6.9 7.2 8.2 10.2 12.6 18.1 116.8 75.1 66.4 70 72 76.3 78 91.7
16.2 15.7 15.7 15.7 15.9 16.1 16.3 16.4 16.9 17.3 18.2 20.1 128.1 74.5 85.7 93 118.5 130.7 161.9 177.7
18.7 16.6 17.1 18.1 19.8 22.8 25.3 27.5 31.5 32.9 36.5 40.3 134.7 91.3 121.6 137.5 185.4 208.5 265.3 282.7
Coefficients are (row-wise by formant):
407.4 63.9 -65.8 18.2 -7.7 5.7
1211.6 23.9 1.5 -20.5 14.5 11.4
2186.2 -50.1 8.5 -19.5 -11.3 6.7
