KLH057b_0322 analysis information:
Number of steps:
20
Cutoff frequencies were: 
4500 4553 4605 4658 4711 4763 4816 4868 4921 4974 5026 5079 5132 5184 5237 5289 5342 5395 5447 5500
Number of coefficients for prediction: 
5
Number of formants: 
3
Winner is:
4763 4763 4763
Errors (total,f1,f2,f3): 
45 57.9 52.7 51.1 42.3 37.6 38 67.7 81.7 87.3 77 70.6 59.7 57.8 54 53.9 58.5 75.6 96.1 108.2
4.5 4.4 4.3 4.2 4.1 4.2 4.1 4.1 4 4 4.1 4.1 4.1 4.2 4.2 4.3 4.3 4.3 4.3 4.1
32 43.1 38.7 36 28.9 23.5 17.1 17.7 17.8 18.8 19.8 20.7 20.8 21.8 23 23.6 21.5 17.8 15.6 16.3
8.5 10.4 9.7 10.9 9.3 9.9 16.8 45.9 59.9 64.5 53.1 45.8 34.8 31.8 26.8 26 32.7 53.5 76.2 87.8
Coefficients are (row-wise by formant):
360.3 3.6 7.4 2.1 -14 2.6
1517.5 -241.3 7.5 -32.5 3 -21
1974.2 20.7 -42 5.7 2.2 23.4
