KLH057a_1402 analysis information:
Number of steps:
20
Cutoff frequencies were: 
4500 4553 4605 4658 4711 4763 4816 4868 4921 4974 5026 5079 5132 5184 5237 5289 5342 5395 5447 5500
Number of coefficients for prediction: 
5
Number of formants: 
3
Winner is:
5237 5237 5237
Errors (total,f1,f2,f3): 
6.4 6.2 6.2 6.3 6.5 6.1 6 6 5.8 5.9 5.6 5.6 5.4 5.3 5.2 5.4 5.2 5.3 5.5 5.6
1.1 0.9 0.9 0.9 0.9 0.9 0.8 0.8 0.7 0.7 0.8 0.8 0.7 0.7 0.7 0.8 0.8 0.8 0.9 0.9
3.2 3.1 3.1 3.2 3.1 3 2.8 2.9 2.8 2.8 2.9 2.9 2.9 2.9 3.1 3.3 3.2 3.3 3.5 3.6
2.1 2.2 2.2 2.2 2.5 2.2 2.4 2.3 2.3 2.4 1.9 1.9 1.8 1.7 1.4 1.3 1.2 1.2 1.1 1.1
Coefficients are (row-wise by formant):
423.4 -63.1 -13 -2.6 2.4 -2.8
869.8 -78.1 -5.4 19.2 17.4 -1.8
2250.4 -5 11.9 -8.4 -8.2 5.1
