KLH057a_5679 analysis information:
Number of steps:
20
Cutoff frequencies were: 
4500 4553 4605 4658 4711 4763 4816 4868 4921 4974 5026 5079 5132 5184 5237 5289 5342 5395 5447 5500
Number of coefficients for prediction: 
5
Number of formants: 
3
Winner is:
4711 4711 4711
Errors (total,f1,f2,f3): 
32.4 31.5 30.5 30.5 30.3 30.7 31.9 33.2 33.4 34 34.7 35.5 33.5 33 33.8 33.2 32.9 33.3 32.8 33.4
11.6 11.2 10.8 10.6 10.6 11.2 11.7 12.8 13.2 13.7 14.3 14.8 13.9 14.2 14.8 14.9 15 14.8 14.8 15
4.5 4.6 4.5 4.9 4.7 5.1 5.8 6.7 6.8 7.2 7.7 8.1 7.5 7.7 8.7 8.4 8.3 8.1 7.4 7.3
16.3 15.7 15.2 15 15 14.4 14.4 13.7 13.4 13.1 12.7 12.6 12.1 11.1 10.3 9.9 9.6 10.4 10.6 11.1
Coefficients are (row-wise by formant):
492.7 92.6 -10.1 56.3 -17.8 19.6
1546.1 -172.1 -73.3 6 -2.8 -4.9
2218.1 -173.7 27.7 5.7 -8.4 10.4
