KLH057a_4224 analysis information:
Number of steps:
20
Cutoff frequencies were: 
4500 4553 4605 4658 4711 4763 4816 4868 4921 4974 5026 5079 5132 5184 5237 5289 5342 5395 5447 5500
Number of coefficients for prediction: 
5
Number of formants: 
3
Winner is:
5342 5342 5342
Errors (total,f1,f2,f3): 
34.2 32.2 47.2 70.7 75.8 57.5 45 37 34.1 33.4 37.8 33.4 34.8 33 33.8 30.9 30.4 32.2 32.8 37
1.9 2 2 2.1 2 2.1 2 2.1 2 2 2 2 1.9 2 1.9 2 2 2 2 2
13.5 13.8 13.7 13.8 14.2 14 14.4 14.2 14.3 14.2 14.4 14.1 14.6 14.2 14 14 13.7 13.6 13.5 13.6
18.8 16.4 31.5 54.8 59.6 41.4 28.6 20.7 17.8 17.2 21.4 17.3 18.3 16.8 17.9 14.9 14.7 16.6 17.3 21.4
Coefficients are (row-wise by formant):
359 0.3 4.8 -0.2 0.5 -0.5
1914.8 11.4 -20.9 40.7 -7.7 4.4
2439.1 -43.2 -21.3 46.1 -19.6 -8.8
