KLH057a_4448 analysis information:
Number of steps:
20
Cutoff frequencies were: 
4500 4553 4605 4658 4711 4763 4816 4868 4921 4974 5026 5079 5132 5184 5237 5289 5342 5395 5447 5500
Number of coefficients for prediction: 
5
Number of formants: 
3
Winner is:
4500 4500 4500
Errors (total,f1,f2,f3): 
15 16.4 17 18.3 19.3 20 22.1 20.8 21.5 21.1 19.8 18.2 18.4 17.4 16.8 15.2 15.5 16.4 16.6 16.8
0.8 0.8 0.8 0.8 0.9 0.9 0.9 0.9 0.9 0.9 0.9 0.9 0.9 0.9 0.9 0.9 0.9 0.9 0.9 0.9
5 5.4 5.2 5.2 5.2 5.1 5 5.1 4.9 5.2 5.2 5.5 5.5 5.7 5.9 6 6.3 6.4 6.5 6.9
9.2 10.2 11 12.3 13.2 14 16.2 14.8 15.7 15 13.7 11.8 12 10.8 10 8.3 8.3 9.1 9.2 9
Coefficients are (row-wise by formant):
325.9 -5.4 0.9 0.1 2.7 1.1
1920.7 -84.1 -36.1 1 9.8 11.5
2492.1 -36.8 -80 49.7 -42.4 -18.8
