KLH057a_2780 analysis information:
Number of steps:
20
Cutoff frequencies were: 
4500 4553 4605 4658 4711 4763 4816 4868 4921 4974 5026 5079 5132 5184 5237 5289 5342 5395 5447 5500
Number of coefficients for prediction: 
5
Number of formants: 
3
Winner is:
4500 4500 4500
Errors (total,f1,f2,f3): 
56.9 57.2 98.5 102 72.2 73.5 71 65.9 64.5 67.9 67.8 69.5 71.3 70.7 70.3 70.6 70.6 71.2 74.8 75.7
4.7 4.6 4.4 4.4 4.4 4.3 4.2 4.2 4.3 4.3 4.5 4.5 4.5 4.6 4.6 4.6 4.6 4.6 4.6 4.6
31.9 31.8 44.6 51.8 33.5 33.7 34.4 34.6 35.3 37.3 36 36.9 38.6 37.5 37.5 37.8 38.6 39.5 43.1 43.1
20.3 20.8 49.5 45.8 34.3 35.5 32.4 27.1 24.9 26.3 27.3 28.1 28.2 28.6 28.2 28.2 27.4 27.1 27.1 28
Coefficients are (row-wise by formant):
358 1.5 34.3 -11.6 7.1 -1.3
1728.5 -169.7 -208.6 -22.4 -60 -33.4
2290.3 -160.7 -116.3 6.9 -13.7 -13.1
