KLH057a_1899 analysis information:
Number of steps:
20
Cutoff frequencies were: 
4500 4553 4605 4658 4711 4763 4816 4868 4921 4974 5026 5079 5132 5184 5237 5289 5342 5395 5447 5500
Number of coefficients for prediction: 
5
Number of formants: 
3
Winner is:
4921 4921 4921
Errors (total,f1,f2,f3): 
14.8 15.1 14.7 14.3 13.6 13.4 11.7 11.7 11.1 12 13.4 13.5 14.2 14.2 14.5 14.1 14.2 14.8 14.3 14.3
4.5 4.7 4.5 4.4 4.2 4.2 3.8 3.7 4 3.9 4.1 4.3 4.6 4.7 4.8 4.7 4.9 5.2 5.1 5.1
5.2 5.4 5.3 5.2 5 5.1 4 4.4 3.9 5.3 6.6 6.9 7.3 7.2 7.4 7.2 7 7.2 7 6.9
5.1 5 4.9 4.7 4.4 4.1 3.9 3.6 3.2 2.8 2.7 2.3 2.3 2.3 2.3 2.2 2.3 2.4 2.2 2.3
Coefficients are (row-wise by formant):
541.9 63.8 -29.2 30 -16.6 14
1096.7 -97 2.3 -17.7 8.4 -5.6
2114.1 -25 -6.3 -15.4 -0.1 -3.5
