KLH057a_4073 analysis information:
Number of steps:
20
Cutoff frequencies were: 
4500 4553 4605 4658 4711 4763 4816 4868 4921 4974 5026 5079 5132 5184 5237 5289 5342 5395 5447 5500
Number of coefficients for prediction: 
5
Number of formants: 
3
Winner is:
5184 5184 5184
Errors (total,f1,f2,f3): 
15 15.3 15.6 15.7 15.6 15.7 15.4 15.4 15.2 15.3 15.2 15 15 14.9 15.6 16.5 16.6 16.9 17.2 17.2
0.7 0.7 0.7 0.7 0.7 0.8 0.8 0.8 0.8 0.8 0.8 0.8 0.8 0.8 0.8 0.8 0.9 0.9 0.9 0.9
7 7 7 6.9 6.8 6.7 6.5 6.4 6.4 6.5 6.6 6.5 6.5 6.4 6.7 7.1 7.1 7.2 7.3 7.4
7.3 7.6 7.9 8.1 8.1 8.2 8.1 8.2 8 8 7.8 7.7 7.7 7.7 8.1 8.6 8.6 8.8 9 8.9
Coefficients are (row-wise by formant):
313.3 2.5 4.9 2.1 0.6 -2
1803.9 2.5 -18.4 -7.8 2.2 2.1
2386.9 9.8 -25.2 -8.7 -5.9 -1.2
