KLH057a_4138 analysis information:
Number of steps:
20
Cutoff frequencies were: 
4500 4553 4605 4658 4711 4763 4816 4868 4921 4974 5026 5079 5132 5184 5237 5289 5342 5395 5447 5500
Number of coefficients for prediction: 
5
Number of formants: 
3
Winner is:
5342 5342 5342
Errors (total,f1,f2,f3): 
58.7 58.3 58.1 57.3 56.7 56.1 55.5 54.7 53.4 52.8 51.9 50.4 48.9 48.3 47 47 46.5 46.5 46.8 46.5
32.3 32.7 33 32.7 32.4 32.3 32.1 31.8 31 31 30.6 30.1 29.5 29.1 28.5 28.4 28.3 28.2 28.5 28.6
13.8 13.9 14 13.9 13.8 13.5 13.2 12.8 12.3 11.9 11.5 10.6 9.8 9.6 9.3 9.2 8.9 8.8 8.8 8.6
12.6 11.7 11.1 10.7 10.5 10.3 10.2 10.1 10.1 9.9 9.8 9.7 9.6 9.6 9.2 9.4 9.3 9.5 9.5 9.3
Coefficients are (row-wise by formant):
551.8 72.1 -122.6 -31.8 -17.7 -11.6
1202.3 78 58.3 41.5 8.3 27.2
2184.4 40.6 13.8 43 7.6 20.9
