KLH057b_0539 analysis information:
Number of steps:
20
Cutoff frequencies were: 
4500 4553 4605 4658 4711 4763 4816 4868 4921 4974 5026 5079 5132 5184 5237 5289 5342 5395 5447 5500
Number of coefficients for prediction: 
5
Number of formants: 
3
Winner is:
4868 4868 4868
Errors (total,f1,f2,f3): 
21.5 20.6 20.2 19.6 18.4 17.3 17.6 16.3 16.5 18.3 20.2 21.1 22.7 21.5 20.9 19.5 18 19.2 24.2 23.4
3.8 3.8 3.7 3.7 3.7 3.5 3.6 3.5 3.4 3.4 3.3 3.3 3.2 3.1 3.2 3.2 3.1 3.1 3.2 3.2
5 4.9 4.9 4.9 4.5 4.4 4.3 4.1 4 3.9 3.6 3.4 3.1 3 3.3 3.6 4 4 4.5 4.4
12.7 11.9 11.6 11 10.2 9.4 9.7 8.7 9.1 11 13.3 14.4 16.4 15.4 14.4 12.7 10.9 12.1 16.5 15.8
Coefficients are (row-wise by formant):
351.1 -13.9 0.2 8.8 1.7 6.9
1427.1 80.4 -7.6 -0.6 -6.6 -1.2
2130.9 160.4 -69.5 -62.7 38.3 66.2
