KLH057a_1348 analysis information:
Number of steps:
20
Cutoff frequencies were: 
4500 4553 4605 4658 4711 4763 4816 4868 4921 4974 5026 5079 5132 5184 5237 5289 5342 5395 5447 5500
Number of coefficients for prediction: 
5
Number of formants: 
3
Winner is:
5342 5342 5342
Errors (total,f1,f2,f3): 
19.9 20.1 21.5 22.9 25 27 24.3 26.1 25.1 24.4 22.1 23 22.3 22 21.3 20.3 19.8 20 19.9 20
1.5 1.6 1.6 1.6 1.6 1.6 1.5 1.5 1.6 1.6 1.5 1.6 1.6 1.6 1.6 1.6 1.7 1.8 1.8 1.9
10.8 10.9 12.1 13.4 15.3 17.5 15.9 17.2 16.3 15.8 13.8 14.1 13.3 12.7 11.7 10.7 10 10.1 9.9 10
7.6 7.6 7.8 7.9 8.1 7.9 6.9 7.4 7.2 7 6.8 7.3 7.4 7.7 8 8 8.1 8.1 8.2 8.1
Coefficients are (row-wise by formant):
381.1 15.5 6.8 0.9 1.3 1.1
1073.8 -210.8 68.2 -25.7 24.4 -4.4
2142.4 68.9 5.5 1.5 -3.6 -1.7
