KLH057a_5667 analysis information:
Number of steps:
20
Cutoff frequencies were: 
4500 4553 4605 4658 4711 4763 4816 4868 4921 4974 5026 5079 5132 5184 5237 5289 5342 5395 5447 5500
Number of coefficients for prediction: 
5
Number of formants: 
3
Winner is:
4605 4605 4605
Errors (total,f1,f2,f3): 
9.1 9.6 8.8 9 8.9 8.9 9.1 9.4 9.3 9.1 9.3 9.1 9.3 9.1 8.9 9.5 9.6 9.9 11.1 13.9
2.6 2.7 2.4 2.3 2.5 2.4 2.5 2.5 2.6 2.6 2.8 2.8 2.9 3.1 3.2 3.5 3.7 4.1 4.7 5.8
3.1 3.4 3.1 3.2 3 3.1 3.1 3.3 3.2 3.2 3.2 3.1 3.1 2.9 2.7 2.8 2.7 2.7 3.1 4.9
3.4 3.5 3.3 3.5 3.4 3.4 3.5 3.6 3.5 3.3 3.3 3.2 3.3 3.1 3 3.2 3.2 3.1 3.3 3.2
Coefficients are (row-wise by formant):
425.2 17.9 4.1 -21.4 -9.8 3.6
970.2 41.6 -21.9 21.6 5.3 -7.1
2297.3 -33.5 -2.9 -12.3 2.7 -5.5
