KLH057a_0074 analysis information:
Number of steps:
20
Cutoff frequencies were: 
4500 4553 4605 4658 4711 4763 4816 4868 4921 4974 5026 5079 5132 5184 5237 5289 5342 5395 5447 5500
Number of coefficients for prediction: 
5
Number of formants: 
3
Winner is:
4711 4711 4711
Errors (total,f1,f2,f3): 
35.7 35.6 35.3 35.4 34.6 38.7 41.6 41.5 46.7 42.3 40.9 42.2 40.8 37.2 38.1 38.9 38.4 39.2 41.4 44.4
7.6 7.5 7.3 7.2 6.8 6.8 6.6 6.6 6.5 6.3 6.1 6 5.9 5.8 5.7 5.6 5.6 5.5 5.5 5.4
9.6 10 10.7 11.8 12.4 12.7 12.4 12.1 11.9 11.5 10.9 10.5 10.2 9.9 9.8 10 10.3 10.6 11.1 11.9
18.5 18.1 17.3 16.4 15.4 19.2 22.6 22.8 28.3 24.5 23.9 25.7 24.7 21.5 22.6 23.3 22.5 23.1 24.8 27.1
Coefficients are (row-wise by formant):
387.3 20.8 -2.9 -0.4 -19.6 -3.9
1168.1 105.8 84.8 -74.7 9.3 -22.4
2151.4 180.7 59.8 32.8 20.4 -16.8
