KLH057a_4457 analysis information:
Number of steps:
20
Cutoff frequencies were: 
4500 4553 4605 4658 4711 4763 4816 4868 4921 4974 5026 5079 5132 5184 5237 5289 5342 5395 5447 5500
Number of coefficients for prediction: 
5
Number of formants: 
3
Winner is:
5184 5184 5184
Errors (total,f1,f2,f3): 
39.2 40.5 41.9 42.1 42.7 41.4 39.6 37.1 36.3 34.4 33.5 33 32.6 32.5 33 33.5 34.2 35.5 36.7 38.8
3.7 3.7 3.7 3.8 3.9 3.9 4 4 4.2 4 4 3.9 3.6 3.9 4 4.3 4.5 5 5.2 6
27.7 28.9 30.1 30.2 30.6 29.3 27.4 24.7 23.7 21.9 20.5 20.1 19.7 19.7 20 20.2 20.6 21.3 22.1 23.4
7.8 7.9 8.1 8.1 8.2 8.2 8.2 8.4 8.4 8.5 9 9 9.3 8.9 9 9 9.1 9.2 9.4 9.4
Coefficients are (row-wise by formant):
457 -19.6 -12 -11 -14.3 -2
969.2 -20.7 -7.6 -7.3 19.4 32.7
2390.7 -3.4 -29.7 -17.1 -10.9 -2.5
