KLH057a_5901 analysis information:
Number of steps:
20
Cutoff frequencies were: 
4500 4553 4605 4658 4711 4763 4816 4868 4921 4974 5026 5079 5132 5184 5237 5289 5342 5395 5447 5500
Number of coefficients for prediction: 
5
Number of formants: 
3
Winner is:
5500 5500 5500
Errors (total,f1,f2,f3): 
37.6 38 38.5 39.3 40.3 41.1 41.7 42.4 42.9 43.4 43.7 42.9 42.3 41.7 40 39.3 38.2 37.7 38 37.1
3.4 3.4 3.5 3.4 3.5 3.5 3.4 3.5 3.5 3.5 3.5 3.5 3.5 3.6 3.6 3.6 3.6 3.6 3.6 3.6
20.6 20.8 21.1 21.6 22.3 22.9 23.4 23.9 24.3 24.7 25.1 24.5 24.3 23.6 22.3 21.8 21 20.7 21.2 20.1
13.6 13.8 13.9 14.3 14.5 14.7 14.9 15 15.1 15.2 15.1 14.9 14.5 14.5 14.1 13.9 13.6 13.4 13.2 13.4
Coefficients are (row-wise by formant):
345.9 -27.3 27 -4.3 6.6 -0.2
1849.3 66.5 -48.2 33.5 9.4 4
2372.6 70.7 -25 -5.7 -11.7 16.1
