KLH057b_0399 analysis information:
Number of steps:
20
Cutoff frequencies were: 
4500 4553 4605 4658 4711 4763 4816 4868 4921 4974 5026 5079 5132 5184 5237 5289 5342 5395 5447 5500
Number of coefficients for prediction: 
5
Number of formants: 
3
Winner is:
4763 4763 4763
Errors (total,f1,f2,f3): 
10.5 10.1 9.6 9.6 9.4 8 11.9 12.4 46.3 29.1 28 27.1 29.2 36.4 27.2 18.5 12.2 15.6 18.5 21.1
0.2 0.2 0.2 0.3 0.2 0.2 0.5 0.4 0.4 0.4 0.4 0.4 0.4 0.5 0.5 0.5 0.5 0.5 0.5 0.5
3.5 3.3 3.1 3.1 3 2.8 2.7 4.3 7.3 15 11.8 9.3 6.7 12.2 9.8 8.1 7.3 6.8 6.4 6.3
6.8 6.6 6.3 6.2 6.2 5 8.7 7.7 38.6 13.7 15.8 17.4 22.1 23.7 16.9 9.9 4.4 8.3 11.6 14.3
Coefficients are (row-wise by formant):
321.6 -8 -6.2 -5.1 1.6 -0.1
1898.6 115.3 -41 9.3 -4.8 0.8
2403.9 168.7 -23.5 27.5 -4.3 -8.5
