KLH057b_1116 analysis information:
Number of steps:
20
Cutoff frequencies were: 
4500 4553 4605 4658 4711 4763 4816 4868 4921 4974 5026 5079 5132 5184 5237 5289 5342 5395 5447 5500
Number of coefficients for prediction: 
5
Number of formants: 
3
Winner is:
4658 4658 4658
Errors (total,f1,f2,f3): 
29 28.4 28.1 27.9 27.9 28.1 28.4 28.8 29.5 30.2 31.4 33 35.9 41.3 51.2 115.5 182.2 257.1 393.4 468.6
4 4 3.9 3.8 3.7 3.6 3.6 3.6 3.5 3.5 3.4 3.4 3.6 3.9 4.7 4.1 3.8 14 2.9 2.7
13.8 13.6 13.6 13.9 14.2 14.7 14.9 15.6 16.6 17.7 19 20.5 22.3 26.5 33 66.4 99.2 142.3 197 241.7
11.2 10.8 10.6 10.2 10 9.8 9.9 9.6 9.4 9 9 9.1 10 10.9 13.5 45 79.2 100.8 193.5 224.2
Coefficients are (row-wise by formant):
389.2 19.5 -8.2 -6.4 -10 -5.9
1068.4 -192.5 16.1 -44.8 -2.4 -19.3
2061.1 51.5 -20.6 -24.5 -9 -16.1
