KLH057a_4233 analysis information:
Number of steps:
20
Cutoff frequencies were: 
4500 4553 4605 4658 4711 4763 4816 4868 4921 4974 5026 5079 5132 5184 5237 5289 5342 5395 5447 5500
Number of coefficients for prediction: 
5
Number of formants: 
3
Winner is:
4500 4500 4500
Errors (total,f1,f2,f3): 
10 10.6 10.5 10.8 11.1 11.2 11.6 11.9 12.1 12.5 13.1 11.8 11.6 11.2 11.1 11.3 13 16.2 23.1 46.4
3.1 2.8 2.7 2.8 2.9 2.8 2.9 2.9 2.7 2.7 2.8 2.6 2.6 2.6 2.8 2.9 2.6 2.5 2.7 16.1
3.2 4.1 4.3 4.5 4.6 4.9 5.1 5.2 5.4 5.6 5.9 4.8 4.6 4.2 3.9 3.8 6 9.4 16.1 26.1
3.7 3.7 3.5 3.5 3.6 3.5 3.6 3.8 4 4.2 4.4 4.4 4.4 4.4 4.4 4.6 4.4 4.3 4.3 4.2
Coefficients are (row-wise by formant):
370.3 -10.3 -33.9 -3.7 -1.3 -3.3
867.9 15.2 29.9 -31.2 37.8 -13.9
2184.3 27.7 -7.4 3.3 -7.3 7.5
