KLH057b_1890 analysis information:
Number of steps:
20
Cutoff frequencies were: 
4500 4553 4605 4658 4711 4763 4816 4868 4921 4974 5026 5079 5132 5184 5237 5289 5342 5395 5447 5500
Number of coefficients for prediction: 
5
Number of formants: 
3
Winner is:
4763 4763 4763
Errors (total,f1,f2,f3): 
23 21.9 21.3 20.8 20.3 19.8 21.7 23.7 26.6 30.6 35 43 49 70.7 398.4 359.4 304.2 306.2 263.2 263.7
1.1 1 1 1 1 1.1 1.2 1.5 1.8 2.2 2.7 3.2 3.1 3.6 25.4 9.4 2.8 4.1 1.4 2.1
11.6 11.7 11.6 11.3 11.8 12.6 13.4 14.3 16 18.3 20.9 26.1 28.8 45.9 199.5 183.2 171.9 173.7 141.1 144.4
10.3 9.2 8.7 8.5 7.5 6.1 7.1 7.9 8.8 10.1 11.4 13.7 17.1 21.2 173.5 166.8 129.5 128.4 120.7 117.2
Coefficients are (row-wise by formant):
367.7 -18.2 -2.7 9.8 -6.4 3.3
935.9 144.5 23.7 32.3 5.4 -9.2
2142.1 8.1 -20 -15.5 36.4 -16.6
