KLH057a_5953 analysis information:
Number of steps:
20
Cutoff frequencies were: 
4500 4553 4605 4658 4711 4763 4816 4868 4921 4974 5026 5079 5132 5184 5237 5289 5342 5395 5447 5500
Number of coefficients for prediction: 
5
Number of formants: 
3
Winner is:
4500 4500 4500
Errors (total,f1,f2,f3): 
33.8 34.4 34.3 33.8 34 35.2 35 35.1 35.4 35.8 36.3 37.3 37.8 40.4 42.7 44.7 48 50.8 56.8 64.1
16 16.7 16.5 15.5 15.3 15.6 15.2 14.9 15.1 15.1 15.1 15.7 16.1 17.1 18.2 19.3 21 22.5 25.9 30
7.5 7.6 7.8 8 8.1 8.5 8.7 8.8 8.9 9 8.9 9.3 9.7 10.4 11.1 11.8 13 13.9 16 18.7
10.3 10.1 10 10.3 10.6 11.1 11.1 11.4 11.4 11.7 12.3 12.3 12 12.9 13.4 13.6 14 14.4 14.9 15.4
Coefficients are (row-wise by formant):
648.6 -5.8 -46.2 6.1 -21.1 6.3
1139.8 -84.3 42.5 -13.9 13 -7.9
2144.5 -56 -18.3 -26.2 -0.8 -0.9
