KLH057a_3376 analysis information:
Number of steps:
20
Cutoff frequencies were: 
4500 4553 4605 4658 4711 4763 4816 4868 4921 4974 5026 5079 5132 5184 5237 5289 5342 5395 5447 5500
Number of coefficients for prediction: 
5
Number of formants: 
3
Winner is:
4658 4658 4658
Errors (total,f1,f2,f3): 
56.7 43.2 41.5 41.1 44.2 55.4 47.9 56.3 65.9 78.2 233.3 343.1 308.2 235 307.5 365.4 375.7 386.4 503.3 493.7
3.9 4.1 4.1 4.2 4.1 4.3 4.1 4.3 4.2 7.7 3.8 4 3.9 5.5 14.8 3.5 3.4 3.6 6.6 3
24.2 18 17.7 19.7 18.4 28.5 31.9 41.8 51.1 59.3 157.9 229.4 214.6 217.8 215.9 229.8 235.7 235.4 305.2 292.3
28.6 21.1 19.7 17.2 21.7 22.6 11.9 10.2 10.6 11.2 71.6 109.7 89.7 11.7 76.8 132.1 136.6 147.4 191.5 198.4
Coefficients are (row-wise by formant):
340.7 13.8 -40.8 -2.8 -6.3 3
774.5 14.1 118.1 123.6 40 19.4
2161.8 9.1 6.4 36.2 -35.6 -14.8
