KLH057a_5511 analysis information:
Number of steps:
20
Cutoff frequencies were: 
4500 4553 4605 4658 4711 4763 4816 4868 4921 4974 5026 5079 5132 5184 5237 5289 5342 5395 5447 5500
Number of coefficients for prediction: 
5
Number of formants: 
3
Winner is:
5395 5395 5395
Errors (total,f1,f2,f3): 
100.3 114.8 45.4 39.5 38.2 36.1 37 30.8 26.2 25.1 26.6 26.4 26.1 26.1 26 26.3 25.6 24.6 25.2 24.8
5.8 5.4 5 4.9 4.8 4.9 5.2 4.8 4.9 4.9 4.7 4.7 4.5 4.5 4.5 4.4 4.5 4.5 4.5 4.7
9.8 32.9 9.8 9.8 10.1 10.5 10.3 10.3 10.7 10.9 11.3 11.7 12 12.6 12.8 13 13 12.6 12.9 12.6
84.7 76.5 30.6 24.8 23.3 20.7 21.5 15.7 10.6 9.3 10.6 10 9.6 9 8.7 8.9 8.1 7.5 7.8 7.5
Coefficients are (row-wise by formant):
370.9 -19.5 12 20.5 -12.4 5.1
1490.6 -38.7 -44 13 -10.4 -12.6
2215.9 -15.7 -4.3 29.1 -5.3 -4.1
