KLH057b_1412 analysis information:
Number of steps:
20
Cutoff frequencies were: 
4500 4553 4605 4658 4711 4763 4816 4868 4921 4974 5026 5079 5132 5184 5237 5289 5342 5395 5447 5500
Number of coefficients for prediction: 
5
Number of formants: 
3
Winner is:
4605 4605 4605
Errors (total,f1,f2,f3): 
34.7 32 29.5 30.5 30.2 29.6 31.8 32.2 33.6 34.9 37.5 38.6 41.1 44.3 45.2 49.9 55.7 61.8 67.9 76
7.8 7.6 7.8 7.6 7.6 7.7 7.7 7.8 7.7 7.7 7.8 7.7 7.5 7.4 6.9 6.7 6.5 6.1 5.5 5.4
11 10.3 9.6 10 10 9.6 10.2 10.1 10.4 10.9 11.3 11.8 12.6 13.4 14 15.6 17.4 20.1 23.3 27.6
15.9 14.1 12.1 12.9 12.6 12.3 13.9 14.3 15.5 16.3 18.4 19.1 21 23.5 24.3 27.6 31.8 35.6 39.1 43
Coefficients are (row-wise by formant):
378.4 -0.8 -28.1 -9.2 -1.4 17.5
881.8 51.7 10.3 -15.4 8.7 4.3
2226.8 27.9 4.8 26.5 20.3 -4
