KLH057b_1891 analysis information:
Number of steps:
20
Cutoff frequencies were: 
4500 4553 4605 4658 4711 4763 4816 4868 4921 4974 5026 5079 5132 5184 5237 5289 5342 5395 5447 5500
Number of coefficients for prediction: 
5
Number of formants: 
3
Winner is:
4658 4658 4658
Errors (total,f1,f2,f3): 
33.2 32.2 31.2 30.8 31.9 33.5 35.1 37.5 40.9 46 60.6 122 176.1 180.9 193.8 349.1 415.8 379.6 371.1 398
6.2 5.3 4.9 4.8 4.8 5.1 5.4 6.1 7.2 9.3 14.7 21.8 41.2 43.9 52.9 91.3 109.2 103.1 106 111.4
12 11.4 11.3 11.2 11.3 11.6 12.4 13.2 14.9 18 26.9 66.7 93.3 91.1 89 171 199.1 182.6 176.7 201.9
15 15.5 15 14.8 15.8 16.8 17.3 18.2 18.8 18.7 19 33.5 41.6 45.9 51.9 86.8 107.5 93.9 88.4 84.7
Coefficients are (row-wise by formant):
405.8 23.9 -51.8 9.6 8.2 4
1158.7 -214 38.8 -14.8 -13.3 17.8
2074.8 -13 -47.1 28.6 0.2 31.3
