KLH057a_3825 analysis information:
Number of steps:
20
Cutoff frequencies were: 
4500 4553 4605 4658 4711 4763 4816 4868 4921 4974 5026 5079 5132 5184 5237 5289 5342 5395 5447 5500
Number of coefficients for prediction: 
5
Number of formants: 
3
Winner is:
4868 4868 4868
Errors (total,f1,f2,f3): 
74.3 61.5 56.9 56.6 55.3 53.2 51.6 51.2 53.3 52.7 56 58.5 60.5 62.2 62.7 64.9 64.8 65.3 68.4 73
16 16.6 17.5 17.5 17.1 16.3 16.1 18.6 20.5 20 21.9 23.7 25 26.2 26.2 27.2 26.8 26.6 27.5 28.8
28.2 29.4 29.8 29.4 28.4 26.9 25.4 22.3 22.6 22.4 23.9 24.7 25.5 26.1 26.4 27.5 27.8 28.1 29.9 32.8
30.1 15.5 9.6 9.7 9.8 10 10.1 10.3 10.2 10.3 10.2 10.1 10 9.9 10.1 10.2 10.2 10.6 11 11.4
Coefficients are (row-wise by formant):
478 77.2 -38.6 -27.8 -22.2 -7.3
883.8 49.8 -60.8 12.1 -29 -14.4
2309.3 -57.2 23.5 -5 -2.1 -0.3
