KLH057a_2060 analysis information:
Number of steps:
20
Cutoff frequencies were: 
4500 4553 4605 4658 4711 4763 4816 4868 4921 4974 5026 5079 5132 5184 5237 5289 5342 5395 5447 5500
Number of coefficients for prediction: 
5
Number of formants: 
3
Winner is:
4500 4500 4500
Errors (total,f1,f2,f3): 
28.1 28.6 30.7 30.8 29.9 30.1 29.8 29.4 28.8 28.6 28.5 28.3 28.3 30.4 32.5 36.2 37 40.1 42 43.6
5.3 5.2 5.4 5.2 4.9 5 4.9 4.8 4.8 4.8 4.7 4.6 4.5 4.5 4.5 4.5 4.6 4.7 4.7 5
3.4 3.5 4.2 4.3 4 3.9 4 3.9 4 4.3 4.6 5.3 6 7.5 9.2 11.3 12 13.7 15.2 15
19.4 19.9 21.1 21.3 21 21.2 20.9 20.7 20 19.5 19.2 18.4 17.8 18.4 18.8 20.4 20.4 21.7 22.1 23.6
Coefficients are (row-wise by formant):
390.1 27.3 13.9 6.1 -16.4 -8.4
1326.7 164.1 15.3 28.7 15.1 -2.4
2028.1 37.9 82.6 45.5 42.7 15.5
