KLH057a_3938 analysis information:
Number of steps:
20
Cutoff frequencies were: 
4500 4553 4605 4658 4711 4763 4816 4868 4921 4974 5026 5079 5132 5184 5237 5289 5342 5395 5447 5500
Number of coefficients for prediction: 
5
Number of formants: 
3
Winner is:
4500 4500 4500
Errors (total,f1,f2,f3): 
21.6 22.9 23.3 24.3 24.4 22.2 22.4 22.3 21.6 21.6 21.8 21.7 22.7 24.2 27 33.3 49.1 62.5 136.6 140.4
3.6 3.9 3.2 3.3 3.1 2.5 2.6 2.6 2.4 2.4 2.5 2.4 2.4 2.7 2.8 3.1 3.3 10.7 3.4 3.5
12.2 13.2 13.7 13.8 13.2 11.1 10.1 9.8 9.4 9.4 9.1 9.1 9.4 10 11.8 17.2 32.4 38 77.5 81
5.8 5.8 6.4 7.2 8.1 8.6 9.7 9.9 9.8 9.8 10.2 10.2 10.9 11.5 12.4 13 13.4 13.8 55.7 55.9
Coefficients are (row-wise by formant):
414.6 -6.6 -17.2 0.4 -9.9 3.4
905.3 4.4 -33.5 -16.9 8.8 9.8
2176.5 -272.2 -88.5 -33.7 -19.3 -9.7
