KLH057a_3836 analysis information:
Number of steps:
20
Cutoff frequencies were: 
4500 4553 4605 4658 4711 4763 4816 4868 4921 4974 5026 5079 5132 5184 5237 5289 5342 5395 5447 5500
Number of coefficients for prediction: 
5
Number of formants: 
3
Winner is:
4500 4500 4500
Errors (total,f1,f2,f3): 
30.5 34.3 36.9 40 40.6 41.1 41 40.3 39.7 38.7 38.2 37.5 35.9 35.3 34.8 34.4 34.7 35.7 38.3 41
9.9 10.3 10.6 11.2 11.3 12.4 13 12.9 13.2 13.2 13 13.1 12.4 12.3 12.1 11.6 11.3 10.7 10 9.1
6.3 6.5 6.7 6.8 6.6 6.6 6.7 6.3 5.9 5.6 5.4 5.2 4.9 4.7 4.7 4.8 5 5.4 6.2 7.7
14.3 17.5 19.6 22 22.7 22.1 21.3 21.1 20.6 19.9 19.8 19.2 18.6 18.3 18 18 18.4 19.6 22.1 24.2
Coefficients are (row-wise by formant):
550.8 31.2 -87.7 -14.2 -29.6 -5
1056.8 90.2 -31.7 -4.9 1.5 11.6
2123.6 -33.3 -77.9 -79.1 -14.2 -3.5
