KLH057b_0750 analysis information:
Number of steps:
20
Cutoff frequencies were: 
4500 4553 4605 4658 4711 4763 4816 4868 4921 4974 5026 5079 5132 5184 5237 5289 5342 5395 5447 5500
Number of coefficients for prediction: 
5
Number of formants: 
3
Winner is:
4500 4500 4500
Errors (total,f1,f2,f3): 
6.2 6.6 6.4 6.8 7 6.9 7.3 7.4 7.5 8 8.2 8.5 9.3 9.3 10.1 10.6 12.3 13.1 13.9 12.4
0.5 0.5 0.5 0.5 0.5 0.4 0.4 0.4 0.4 0.4 0.4 0.4 0.5 0.5 0.5 0.5 0.6 0.6 0.6 0.4
1.7 1.9 1.8 1.8 1.8 1.6 1.7 1.6 1.6 1.4 1.7 1.6 2.2 2.2 2.8 3.3 4.7 4.9 5.9 4.5
4 4.2 4.1 4.5 4.7 4.9 5.2 5.4 5.5 6.2 6.1 6.5 6.6 6.6 6.8 6.8 7 7.6 7.4 7.5
Coefficients are (row-wise by formant):
381.4 -26.2 11.5 -0.3 -1.5 0.8
1377.2 67.8 -40.8 9.8 -4.1 -1.7
2077.2 101.6 -12.7 -5 -12.8 11.4
