KLH057a_3414 analysis information:
Number of steps:
20
Cutoff frequencies were: 
4500 4553 4605 4658 4711 4763 4816 4868 4921 4974 5026 5079 5132 5184 5237 5289 5342 5395 5447 5500
Number of coefficients for prediction: 
5
Number of formants: 
3
Winner is:
4500 4500 4500
Errors (total,f1,f2,f3): 
11.6 12.6 15.8 17.3 16.6 16.9 17.9 17.1 17.4 17.4 17.2 16.5 15.1 15.2 14.3 13.3 13.3 12.8 12.6 12.8
1.1 1.3 1.6 1.8 1.6 1.5 1.6 1.4 1.4 1.4 1.6 1.5 1.3 1.4 1.4 1.4 1.4 1.5 1.7 1.9
5.1 5.9 7.9 8.7 7.8 7.8 8.3 7.7 7.7 7.8 7.6 7.3 6.3 6.4 6 5.4 5.4 5.2 5 5.1
5.4 5.4 6.3 6.8 7.2 7.6 8 8 8.3 8.2 8 7.7 7.5 7.4 6.9 6.5 6.5 6.1 5.9 5.8
Coefficients are (row-wise by formant):
395.4 -32.2 -8.4 -8.6 1.4 -0.1
1088.7 97 30.6 -43.2 7.3 -0.7
1904.4 28.7 26.9 -4.6 9.7 -1.6
