KLH057a_3162 analysis information:
Number of steps:
20
Cutoff frequencies were: 
4500 4553 4605 4658 4711 4763 4816 4868 4921 4974 5026 5079 5132 5184 5237 5289 5342 5395 5447 5500
Number of coefficients for prediction: 
5
Number of formants: 
3
Winner is:
4500 4500 4500
Errors (total,f1,f2,f3): 
17.6 18.1 19.1 20.8 22.9 28.8 25.2 24.2 23.3 23.7 22.8 21.5 21 20.9 20.9 21.1 21.3 21.8 23.3 25.5
4.2 4.1 4.2 4.1 4 4 3.8 3.8 3.7 3.7 3.7 3.7 3.7 3.7 3.7 3.7 3.8 3.9 3.9 4
7.6 8 9 11 13.4 16.2 13.5 14.1 13.1 12.1 11.8 11.1 10.6 10.4 9.6 8.9 8 7.3 6.7 6.5
5.8 6 5.9 5.7 5.5 8.6 7.9 6.3 6.5 7.9 7.3 6.7 6.7 6.8 7.6 8.5 9.5 10.6 12.7 15
Coefficients are (row-wise by formant):
392.2 8.7 3.4 -0.2 -0.9 0.3
1318.5 -84.8 101.4 22.8 30.4 -19.6
2015.3 60.7 49.2 5 13.1 12
