KLH057a_3626 analysis information:
Number of steps:
20
Cutoff frequencies were: 
4500 4553 4605 4658 4711 4763 4816 4868 4921 4974 5026 5079 5132 5184 5237 5289 5342 5395 5447 5500
Number of coefficients for prediction: 
5
Number of formants: 
3
Winner is:
4500 4500 4500
Errors (total,f1,f2,f3): 
34.2 35 35.8 37.4 41.1 40.7 43.4 44.3 42.8 41.8 41.4 40.5 38.1 38.2 38.5 37.7 37.7 39.4 41.6 44.8
7.6 7.2 7 8 9.1 8.7 9.7 9 7.8 6.7 6.3 5.8 4.6 4.7 4.7 4.6 4.5 4.6 4.5 6.7
17.2 19.2 20.6 21.5 23.9 24.2 25.9 27.3 27.3 27 26.8 25.3 24 23.5 23.7 22.7 23 24.7 26.6 27.7
9.4 8.6 8.2 7.9 8.1 7.8 7.8 8 7.7 8.1 8.3 9.4 9.5 10 10.1 10.4 10.2 10.1 10.5 10.4
Coefficients are (row-wise by formant):
430.4 -19.3 -98.2 47 -24.5 6.9
864.4 -124.6 -70.1 -3 -7.5 -6.6
2249.9 -75.1 -3.1 7.9 6.8 -13.5
