KLH057a_3069 analysis information:
Number of steps:
20
Cutoff frequencies were: 
4500 4553 4605 4658 4711 4763 4816 4868 4921 4974 5026 5079 5132 5184 5237 5289 5342 5395 5447 5500
Number of coefficients for prediction: 
5
Number of formants: 
3
Winner is:
4921 4921 4921
Errors (total,f1,f2,f3): 
10.7 10.4 10.8 11.1 11.3 10.7 11 10.8 10.1 10.3 10.2 10.6 11 11.4 11.9 12.7 13.5 14.5 15.6 16.4
2.8 2.7 2.8 2.8 2.8 2.7 2.7 2.7 2.6 2.7 2.6 2.6 2.5 2.4 2.4 2.4 2.4 2.4 2.4 2.4
4.1 3.9 3.4 3.2 3.1 3.5 3.6 3.5 3.6 3.8 3.9 4.3 4.6 4.7 4.9 5.3 5.6 5.9 6.2 6.4
3.8 3.8 4.6 5.1 5.4 4.5 4.7 4.6 3.9 3.8 3.7 3.7 3.9 4.3 4.6 5 5.5 6.2 7 7.6
Coefficients are (row-wise by formant):
376.3 6.1 -10.7 -6.7 -5.7 -1.8
984.4 5.6 -18.2 -7.9 1.3 6.7
2024.6 -22.9 0.6 11.1 -1 -2.8
