KLH057a_4391 analysis information:
Number of steps:
20
Cutoff frequencies were: 
4500 4553 4605 4658 4711 4763 4816 4868 4921 4974 5026 5079 5132 5184 5237 5289 5342 5395 5447 5500
Number of coefficients for prediction: 
5
Number of formants: 
3
Winner is:
5342 5342 5342
Errors (total,f1,f2,f3): 
56.2 57.8 63.5 59.7 56.2 50 40.1 33.3 39.2 38.9 31.4 20.5 15.5 14.3 13.3 13.4 12.9 13.2 13.1 13.1
0.9 0.8 0.8 0.8 0.7 0.9 0.9 1 0.9 0.8 1 0.8 0.8 0.8 0.8 0.9 0.8 0.9 0.8 0.8
12.4 8.1 7.3 10.7 10.5 10.1 9.2 8.1 7 5.7 5.2 4.5 4.1 4 4 4.6 4.5 5.1 5.1 5.4
42.9 48.9 55.4 48.2 45 39 30 24.2 31.3 32.4 25.2 15.2 10.6 9.5 8.5 7.9 7.6 7.2 7.2 6.9
Coefficients are (row-wise by formant):
307.2 13.5 -4.8 -4.1 0.3 -2.4
2043.8 -6 -41.5 8.5 3.1 2
2587 -88.4 -32.2 2.6 0.5 13.8
