KLH057a_0059 analysis information:
Number of steps:
20
Cutoff frequencies were: 
4500 4553 4605 4658 4711 4763 4816 4868 4921 4974 5026 5079 5132 5184 5237 5289 5342 5395 5447 5500
Number of coefficients for prediction: 
5
Number of formants: 
3
Winner is:
5447 5447 5447
Errors (total,f1,f2,f3): 
34.7 27.1 28.7 31.9 36.6 39.4 41.4 40 36.7 34.6 31.3 29.6 25.9 22.8 23.5 22.5 20.8 19.5 18.9 19.5
2.1 1.9 1.9 1.8 1.7 1.5 1.4 1.5 1.4 1.4 1.3 1.2 1.2 1.2 1.2 1.2 1.2 1.2 1.2 1.2
9.2 8.4 7.6 7 7.7 8.7 10.2 9.6 9.3 8.8 8.2 7.7 6.5 6.1 6.4 6.6 6.7 6.9 7.2 7.4
23.4 16.8 19.2 23.1 27.2 29.2 29.8 28.9 26 24.4 21.8 20.7 18.2 15.5 15.9 14.7 12.9 11.4 10.5 10.9
Coefficients are (row-wise by formant):
290.6 22.3 4.1 -2.2 -3 -0.7
1797.8 -40.7 -55.9 -7.6 -2.2 -0.9
2251.4 0.1 -73 2.1 -20 11.1
