KLH057a_5829 analysis information:
Number of steps:
20
Cutoff frequencies were: 
4500 4553 4605 4658 4711 4763 4816 4868 4921 4974 5026 5079 5132 5184 5237 5289 5342 5395 5447 5500
Number of coefficients for prediction: 
5
Number of formants: 
3
Winner is:
4763 4763 4763
Errors (total,f1,f2,f3): 
12.3 14.4 13.9 13.2 11.4 10.8 11.1 11.2 11.9 12.7 15.2 18.6 25.6 32 31.6 51.1 101.3 129.9 168.1 113.4
2 2 2 2 1.9 2.1 2 2 2.2 2.2 2.4 2.5 2.8 3.1 4 5.3 7.6 17.5 19.4 13.3
3.2 3.6 3.6 3.5 3.5 3.2 3.4 3.7 4 4.4 5.3 6.7 8.9 9.4 5.2 17.5 66.2 24.8 61.2 20.4
7.1 8.8 8.3 7.7 6 5.5 5.7 5.5 5.7 6.1 7.5 9.4 13.9 19.5 22.4 28.3 27.5 87.6 87.5 79.7
Coefficients are (row-wise by formant):
379.8 32.6 -9.8 11 -1.9 5.2
1090.3 85.8 1.9 1 -6.3 2.3
1817.5 -237.3 11.7 25.2 9.8 -22.5
