KLH057a_3088 analysis information:
Number of steps:
20
Cutoff frequencies were: 
4500 4553 4605 4658 4711 4763 4816 4868 4921 4974 5026 5079 5132 5184 5237 5289 5342 5395 5447 5500
Number of coefficients for prediction: 
5
Number of formants: 
3
Winner is:
5500 5500 5500
Errors (total,f1,f2,f3): 
15.1 15.4 15.9 16.1 18 19.7 20.7 24.3 25.9 29 25.9 21.8 19.7 18.8 17.1 16.4 15 14.3 12.9 12.3
6.5 6.6 6.7 6.7 6.8 7 6.6 6.9 6.5 6.4 5.9 5.5 5.2 4.9 4.7 4.5 4.3 4.2 4.2 4.1
6.7 6.9 7 7.2 8.7 10 11.2 14 15.6 17.9 15.8 12.8 11.5 11 9.8 9.2 7.6 6.8 5.3 4.5
1.9 1.9 2.2 2.2 2.5 2.7 2.9 3.4 3.8 4.7 4.2 3.5 3 2.9 2.6 2.7 3.1 3.3 3.4 3.7
Coefficients are (row-wise by formant):
354.4 17 -25.2 14.9 -12.2 5.5
1270.1 246.4 -7 -8.8 19.4 11
2067.7 36.7 -9.4 13.7 11.9 4.4
