KLH057a_1977 analysis information:
Number of steps:
20
Cutoff frequencies were: 
4500 4553 4605 4658 4711 4763 4816 4868 4921 4974 5026 5079 5132 5184 5237 5289 5342 5395 5447 5500
Number of coefficients for prediction: 
5
Number of formants: 
3
Winner is:
5500 5500 5500
Errors (total,f1,f2,f3): 
62.9 60.5 61.9 60.1 60.8 62.5 64.7 65.2 68 68.1 62.1 59.1 57.7 55.9 54.8 53.4 51.6 51.2 50.2 49.6
10.5 10.3 9.7 8.4 8 7.3 7.1 7.3 7.4 7.4 7.2 7.1 7.1 7 6.9 7 6.9 6.9 6.9 6.8
14.4 17.3 19.3 18.7 20.2 21.4 22.4 19.9 20.6 18.1 13.7 13.1 13.2 13.3 13.6 13.4 13.3 13.3 13.3 13.2
38 32.9 32.9 33 32.6 33.8 35.2 38 40 42.6 41.2 38.9 37.4 35.6 34.3 33 31.4 31 30 29.6
Coefficients are (row-wise by formant):
393.8 -28.1 -33.7 24.1 -0.1 11.1
1169.6 184.2 100.3 13.5 31.2 -10
2274.5 -12.4 19.1 37.4 20.1 39.3
