KLH057a_5504 analysis information:
Number of steps:
20
Cutoff frequencies were: 
4500 4553 4605 4658 4711 4763 4816 4868 4921 4974 5026 5079 5132 5184 5237 5289 5342 5395 5447 5500
Number of coefficients for prediction: 
5
Number of formants: 
3
Winner is:
4605 4605 4605
Errors (total,f1,f2,f3): 
55.9 54.3 53.4 54.3 96.5 54.7 105.6 110.5 109.7 110.9 110.7 112.3 111.7 95.9 95.2 142.9 95.3 95 95.8 97.7
10 10.1 10.7 12.5 14.9 13.3 23.4 23 23.1 23 23 23 23 16.1 16.4 23.6 17.3 17 17.4 18.2
12.9 12.3 11.4 10.8 40.6 11 41.5 46.9 46.3 47.5 47.7 48.7 47.8 39.7 39.6 70.4 39.9 40.2 40.9 42.1
33 31.9 31.3 31 41 30.4 40.7 40.6 40.3 40.4 40 40.6 40.9 40.1 39.2 48.9 38.1 37.8 37.5 37.4
Coefficients are (row-wise by formant):
413.6 52.1 -32.4 -4.2 -19.8 4.1
892.3 155.4 44.3 5.7 34.7 -3.1
2280.9 -61 -67.9 -49.1 -53.8 -31.3
