KLH057a_0667 analysis information:
Number of steps:
20
Cutoff frequencies were: 
4500 4553 4605 4658 4711 4763 4816 4868 4921 4974 5026 5079 5132 5184 5237 5289 5342 5395 5447 5500
Number of coefficients for prediction: 
5
Number of formants: 
3
Winner is:
4974 4974 4974
Errors (total,f1,f2,f3): 
43.4 29.6 30.5 28.8 43.5 36.3 36 31.3 28.2 18.3 19.9 28 30.5 30.9 31.5 40.6 209 207.5 206.8 208.1
8.6 8.7 8.5 8.5 8.5 8.6 8.6 8.8 9 9 9.3 9.7 10.4 12.7 15.1 24.7 64.9 64.1 63.8 66.5
5.7 5.5 5.2 4.7 4.1 3.7 3.6 3.3 3 2.4 2.4 2.3 2.2 2.8 3.3 4 99.6 101 103.7 106.5
29.1 15.4 16.8 15.6 30.9 24 23.8 19.2 16.2 6.9 8.2 16 17.9 15.4 13.1 11.9 44.5 42.4 39.3 35.1
Coefficients are (row-wise by formant):
336.4 -25.6 -45.9 21.4 -7.7 13.1
1216.4 -132.9 6.9 16 -7.9 4
2149 -111.3 106.4 9.8 -25.5 29.9
