KLH057a_1283 analysis information:
Number of steps:
20
Cutoff frequencies were: 
4500 4553 4605 4658 4711 4763 4816 4868 4921 4974 5026 5079 5132 5184 5237 5289 5342 5395 5447 5500
Number of coefficients for prediction: 
5
Number of formants: 
3
Winner is:
4553 4553 4553
Errors (total,f1,f2,f3): 
6.6 6.3 6.3 6.8 6.7 6.7 7.3 7.1 6.5 6.8 6.5 6.7 6.6 6.6 6.9 7.1 7.5 7.9 8.1 8.8
2.3 2.1 1.9 1.8 1.6 1.6 1.5 1.5 1.6 1.5 1.6 1.7 1.8 1.8 1.8 1.9 2 2.1 2.2 2.5
2.2 2.1 2.4 2.9 3.1 3 3.6 3.4 2.6 2.9 2.5 2.5 2.3 2.3 2.5 2.6 2.8 3.1 3.2 3.6
2.1 2.1 2 2.1 2 2.1 2.2 2.2 2.3 2.4 2.4 2.5 2.5 2.5 2.6 2.6 2.7 2.7 2.7 2.7
Coefficients are (row-wise by formant):
482.8 2.5 -42.8 -0.9 -6.1 2.9
1110.3 70.3 -31.9 -12.9 -2.9 3.5
2217.9 40.9 -11.5 -1 2.3 -3.6
