KLH057b_1306 analysis information:
Number of steps:
20
Cutoff frequencies were: 
4500 4553 4605 4658 4711 4763 4816 4868 4921 4974 5026 5079 5132 5184 5237 5289 5342 5395 5447 5500
Number of coefficients for prediction: 
5
Number of formants: 
3
Winner is:
4921 4921 4921
Errors (total,f1,f2,f3): 
37.7 37.3 38.4 38.1 37.2 37 35.6 33.5 30.9 33.6 86.4 93.3 95.9 99.8 108.3 110.1 128.4 300.6 287.6 255.5
5.4 5.3 5.3 5.4 5.3 5.3 5.3 5.2 5 5.2 26.3 24 23.4 23.5 26.7 23.4 23.8 24.5 25.4 25.3
13.1 12.7 13 13 12.9 13.2 13 13.4 14 15.8 15.2 21.4 23.9 25.7 28.3 30.4 41.6 154 151.8 143
19.2 19.3 20.1 19.7 19 18.5 17.3 14.9 11.9 12.6 44.9 47.9 48.6 50.6 53.3 56.3 63 122.1 110.4 87.2
Coefficients are (row-wise by formant):
397.2 22.7 -21.2 25.1 -4.9 2.7
933.5 -20.4 72.6 4.5 14.4 16.4
2229.3 -106 -8.5 30.5 18.8 14.2
