KLH057b_0888 analysis information:
Number of steps:
20
Cutoff frequencies were: 
4500 4553 4605 4658 4711 4763 4816 4868 4921 4974 5026 5079 5132 5184 5237 5289 5342 5395 5447 5500
Number of coefficients for prediction: 
5
Number of formants: 
3
Winner is:
4605 4605 4605
Errors (total,f1,f2,f3): 
23 22.8 21.9 22.5 24.1 22.4 23.5 23.3 26.2 27.6 29.3 30.3 31.7 32.6 31.8 32 31.6 31.6 31.9 32.6
3.4 3.2 3.3 3.4 3.7 3.8 4 4.4 4.7 4.6 4.7 4.8 4.8 4.8 4.8 4.9 4.8 4.7 4.8 4.8
5.6 5.6 5 4.9 4.6 4.8 4.8 5 5.2 5.1 5.8 6.6 7.2 7.5 7.3 6.9 6.5 6.2 6.1 6.1
14 14 13.6 14.2 15.8 13.8 14.7 13.9 16.3 17.9 18.8 18.9 19.7 20.3 19.7 20.2 20.3 20.7 21 21.7
Coefficients are (row-wise by formant):
328.5 -9.1 3.7 6.5 2.1 -1.7
1888.1 49.8 -25 -0.9 -14.3 -4.5
2682 100.3 -80 6.1 -40.1 -12
