KLH057a_5589 analysis information:
Number of steps:
20
Cutoff frequencies were: 
4500 4553 4605 4658 4711 4763 4816 4868 4921 4974 5026 5079 5132 5184 5237 5289 5342 5395 5447 5500
Number of coefficients for prediction: 
5
Number of formants: 
3
Winner is:
5237 5237 5237
Errors (total,f1,f2,f3): 
9.4 9.6 9.9 8.7 8.5 8.7 9.2 8.8 8.9 8.8 8 7.6 7.8 7.9 7.4 7.6 7.6 7.4 7.5 8.1
0.7 0.8 1.2 1.7 1.9 2.2 2.7 2.7 2.9 2.9 2.3 2.2 2.3 2.4 2.1 2.2 2 1.9 1.9 2.1
7 7.1 6.9 5.2 4.7 4.5 4.4 3.9 3.7 3.6 3.5 3.2 3.2 3.1 3.1 3.1 3.3 3.3 3.4 3.7
1.7 1.7 1.8 1.8 1.9 2 2.1 2.2 2.3 2.3 2.2 2.2 2.3 2.4 2.2 2.3 2.3 2.2 2.2 2.3
Coefficients are (row-wise by formant):
422.2 -29.5 -5.9 2.9 -3.3 3
901.6 -27.3 -25.6 28.9 -9.4 -3.5
2341 16.9 9.1 -8.3 -3.5 8.3
