KLH057a_5983 analysis information:
Number of steps:
20
Cutoff frequencies were: 
4500 4553 4605 4658 4711 4763 4816 4868 4921 4974 5026 5079 5132 5184 5237 5289 5342 5395 5447 5500
Number of coefficients for prediction: 
5
Number of formants: 
3
Winner is:
4553 4553 4553
Errors (total,f1,f2,f3): 
4.9 4.8 5.8 6.9 7.6 8.1 9.1 8.9 10.3 8.6 8 8.1 8 7.8 8 8.1 8.3 8.4 9.1 9.8
1.3 1.3 1.4 1.4 1.5 1.6 1.7 1.7 1.9 2 1.7 1.6 1.6 1.5 1.3 1.4 1.3 1.2 1.5 1.6
1.2 1.1 1.9 2.9 3.4 3.8 4.6 4.5 5.5 3.8 3.7 3.9 3.9 4 4.4 4.5 4.9 5.2 5.7 6.3
2.4 2.4 2.5 2.6 2.7 2.7 2.8 2.7 2.9 2.8 2.6 2.6 2.5 2.3 2.3 2.2 2.1 2 1.9 1.9
Coefficients are (row-wise by formant):
507.5 29.1 6 5.4 1.7 -0.7
994.3 62.5 1.9 4.7 1.9 -3.9
2232.4 -46.2 2 8.8 11.5 1.1
