KLH057a_2071 analysis information:
Number of steps:
20
Cutoff frequencies were: 
4500 4553 4605 4658 4711 4763 4816 4868 4921 4974 5026 5079 5132 5184 5237 5289 5342 5395 5447 5500
Number of coefficients for prediction: 
5
Number of formants: 
3
Winner is:
5184 5184 5184
Errors (total,f1,f2,f3): 
23.9 23.7 23.1 21.8 21.6 20.7 18.8 16.9 16.2 16.2 15.9 16 16 15.6 15.8 15.9 16.9 18.7 21.1 24.4
2.1 2.2 2.2 2.1 2.2 2.1 2 2 1.9 1.8 1.8 1.7 1.7 1.7 1.7 1.7 1.8 2 2.3 2.7
10.8 10.2 9.4 8.6 8.4 7.8 7 5.9 5.9 5.9 5.9 6 6.2 6.2 6.5 6.7 7.4 8.4 9.9 12
11 11.3 11.5 11.1 11 10.8 9.8 9 8.4 8.5 8.2 8.3 8.1 7.7 7.6 7.5 7.7 8.3 8.9 9.7
Coefficients are (row-wise by formant):
353.9 15.8 -32.9 -2.4 -10.2 3.7
894.5 7 89 15.6 23.6 22.4
2124.6 5.1 78 18 -6.9 24.6
