KLH057a_1743 analysis information:
Number of steps:
20
Cutoff frequencies were: 
4500 4553 4605 4658 4711 4763 4816 4868 4921 4974 5026 5079 5132 5184 5237 5289 5342 5395 5447 5500
Number of coefficients for prediction: 
5
Number of formants: 
3
Winner is:
4500 4500 4500
Errors (total,f1,f2,f3): 
13.7 14.3 14.7 14.9 15.4 16 16.3 17.2 17.1 17.4 17.2 16.6 16.3 15 14.9 15.5 15.1 14.9 15.3 14.9
2.6 2.8 2.9 3 3.1 3.3 3.4 3.5 3.5 3.5 3.4 3.4 3.3 3.1 3.1 3.1 3.1 3.1 3.2 3.1
5.4 5.8 6.2 6.3 6.7 7.2 7.4 7.9 8.2 8.4 8.4 7.8 7.6 6.5 6.3 6.7 6.4 6.2 6.4 6.4
5.7 5.7 5.6 5.6 5.6 5.5 5.5 5.8 5.4 5.5 5.4 5.4 5.4 5.4 5.5 5.7 5.6 5.6 5.7 5.4
Coefficients are (row-wise by formant):
431.5 -32.7 -22.6 -7.5 1.9 5
1377.5 198.8 18.4 10.7 -14.8 28.8
2189 -15.7 38.6 6.9 -0.7 -0.9
