KLH057a_5090 analysis information:
Number of steps:
20
Cutoff frequencies were: 
4500 4553 4605 4658 4711 4763 4816 4868 4921 4974 5026 5079 5132 5184 5237 5289 5342 5395 5447 5500
Number of coefficients for prediction: 
5
Number of formants: 
3
Winner is:
5184 5184 5184
Errors (total,f1,f2,f3): 
123.6 145.7 148.1 30.9 28.4 25.8 24.4 22.4 20.6 20.4 18.4 18.5 17.6 17.4 17.5 18.3 19.1 19.6 19.9 20.5
6.1 5.5 5.5 5 4 3.3 3.3 4.2 6 5.6 4.1 3.6 3 3 3.1 3.4 3.7 3.9 4.1 4.3
18.4 18.1 17.5 17.1 14.9 13.6 13.1 11.3 8.7 9.7 10.3 11.5 11.8 11.8 11.7 11.6 11.9 12.1 12 12.4
99.1 122.1 125.1 8.8 9.5 8.9 8 6.9 5.9 5.1 4 3.4 2.8 2.6 2.7 3.3 3.5 3.6 3.8 3.8
Coefficients are (row-wise by formant):
375.6 113 -2.7 8.1 20.3 10.4
997.7 -44.7 62.6 -33.5 38.8 -19
2397.6 -25.1 -17.3 0.7 -11 2.3
