KLH057a_4208 analysis information:
Number of steps:
20
Cutoff frequencies were: 
4500 4553 4605 4658 4711 4763 4816 4868 4921 4974 5026 5079 5132 5184 5237 5289 5342 5395 5447 5500
Number of coefficients for prediction: 
5
Number of formants: 
3
Winner is:
5026 5026 5026
Errors (total,f1,f2,f3): 
13 13 12.8 12.5 12.3 12.1 12 11.9 11.5 11.5 11.4 11.5 11.6 11.6 11.7 12.2 12.9 14 15.6 18
4.7 4.7 4.6 4.5 4.4 4.3 4.3 4.2 4 3.9 3.8 3.8 3.8 3.7 3.6 3.8 4 4.4 4.9 5.8
1.6 1.7 1.7 1.7 1.6 1.6 1.5 1.5 1.4 1.3 1.2 1.2 1.2 1.3 1.5 1.7 2.2 2.8 3.9 5.4
6.7 6.6 6.5 6.3 6.3 6.2 6.2 6.2 6.1 6.3 6.4 6.5 6.6 6.6 6.6 6.7 6.7 6.8 6.8 6.8
Coefficients are (row-wise by formant):
607 33.8 -25.2 7.2 -7.7 6.7
1063.8 -30.1 -0.5 11.3 -4.9 3.5
2273.1 -3.6 -34.4 -0.9 -11.6 8.7
