KLH057b_1976 analysis information:
Number of steps:
20
Cutoff frequencies were: 
4500 4553 4605 4658 4711 4763 4816 4868 4921 4974 5026 5079 5132 5184 5237 5289 5342 5395 5447 5500
Number of coefficients for prediction: 
5
Number of formants: 
3
Winner is:
4500 4500 4500
Errors (total,f1,f2,f3): 
23 28.9 41.6 57.8 59 60.7 51.2 49.5 46.4 44.6 40.7 36.2 36.4 36.6 40.5 48.6 53.7 65.1 77.8 374.5
3.3 3.3 3.4 3.3 3.3 3.2 3.3 3.3 3.5 3.9 4 4.4 4.8 5.1 5.7 6.1 6.7 7.1 8.3 69.6
10.2 12.2 20.2 25 26.3 27.3 24.6 22.5 21 19.6 17.9 15.7 13.6 11.9 10.2 9.3 10.1 14.6 21.6 154.7
9.5 13.4 18 29.5 29.4 30.2 23.3 23.7 21.9 21.1 18.8 16.1 18 19.6 24.6 33.2 36.9 43.4 47.9 150.2
Coefficients are (row-wise by formant):
398.8 -5.1 -40.8 -4.9 -1.6 4.2
1159.8 -195.1 8.6 -16 -30.5 7.6
2129.7 71.5 -35.4 66.2 -27 56.7
