KLH057a_0926 analysis information:
Number of steps:
20
Cutoff frequencies were: 
4500 4553 4605 4658 4711 4763 4816 4868 4921 4974 5026 5079 5132 5184 5237 5289 5342 5395 5447 5500
Number of coefficients for prediction: 
5
Number of formants: 
3
Winner is:
4658 4658 4658
Errors (total,f1,f2,f3): 
33.3 32.9 32.3 31.9 32.1 34.6 37.9 39.4 40.8 42 43.9 44.6 44.9 44.7 44.3 43.6 43.3 43 43 42.8
9.8 9.4 8.5 7.2 6.8 6 5.7 5.4 5.4 5.2 5.1 5 4.7 4.6 4.5 4.5 4.4 4.4 4.4 4.5
12.3 12.4 12.5 13.3 13.8 17.1 20.3 22 22.5 23.7 24.3 25.1 26.2 26.6 26.5 26.4 26.9 26.9 27.3 27.4
11.2 11.1 11.3 11.4 11.5 11.5 11.9 12 12.9 13.1 14.5 14.5 14 13.5 13.3 12.7 12 11.7 11.3 10.9
Coefficients are (row-wise by formant):
427.5 54.1 -34.7 23.9 -17.8 4.8
1169.2 -72 -13 -21.4 23.8 -9.7
2172.4 -10 0.2 -23.2 1.5 -6.9
