KLH057a_5341 analysis information:
Number of steps:
20
Cutoff frequencies were: 
4500 4553 4605 4658 4711 4763 4816 4868 4921 4974 5026 5079 5132 5184 5237 5289 5342 5395 5447 5500
Number of coefficients for prediction: 
5
Number of formants: 
3
Winner is:
4500 4500 4500
Errors (total,f1,f2,f3): 
35.9 39.9 45.9 51.8 61.6 73 75.5 75 76.9 79.7 81.5 77.9 75.5 70.6 67.3 65.3 73.4 42.1 41.5 43.5
4.6 4.8 5.2 5.6 6.1 6.6 7.6 8.1 8.9 9.7 10.2 9.6 10.2 10.2 10.3 10.2 10.2 9.7 9.5 8.9
6.9 7.1 7 7.6 7.6 8.3 8.4 7.7 9.4 10 11.9 11.3 12.7 13.2 13.6 14.3 14.7 15 15.7 18.8
24.4 28 33.7 38.6 47.9 58.1 59.5 59.2 58.6 60 59.4 57 52.6 47.2 43.4 40.8 48.5 17.4 16.3 15.8
Coefficients are (row-wise by formant):
499.3 -3.9 -86.7 13.8 -11.5 -2
1222.9 80.4 53.7 -7.7 4.1 3.5
2231.8 171 -33.7 74.1 0.2 -20
