KLH057b_1084 analysis information:
Number of steps:
20
Cutoff frequencies were: 
4500 4553 4605 4658 4711 4763 4816 4868 4921 4974 5026 5079 5132 5184 5237 5289 5342 5395 5447 5500
Number of coefficients for prediction: 
5
Number of formants: 
3
Winner is:
4553 4553 4553
Errors (total,f1,f2,f3): 
40.3 32.3 33.1 55.7 98.6 126.1 136.5 135.9 134.4 127.3 118.4 111.1 102.8 99.1 96.7 92.7 92.3 88.1 87.5 86
5.4 5.1 5 4.8 4.8 4.7 4.7 4.9 5.1 5.1 5.2 5.2 5.3 5.6 5.6 5.8 6.1 6.5 6.9 7.4
17.3 16.4 15.7 15.6 15.8 16.1 17.1 17.9 18.1 18.1 17.9 17.7 17.1 16.3 15.9 15.7 15.3 14.7 14.4 15
17.6 10.8 12.4 35.3 78 105.3 114.7 113.1 111.2 104.1 95.3 88.2 80.4 77.2 75.2 71.2 70.9 66.9 66.2 63.6
Coefficients are (row-wise by formant):
402.9 8.5 -19.8 -6.4 -8.2 3.3
963.5 8.2 25.8 -71.3 -10.8 9.7
2219.9 88.2 -69.2 -5.5 25.9 -22.1
