KLH057a_3798 analysis information:
Number of steps:
20
Cutoff frequencies were: 
4500 4553 4605 4658 4711 4763 4816 4868 4921 4974 5026 5079 5132 5184 5237 5289 5342 5395 5447 5500
Number of coefficients for prediction: 
5
Number of formants: 
3
Winner is:
4658 4658 4658
Errors (total,f1,f2,f3): 
75.6 66 58.4 55.1 56 55.9 56.5 59 60.9 64.3 66.7 69.9 69.3 74.2 79 83.3 82 72 69.7 82.9
9.3 8.4 8.1 7.8 7.7 7.7 8 8.1 8.4 9 9.1 9.8 9.6 9.8 10.2 9.6 9.7 9.7 9.8 10.1
26.5 25.9 25.3 24.9 23.9 23 23 24 23.9 24.3 25 25.6 24.8 27.1 28.3 30.4 30.6 28 27.1 32.6
39.8 31.7 25 22.4 24.4 25.2 25.5 26.9 28.6 31 32.6 34.5 34.9 37.3 40.5 43.3 41.7 34.3 32.8 40.2
Coefficients are (row-wise by formant):
362.4 62.7 -32.5 -16.2 7.4 -6.6
1081.6 106.3 -63.2 4.5 -9.6 22.5
2187.4 -184.6 -112.8 -106.7 -61 -0.8
