KLH057a_0975 analysis information:
Number of steps:
20
Cutoff frequencies were: 
4500 4553 4605 4658 4711 4763 4816 4868 4921 4974 5026 5079 5132 5184 5237 5289 5342 5395 5447 5500
Number of coefficients for prediction: 
5
Number of formants: 
3
Winner is:
5342 5342 5342
Errors (total,f1,f2,f3): 
88.6 103.1 39.2 42.7 34.1 31.2 31.2 31.5 32.8 34.4 34.2 35.7 34.7 31.7 27.1 25.3 24.1 24.1 25.7 27.2
3.8 4 3.9 3.9 3.8 3.5 3.5 3.4 3.1 3.1 3.1 3.1 3 2.8 2.8 2.8 2.7 2.7 2.7 2.8
15.6 19.8 18.2 19.7 19.1 20.4 20.9 21.3 21 21.8 22.7 24.7 24.4 21.7 17.5 16 15.2 15.3 17 18.6
69.2 79.3 17.1 19.1 11.2 7.3 6.8 6.8 8.7 9.5 8.4 7.9 7.3 7.2 6.8 6.5 6.2 6.1 6 5.8
Coefficients are (row-wise by formant):
401.4 10.9 -0.5 19.6 -7.9 3.9
1572.6 -14.1 -13 17.5 66.9 10.8
2164.4 -61.1 -16.5 19.4 32.7 -4.4
