KLH057a_1882 analysis information:
Number of steps:
20
Cutoff frequencies were: 
4500 4553 4605 4658 4711 4763 4816 4868 4921 4974 5026 5079 5132 5184 5237 5289 5342 5395 5447 5500
Number of coefficients for prediction: 
5
Number of formants: 
3
Winner is:
4658 4658 4658
Errors (total,f1,f2,f3): 
7.3 6.2 6 5.9 6.5 6.6 7.5 8.4 9 10.5 11 12 12.2 12.8 13.5 12.8 13.4 12.8 13.3 12.9
1.8 1.7 1.7 1.7 1.6 1.5 1.5 1.5 1.4 1.4 1.3 1.3 1.3 1.3 1.3 1.3 1.3 1.3 1.3 1.2
1.9 1.6 1.4 1.1 1 0.7 0.8 1.3 1.6 2.8 3.1 3.6 3.6 4 4.3 3.9 4.1 3.7 3.9 3.7
3.6 2.9 2.9 3.1 3.9 4.4 5.2 5.6 6 6.3 6.6 7.1 7.3 7.5 7.9 7.6 8 7.8 8.1 8
Coefficients are (row-wise by formant):
391.4 1.1 -20.2 -6.8 -8.4 -3.1
1232.7 53.3 -10.9 15.2 1 -4.7
1949.8 64.5 2 22.5 -3.8 -8.3
