KLH057a_4328 analysis information:
Number of steps:
20
Cutoff frequencies were: 
4500 4553 4605 4658 4711 4763 4816 4868 4921 4974 5026 5079 5132 5184 5237 5289 5342 5395 5447 5500
Number of coefficients for prediction: 
5
Number of formants: 
3
Winner is:
4711 4711 4711
Errors (total,f1,f2,f3): 
68.1 57.4 55.3 52.9 51 54 57.8 58.9 60.7 61.2 64.5 63.3 61.7 58.8 57.4 55.8 54.5 53.7 53 52.3
10.3 11.3 12 13.1 13.9 14.6 15.3 15.1 15.4 15 16.2 15.3 14 12.4 11.6 10.6 9.5 8.5 8.1 7.9
16.3 17.6 18.8 20.1 21.2 22.4 23.3 24 24.7 24.7 25.9 25.3 24.5 23.3 22.3 21.6 21.1 20.5 20.3 20.1
41.5 28.5 24.5 19.7 15.9 17 19.2 19.8 20.6 21.5 22.4 22.7 23.2 23.1 23.5 23.6 23.9 24.7 24.6 24.3
Coefficients are (row-wise by formant):
560.5 153.2 -7.3 -12.8 -4.2 -12.1
1487.1 -221.9 -79.1 9.3 -13.5 2.3
2121.8 -68.6 45.6 37.7 57.9 -17.7
