KLH057a_2302 analysis information:
Number of steps:
20
Cutoff frequencies were: 
4500 4553 4605 4658 4711 4763 4816 4868 4921 4974 5026 5079 5132 5184 5237 5289 5342 5395 5447 5500
Number of coefficients for prediction: 
5
Number of formants: 
3
Winner is:
4605 4605 4605
Errors (total,f1,f2,f3): 
12.5 11.6 11.2 11.8 12 12.9 13.3 14.8 15.3 18 18.3 17.9 17.7 17 16.1 14.5 14.2 13.8 14.5 16.6
2.1 2.1 2.1 2.1 2 2 2 2 2 2 2 2 2 2 2 1.9 1.9 1.9 2 2
4.8 4.5 4.5 4.9 5.4 6 7.1 7.9 8.5 9.8 10.6 10.6 10.9 10.7 10.4 9.6 9.7 9.7 10.3 11.7
5.6 5 4.6 4.8 4.6 4.9 4.2 4.9 4.8 6.2 5.7 5.3 4.8 4.3 3.7 3 2.6 2.2 2.2 2.9
Coefficients are (row-wise by formant):
403.4 53.8 4.2 0.3 -3.3 2.6
1560.4 168.2 -48 43.2 4.6 6.4
2101.1 114.7 -18.1 -22.5 -6.7 9.7
