KLH057b_1743 analysis information:
Number of steps:
20
Cutoff frequencies were: 
4500 4553 4605 4658 4711 4763 4816 4868 4921 4974 5026 5079 5132 5184 5237 5289 5342 5395 5447 5500
Number of coefficients for prediction: 
5
Number of formants: 
3
Winner is:
4868 4868 4868
Errors (total,f1,f2,f3): 
48.6 48.4 47.9 46 44.3 44.1 43.5 43.3 44.1 43.8 46.8 51.7 63.8 429.7 554 412.5 302.6 451.8 701.4 815.2
8.5 7.4 6.7 6.1 5.8 5.6 5.5 5.8 6.7 7.8 10.2 14.5 24 84.2 111.8 81.6 65.2 79.4 91.2 103.4
23.1 22.2 20.4 17.3 14.8 14.1 13.5 13.5 13 12.6 13.7 14.6 17.3 199.8 256.4 197.6 144.3 221.1 338.2 396.2
17 18.8 20.8 22.6 23.7 24.4 24.5 24 24.4 23.4 22.9 22.6 22.5 145.7 185.8 133.3 93.1 151.3 272 315.6
Coefficients are (row-wise by formant):
473.3 29.6 -105 9.2 -9.8 -12.8
993.7 0.8 0.4 3.5 1.5 7.9
2251.1 -109.3 2.4 0.5 29.4 -2.6
