KLH057a_1419 analysis information:
Number of steps:
20
Cutoff frequencies were: 
4500 4553 4605 4658 4711 4763 4816 4868 4921 4974 5026 5079 5132 5184 5237 5289 5342 5395 5447 5500
Number of coefficients for prediction: 
5
Number of formants: 
3
Winner is:
5395 5395 5395
Errors (total,f1,f2,f3): 
28.3 28.7 28.7 29.4 29.7 29.7 30.1 30.3 29.6 29.5 28.3 27.1 27.5 26.8 26.3 25.9 25.3 25.1 25.4 26.3
3.9 3.9 3.9 3.9 3.9 3.7 3.7 3.6 3.5 3.4 3.3 3.2 3.1 3.1 3.1 3.1 3.1 3.1 3.2 3.3
11.2 11.4 11.3 11.6 11.6 11.4 11.5 11.4 11.1 10.9 10.5 10.1 10 9.9 9.9 10 10 10.3 10.7 11.2
13.2 13.4 13.5 13.9 14.2 14.6 14.9 15.3 15 15.2 14.5 13.8 14.4 13.8 13.3 12.8 12.2 11.7 11.5 11.8
Coefficients are (row-wise by formant):
421.3 29.6 -7.7 -3.2 1.4 0.6
1601.4 -6.1 -64.7 -7.5 -34.4 13.9
2149.3 -42 -41.3 -12 -34.5 17.8
