KLH057a_0712 analysis information:
Number of steps:
20
Cutoff frequencies were: 
4500 4553 4605 4658 4711 4763 4816 4868 4921 4974 5026 5079 5132 5184 5237 5289 5342 5395 5447 5500
Number of coefficients for prediction: 
5
Number of formants: 
3
Winner is:
4605 4605 4605
Errors (total,f1,f2,f3): 
36 23.4 17.6 18 17.8 17.9 18.3 18.5 18.6 18.7 19.2 20 19.3 19 20.4 18.4 20.4 19.9 20 21
1.8 1.8 1.9 1.9 1.9 1.9 2 1.9 2 2 2 2 2 2.1 2 2 2 2 1.9 1.9
6.2 6.1 6.3 6.4 6.4 6.4 6.4 6.4 6.2 5.8 5.8 6.1 5.6 5.1 6.4 5 5.7 5.6 5.9 6.6
28 15.5 9.4 9.7 9.5 9.6 9.9 10.2 10.4 10.9 11.4 11.9 11.7 11.8 12 11.4 12.7 12.3 12.2 12.5
Coefficients are (row-wise by formant):
380.7 -7.4 -24.7 -14.6 -8.8 -4.4
1762.1 10.8 36.2 -16.2 10.3 -13.4
2196.5 -100.8 7.5 6 -9.2 -10.3
