KLH057b_0172 analysis information:
Number of steps:
20
Cutoff frequencies were: 
4500 4553 4605 4658 4711 4763 4816 4868 4921 4974 5026 5079 5132 5184 5237 5289 5342 5395 5447 5500
Number of coefficients for prediction: 
5
Number of formants: 
3
Winner is:
4711 4711 4711
Errors (total,f1,f2,f3): 
96.8 92.3 81.5 61.9 59.9 60.2 75.5 89.5 84.5 81.2 78.5 78.5 81.2 331 281.1 252.8 255.2 229 229.7 208.1
16.9 14.3 12.8 11.7 11.3 10.8 10.4 10.1 10 10.2 11.1 13.2 22.5 51.7 45.2 33.7 40.2 30.8 31.4 24.1
14.7 15.3 15.8 16.3 16.6 16.7 16.9 16.8 16.2 15.9 15.8 16 16.3 153.6 134.4 122.2 122.3 112.7 96.4 86.5
65.2 62.7 52.9 33.9 32 32.7 48.2 62.6 58.3 55.1 51.6 49.3 42.4 125.7 101.5 96.9 92.7 85.5 101.9 97.5
Coefficients are (row-wise by formant):
420.2 -4.1 -44.8 20.4 -34.9 -5.3
959 94.3 66.7 35.8 -16.9 31.1
2380.8 190.7 -3 -42.6 -92.1 -55.6
