KLH057a_0418 analysis information:
Number of steps:
20
Cutoff frequencies were: 
4500 4553 4605 4658 4711 4763 4816 4868 4921 4974 5026 5079 5132 5184 5237 5289 5342 5395 5447 5500
Number of coefficients for prediction: 
5
Number of formants: 
3
Winner is:
4816 4816 4816
Errors (total,f1,f2,f3): 
19.1 18 18.6 17.8 16.6 16.1 15.8 16.1 15.9 16 16.1 16.5 16.8 17.8 18.7 20.1 22.1 24.9 30 38.2
2.3 2.5 2.4 2.6 2.7 2.7 2.8 2.8 2.7 2.8 2.8 2.9 2.9 3 3.2 3.4 3.7 4.3 5.2 6.6
9.6 8.7 9.2 8.7 8 8 7.8 7.9 7.8 7.8 7.7 7.7 7.6 8 8.3 8.7 9.6 11 14.3 20.5
7.2 6.8 7 6.5 5.9 5.4 5.2 5.4 5.4 5.4 5.6 5.9 6.3 6.8 7.2 8 8.8 9.6 10.5 11.1
Coefficients are (row-wise by formant):
344.2 -40.1 53.1 -16.1 -14.6 3.9
937 52 48.2 -3.2 21.3 14.6
2118.7 -29.4 -34.1 -6.9 -3.3 -4.9
