KLH057a_5909 analysis information:
Number of steps:
20
Cutoff frequencies were: 
4500 4553 4605 4658 4711 4763 4816 4868 4921 4974 5026 5079 5132 5184 5237 5289 5342 5395 5447 5500
Number of coefficients for prediction: 
5
Number of formants: 
3
Winner is:
4500 4500 4500
Errors (total,f1,f2,f3): 
39.6 41.1 43.4 43.7 46.1 47.7 48.4 51.6 50.6 50.3 45 43.8 45.4 47.2 46 45.7 44.2 44.1 43.7 44.5
3 3.1 3.3 3.4 3.5 3.6 3.7 3.7 3.8 3.7 3.8 3.8 3.8 3.8 3.8 3.8 3.9 4 4 4.1
21.3 21.6 22.1 21.3 21.3 20.8 20.5 21 19.9 19.1 18.4 17.7 16.9 16.1 15.6 15.3 15.5 15.8 16.1 17
15.3 16.4 18 19 21.3 23.3 24.2 26.9 26.9 27.5 22.8 22.3 24.7 27.3 26.6 26.6 24.8 24.3 23.6 23.4
Coefficients are (row-wise by formant):
404.9 65.6 -23.4 1.6 -5.3 -1.6
1506.3 -549.5 -46.8 -2 9.4 -34.8
2199.1 -204.3 102.1 -35.5 8.5 5
