KLH057a_2355 analysis information:
Number of steps:
20
Cutoff frequencies were: 
4500 4553 4605 4658 4711 4763 4816 4868 4921 4974 5026 5079 5132 5184 5237 5289 5342 5395 5447 5500
Number of coefficients for prediction: 
5
Number of formants: 
3
Winner is:
4605 4605 4605
Errors (total,f1,f2,f3): 
9.3 10.2 8.3 8.8 9.3 10 9.6 8.5 9.8 10.1 10.8 10.9 11.3 12.4 15.2 17.4 19 21.9 23.2 24.6
0.7 0.7 0.8 0.7 0.8 0.8 0.8 0.8 0.8 0.7 0.8 0.7 0.7 0.7 0.6 0.6 0.6 0.6 0.6 0.6
6.6 7.8 6 6.8 6.8 7.6 6.1 5.8 6.7 6.9 7 7.3 7.6 8.4 10.8 12.5 13.8 16.4 17.4 18.7
2 1.7 1.5 1.3 1.7 1.6 2.7 1.9 2.3 2.5 3 2.9 3 3.3 3.8 4.3 4.6 4.9 5.2 5.3
Coefficients are (row-wise by formant):
301.6 -0.4 -4.3 -1.3 0.4 -2
1311.9 -18.9 46.9 20.8 38.5 11.4
2047.1 35.3 14 11 12.5 5.3
