KLH057b_1011 analysis information:
Number of steps:
20
Cutoff frequencies were: 
4500 4553 4605 4658 4711 4763 4816 4868 4921 4974 5026 5079 5132 5184 5237 5289 5342 5395 5447 5500
Number of coefficients for prediction: 
5
Number of formants: 
3
Winner is:
4553 4553 4553
Errors (total,f1,f2,f3): 
13.5 12.5 13.7 13.3 12.6 12.7 13 14.4 19.3 24.9 37.5 47.8 30.1 35.6 363.2 590.8 324.7 436.9 431.6 563.3
1.8 1.8 1.7 1.8 1.9 2.1 2.3 2.6 3.1 3.6 4.7 6.3 9.8 18 81.1 117.2 94.3 126.9 139.2 114.2
2.3 2.4 2.5 2.6 2.4 2.3 2.3 2.2 2.1 2.2 2.3 2.5 2.8 3.2 147.6 263.5 109.9 193.9 174.5 231.6
9.4 8.3 9.5 8.9 8.3 8.3 8.4 9.6 14.1 19.1 30.5 39 17.5 14.4 134.5 210.1 120.5 116.1 117.9 217.5
Coefficients are (row-wise by formant):
406.4 14.1 -3.9 -4.2 7.2 1.9
1096.6 80.6 -0.7 16.8 1.1 5.5
2168.4 -6.7 147.8 -30.1 -46.5 46.1
