KLH057a_3992 analysis information:
Number of steps:
20
Cutoff frequencies were: 
4500 4553 4605 4658 4711 4763 4816 4868 4921 4974 5026 5079 5132 5184 5237 5289 5342 5395 5447 5500
Number of coefficients for prediction: 
5
Number of formants: 
3
Winner is:
4500 4500 4500
Errors (total,f1,f2,f3): 
19.3 19.5 19.5 19.7 19.7 20.5 20.9 20.9 20.8 21.5 21.2 21.2 21.3 21.4 21.8 22 22.5 23.2 23.8 25
1.8 1.8 1.8 1.8 1.8 1.8 1.8 1.8 1.8 1.8 1.8 1.8 1.8 1.8 2 1.9 2 2.1 2.1 2.2
2.9 3.1 3.2 3.3 3 3.8 4.1 4.4 4.4 5 5 5.1 5.2 5.3 5.1 5.1 5.2 5.1 5.4 6
14.6 14.6 14.5 14.6 14.9 14.9 15 14.7 14.6 14.7 14.4 14.3 14.3 14.3 14.7 15 15.3 16 16.3 16.8
Coefficients are (row-wise by formant):
390.7 -5.7 6.3 -7.4 3.9 -3.7
1015.3 119.7 15 -30.2 -21.8 -5.6
2321.2 -130.8 -78.3 -8 -14.7 3.9
