KLH057b_1866 analysis information:
Number of steps:
20
Cutoff frequencies were: 
4500 4553 4605 4658 4711 4763 4816 4868 4921 4974 5026 5079 5132 5184 5237 5289 5342 5395 5447 5500
Number of coefficients for prediction: 
5
Number of formants: 
3
Winner is:
4763 4763 4763
Errors (total,f1,f2,f3): 
35.7 36.8 34.4 26.2 25.6 23.9 24 24 26.1 30.3 33.8 40.3 45.8 47.8 51.3 53.5 53.9 55.9 66.8 65.6
1.2 1.2 1.1 1.2 1.1 1.2 1.2 1.1 1.1 1.1 1 1 1 1.1 1.2 1.5 1.9 2.5 3.5 4.7
22.2 20.8 19.7 16.9 16.3 15.6 16.2 16.4 16.9 18.5 19.4 22 22.7 22.5 23.1 23 22.5 22.2 21.8 21.1
12.3 14.8 13.6 8.1 8.2 7.1 6.6 6.5 8.1 10.7 13.4 17.3 22.1 24.2 27 29 29.5 31.2 41.5 39.8
Coefficients are (row-wise by formant):
330.2 15.3 8.5 -9.9 3.3 2.9
1531.2 18 13.6 -29.3 -15.9 -25.6
2145.9 24.6 15.8 -0.4 -29.1 -23.6
