Regression analysis information for: KLH016a_1349
number of formants: 3
number of coeccicients: 5
4.9 7.7 14.9
367.2 -15.7 15.4 -3.9 6.2 -2.7
894.7 -13.1 -53.9 -18.9 2 -6.2
2520.8 77.6 11.1 -11.5 14.7 -49.3
5.1 7.6 14.7
367.1 -15.1 15.7 -4.9 7.2 -3
895 -10.9 -54.1 -22.4 4.5 -5.7
2519.1 93.6 6.1 -31.8 30.8 -42.2
4.7 7 13.3
367.5 -14.4 15.8 -4.6 7.1 -2.5
896.4 -10.3 -55.4 -22.8 3.9 -4.4
2527.5 97.3 1.6 -36.7 31.9 -34.1
4.5 6.8 13
367.5 -13.3 15.7 -4.7 7.3 -2.4
897.2 -9.2 -56 -24.1 4.2 -4.1
2530.1 106.2 -1.6 -44.9 35.7 -32.1
4.5 6.9 11.4
368.1 -13 16.2 -4.9 7.7 -2.5
898.5 -9.5 -57.7 -24.4 4.3 -3.5
2539.3 108.3 -8.7 -47.3 37 -28.2
4.5 7 11.2
369.2 -13 16.8 -4.7 7.6 -2.5
900.4 -10.3 -59.5 -24.3 3 -3.4
2552.3 106.7 -15.2 -46.1 31.5 -26
4.2 7.4 10.1
370.3 -12.6 16.8 -4.1 7.4 -2.1
903 -11.3 -62.4 -24.6 2.6 -3.2
2570.3 106.5 -29.8 -45.5 31.2 -19.9
4.1 8.3 8.1
371.3 -12.1 16.4 -3.3 7.2 -1.6
906.1 -12.3 -65.1 -25.6 2.8 -3.2
2588.7 106.9 -47.9 -45.5 32.6 -12.2
4 9 8.4
372.9 -12.7 17 -3.2 7.3 -1.3
908.3 -12.9 -68.8 -25.5 2.2 -2.5
2607.8 103 -62.7 -45.2 31.7 -3.5
3.3 10.6 9.8
374.1 -11 16.5 -1.5 6.4 -0.1
911.5 -16.5 -71.1 -28.4 2.8 -3.8
2627.9 105.1 -79.8 -45.6 29.4 4.9
3.3 11.2 10.6
376.5 -10.9 17.9 -1 6.4 0.2
912.5 -18.1 -76.6 -28.5 0.7 -2.9
2650.3 103.6 -93.2 -46.4 23 13.3
3.2 12.4 14
379.3 -10.6 19.4 -0.1 6.4 0.9
913.7 -20.8 -83.2 -29.6 -1.4 -2.5
2676 100.3 -110.2 -45.5 18.3 24.8
3 14 17.5
382.5 -9.6 21.5 1.2 6.3 1.8
913.8 -24.9 -91 -31.8 -4.2 -2.4
2703.2 98.4 -126.3 -46.8 7.2 36.8
3.2 15.6 21.7
386.9 -8.1 25.4 2.9 7 2.8
911.3 -30.1 -102.7 -34.7 -10.3 -2.5
2732.2 95.5 -139 -47.1 -10.2 48.1
3.7 17.5 27
392.6 -4.7 31.3 5.7 8.8 4.6
905.7 -38.8 -119.8 -39 -18.8 -2.5
2764.9 92 -154.1 -48.8 -30.8 62.8
7.7 22 35.3
401.6 4.7 43.2 13.8 15.3 10.2
894.1 -57 -146.9 -49.6 -34.4 -6.8
2799.8 84.7 -168.6 -46.4 -57.8 77.8
3.2 19.8 47.2
405.5 3.4 44.6 11 11.5 6
883.2 -67.4 -171.1 -49.4 -42.3 1
2840.4 71.1 -185.3 -41.1 -89.7 102.3
8.1 23.5 64.7
406.1 -4.4 39.6 2.1 1.7 -3.8
869.4 -78 -199.1 -45.8 -50.3 14.1
2888.8 46.2 -199 -26.2 -138.9 134.1
21.7 33.3 85.6
394.9 -35.3 12.8 -26.1 -24.4 -26.2
853.3 -83 -230.2 -31.3 -57.9 37.8
2943.4 12.3 -211.9 -4.3 -198.2 172.7
13 222.9 157.9
422.7 10.2 63.1 18.3 19.9 14.3
1085.5 404.1 200.7 404.6 292.1 346.2
3106.2 236.7 13.4 208.8 -61.5 329.3
winner is: 8
