Regression analysis information for: KLH016a_0291
number of formants: 3
number of coeccicients: 5
2.2 37.3 96.4
284.7 -27.9 29.8 -7.1 8.2 2.6
2223.1 -162.4 -235.2 -94.3 -98 -21.1
2776 -349.2 -308.7 67.5 -17.2 99.6
2.2 45.4 112.4
284 -26.9 29 -6.5 8 2.6
2225.2 -178.5 -235.1 -92.1 -85.1 -7.6
2794 -381.3 -312.9 93.8 -18.3 117.5
2.5 54.5 181.5
283.1 -25.1 27.7 -5.2 7 3.4
2224.3 -179.7 -217.8 -124.1 -52.2 4.9
2770.4 -363 -294.5 53.1 36.9 152.6
2.5 84.9 221.4
282.6 -24.5 27.3 -4.9 6.8 3.6
2174.6 -185 -153.7 -159.2 -23.7 87.8
2682.3 -334.4 -172.6 -7.5 24.1 224.7
2.5 89.6 157.4
282.3 -23.9 27 -4.5 6.5 3.7
2166.8 -175.1 -126.4 -172.8 -30.2 67.8
2572 -309.2 -24.1 -12.3 -49.5 166.2
2.5 95.7 137.5
282 -23.4 26.7 -4.1 6.4 3.9
2163.7 -179.7 -108.1 -161.1 -14.5 43.3
2517.9 -238.3 -41.6 -27.1 4.1 76.8
2.5 104.1 142.3
281.7 -22.8 26.2 -3.7 6.1 4
2167.1 -172.4 -116.9 -154.3 5.7 1.8
2500.3 -202 -79.9 6 -6 52.7
2.5 85.1 117.4
281.6 -22.5 26.1 -3.4 5.9 4.2
2193.1 -211.3 -87.7 -119.3 -21.4 5.3
2488 -221.3 -27.8 23.4 -85.6 81.8
2.6 80.5 121.6
281.6 -22.2 25.9 -3.1 5.8 4.3
2208.5 -201.5 -103.3 -99.9 -23.5 -1.2
2519.3 -242.9 -59.1 51.4 -97.8 124.8
2.6 79.3 107.1
281.6 -22 25.8 -2.9 5.7 4.4
2219.4 -170.7 -131.1 -73.8 -52.6 -4
2532.4 -269.6 -47.9 71.4 -132.6 146.9
2.7 85.1 177.5
281.6 -21.6 25.8 -2.7 5.7 4.5
2228.5 -124.4 -170.8 -46.6 -74.5 4.9
2593 -352 -34.3 100 -186.6 250.9
2.7 71.7 155.2
281.6 -21.4 25.8 -2.5 5.7 4.6
2249.5 -96.9 -188.6 -36.4 -83.7 0.7
2591.2 -349.4 -45.4 119.1 -205.6 231.3
2.8 64.7 163
281.8 -21.3 25.9 -2.4 5.7 4.7
2271 -81.6 -185.4 -27.2 -83.6 -0.4
2632.6 -360.1 -117.7 143.7 -168.1 191.5
2.8 61 154.4
281.9 -21.2 26 -2.3 5.8 4.8
2290.6 -53.7 -175.4 -24.6 -81.7 4.1
2669.5 -376.1 -174.4 176 -164 140.7
2.9 56.4 163.4
282.1 -21.1 26.2 -2.2 5.9 4.8
2306.7 -33.4 -155.9 -21.7 -72 9.7
2747.1 -403.3 -281.7 245.8 -155.8 39
2.9 48.5 143.3
282.3 -20.9 26.4 -2 6 4.9
2318.5 -22.3 -133 -13 -51.5 20.4
2839.3 -436.9 -377.4 315.4 -183.3 -22.5
2.9 44.1 161.9
282.4 -20.6 26.5 -2 6.2 4.9
2323.2 -22.8 -120.1 -10.3 -43.3 22.1
2892.2 -393 -421.2 290.5 -151.9 -13.4
3 41.9 146.7
282.6 -20.5 26.7 -1.8 6.3 5
2324.6 -29.8 -115.2 -15.8 -39.1 16.6
2953.2 -351.5 -418.2 308.6 -159.3 -4.2
3 40.2 162.7
282.7 -20.3 26.9 -1.8 6.4 5
2328.1 -39.4 -106.9 -22.8 -33.8 11.5
3033.6 -264.2 -401.3 313.2 -127.1 45
3.1 34 206.7
282.8 -20 26.9 -1.6 6.4 5
2317.6 -20.8 -122.9 -10.5 -40.4 10.8
3107.2 -133 -394.6 316.4 -86.4 87.1
winner is: 1
