Regression analysis information for: KLH016c_1605
number of formants: 3
number of coeccicients: 5
1 6.3 5
336.1 5.4 0.6 -0.1 1.6 -1.3
1602.5 293.8 53.8 40.5 19.9 -5
2333.6 -93.5 1.2 -12.7 -8.1 0.2
1 5.9 5
336.2 5.5 0.6 -0.4 1.8 -1.3
1605.2 299.1 54.4 37 23.5 -3.1
2334 -92.1 1 -14.8 -6.6 0.1
1 6.4 5.2
336.3 5.4 0.8 -0.3 1.8 -1.3
1606.5 298.9 59.1 39.2 23.3 -2.9
2334.6 -93.5 2.1 -14.5 -7.4 -0.3
1 6.8 5.5
335.9 5.1 1.1 -0.3 1.7 -1.3
1593.1 284.8 62 40.2 21.8 -1.8
2332.6 -93.1 5.3 -14.5 -7.5 -0.1
1 7.1 5.3
336.2 5.4 1.1 -0.3 1.8 -1.4
1604.8 299.7 66.7 42.3 24 -4.7
2333.6 -93.2 3.7 -15.4 -6.5 -0.5
1 6.6 5.5
336.4 5.2 1 -0.3 1.7 -1.4
1607.2 296.5 63 41.5 21 -7.3
2335.3 -93.7 3 -14.5 -6.7 -0.8
1 6.6 5.4
336.7 5.1 0.9 -0.3 1.7 -1.4
1614.2 298.5 60.5 39.9 21.3 -6.4
2337.5 -94.7 2.1 -15 -6.6 -0.8
1 6.3 5.2
337 5 0.8 -0.4 1.8 -1.3
1620.1 300.1 60.2 40.7 24.3 -4.2
2339.7 -96.7 1 -15.2 -7 -1.4
1 5.9 5
337.3 4.9 0.8 -0.3 1.9 -1.3
1626.2 299.6 57.5 40.8 27 -1.5
2342 -98 0.4 -15.4 -7.1 -1.7
1 5.3 4.9
337.7 4.9 0.6 -0.4 1.8 -1.2
1637.1 305.6 54.6 37.2 26.3 -1.6
2343.8 -100.1 -0.6 -15.9 -7.1 -1.6
1 5.4 4.8
338 4.8 0.6 -0.4 1.8 -1.2
1647 310.1 55.9 40.7 27 -0.7
2345 -102.5 -1.8 -16.7 -8 -2
1.1 5.1 4.7
338.4 4.8 0.5 -0.4 1.8 -1.2
1660.4 318.7 55.7 38.8 26.3 -1.1
2346 -106.6 -3.3 -17.8 -8.6 -2.1
1 4.9 4.5
338.8 4.9 0.3 -0.4 1.8 -1.2
1677.7 331.5 57.7 41.4 28.7 -0.2
2345.4 -113.4 -7.1 -20.4 -10.6 -3.1
1.1 4.5 3.6
339.3 5 0.2 -0.5 1.8 -1.2
1697.5 348.8 61.4 45.6 34.1 2
2342.6 -124 -13.7 -25.2 -14.8 -5.6
1.1 8.3 9.2
339.7 5.1 0 -0.4 1.8 -1.3
1716 359.1 55.3 41.3 29.9 -4
2343.3 -126 -10 -21.1 -9.8 0.7
1.1 9.6 12.5
340 5.2 -0.3 -0.4 1.9 -1.3
1733 365 42.9 31.9 23.1 -10.4
2345.8 -122.9 -0.7 -12.9 -2.7 7.4
1.1 11.7 14.7
340.3 5.4 -0.5 -0.4 1.9 -1.4
1750.6 370.4 29.6 22.4 14.5 -18.3
2347.9 -118.5 10.9 -3.5 5.5 14.9
1.1 13.4 16.9
340.6 5.7 -0.9 -0.4 2 -1.3
1771.7 374.2 8 12.8 15.3 -20.1
2347.1 -116 23.6 3.7 9.3 19.2
1.2 12.5 16
340.9 6 -1.2 -0.5 2.1 -1.5
1794.4 378.6 -17 -1.2 13.4 -20.6
2347.4 -108 43.1 14.1 12.6 20.4
1.2 12.3 15.1
341 6.5 -1.5 -0.5 2.2 -1.7
1818.4 382.3 -43.4 -15.6 11.6 -21.4
2347.2 -97.6 66.4 24.3 14.4 19.7
winner is: 14
