Regression analysis information for: KLH016e_0497
number of formants: 3
number of coeccicients: 5
6.4 6.1 11.2
512.3 76.5 -103.1 18.6 -35.4 4.4
1681.5 -24.1 -3.6 7.2 -20.1 -0.2
2582.1 -11.2 18.1 26.5 -6.9 -15.5
6.3 5.9 10.9
512.4 76.7 -103.1 18.7 -35.4 4.5
1682.1 -24.8 -3.5 7.2 -20.3 0.3
2582.6 -11.5 17.6 26.6 -7.9 -14.6
6.3 5.8 10.6
512.7 76.3 -103.1 18.8 -35.5 4.8
1682.7 -25.8 -3.7 7.4 -20.4 1
2583.4 -12.5 16.4 27.4 -7.8 -14.2
6.3 5.7 10.2
513 76.2 -103.1 18.9 -35.8 4.9
1683.6 -26.4 -3.7 7.4 -20.9 1.4
2584.8 -12.9 14.9 27.6 -8.6 -14
6.2 5.5 9.8
513.3 75.7 -103.4 19.1 -35.9 5.1
1684.3 -27.3 -3.7 7.2 -21 1.5
2586 -13.9 13.5 28.3 -9.1 -14.2
6.3 5.4 9.7
513.6 75.7 -103.4 19.2 -35.9 5
1685.5 -27.8 -3.7 6.9 -20.7 1.5
2588 -14 11.6 28.3 -8.6 -14
6.3 5.3 9.1
514 75.9 -103.3 19.2 -36 5
1686.8 -28 -3.2 6.5 -20.8 1.5
2590.3 -13.2 10.8 28 -9.2 -14.4
6.3 5.2 9.1
514.4 76.3 -103.4 19.5 -35.8 4.9
1688.1 -28.4 -3 6.3 -20.1 1.6
2592.9 -13.3 8.8 28.3 -7.7 -14.1
6.4 5.2 8.8
514.8 76.5 -103.4 19.5 -36 4.9
1689.7 -28.6 -2.7 5.8 -19.9 1.8
2595.9 -12.5 7.3 27.8 -7.2 -13.8
6.5 5.3 8.5
515.3 76.6 -103.4 19.6 -36.1 5
1691.5 -29.1 -2.2 5.3 -19.9 2.2
2599.1 -12 6.1 27.3 -7.3 -13.1
6.6 5.4 8.2
515.9 76.4 -103.5 19.8 -36.4 5.1
1693.4 -29.6 -1.9 4.9 -19.9 2.6
2602.9 -11.7 4.2 27.5 -7.2 -12.8
6.7 5.6 7.9
516.5 76.8 -103.6 20 -36.5 5.2
1695.5 -29.9 -1.5 4.5 -19.7 2.9
2607 -11.1 2.2 27.5 -7.1 -12.4
6.8 5.7 7.7
517 77.1 -103.8 20.1 -36.7 5.2
1697.7 -30.3 -1 3.9 -19.8 3.3
2611.2 -10.4 0.4 27 -7.2 -11.9
7 5.9 7.8
517.6 77.8 -104 20.3 -36.9 5
1699.9 -30.3 -1 3.6 -19.9 3.8
2615.7 -9.5 -2.2 26.8 -7 -11.4
7.1 6.1 7.9
518.1 78.2 -104.4 20.5 -37.1 4.8
1702.3 -30.4 -0.8 3.1 -19.9 4.1
2620.3 -8.5 -4.8 26.5 -7.1 -11
7.4 6.4 8.2
518.7 78.7 -104.8 20.6 -37.4 4.6
1704.7 -30.3 -0.8 2.6 -19.9 4.6
2625.3 -7.3 -7.7 26.2 -7 -10.5
7.6 6.6 8.5
519.3 78.9 -105.3 20.6 -37.8 4.6
1707.2 -30.2 -0.9 1.8 -19.9 4.9
2630.1 -6.1 -10.6 25.4 -7 -9.6
7.8 6.9 9.1
519.8 79.4 -106 20.6 -38.1 4.3
1709.7 -29.9 -1.2 1.1 -20 5.4
2635.3 -4.6 -13.9 24.6 -6.8 -8.8
8.1 7.2 9.7
520.3 80 -106.8 20.6 -38.5 4
1712.2 -29.4 -1.7 0.5 -20.1 5.7
2640.6 -2.9 -17.6 24 -6.7 -8.3
8.4 7.5 10.1
520.7 80.7 -107.9 20.5 -38.8 3.5
1715 -29 -2.1 -0.5 -19.9 5.9
2646.1 -1.1 -21.6 22.8 -6.1 -7.8
winner is: 11
