Regression analysis information for: KLH016a_0960
number of formants: 3
number of coeccicients: 5
0.7 21.7 8.7
293 5 -5 3.3 -0.7 0.2
1915.9 122.8 -101.8 -28.3 -62.2 14.6
2426 166.8 12 -9.7 -4.1 -12.3
0.8 27.4 10.1
292.8 6 -5.1 3.7 -0.6 0.4
1926.2 147.7 -100.7 -18.9 -67.3 30
2425.2 166 8.3 -14.7 -7.3 -13.2
0.7 24.2 9.4
293.4 5.3 -4.7 3.4 -0.6 0.3
1963.8 149.3 -72 -23.7 -62.6 19.3
2425.6 164.9 9.5 -9.5 -3.2 -13.1
0.8 29 10.7
293.4 6.1 -4.8 3.7 -0.5 0.4
1989.9 174.2 -70.5 -11.7 -66.9 35.3
2422.7 163.8 5 -14.8 -6.3 -14.7
0.7 28.4 10.4
293.9 5.3 -4.5 3.4 -0.5 0.3
2037 173.2 -42.3 -17.8 -59.2 25
2420.9 163.5 5.8 -8.7 -2.4 -14.8
0.7 31.7 11.5
294.3 5.3 -4.4 3.4 -0.4 0.2
2085.4 186.4 -25.8 -12.9 -55.7 30.9
2415.5 163.4 4.8 -7 -1.9 -16.3
0.8 41.2 13.2
294.4 6.1 -4.5 3.8 -0.3 0.4
2138.7 225.1 -11.1 14.9 -51.3 61.3
2406.7 162.7 0.5 -11.1 -6.2 -20.9
0.7 43.9 14.3
295 5.3 -4.2 3.4 -0.3 0.2
2209.5 224 25.9 9.1 -37.2 53.4
2399.1 164.8 5.1 -0.4 -2.2 -20
0.7 40.4 20.9
295.4 5.2 -4.2 3.5 -0.3 0.2
2269.1 224.3 41 7.8 -45 44
2409.7 200.5 36.9 29.3 24.9 7.5
0.8 39.8 51.7
295.5 6 -4.1 3.8 -0.1 0.4
2310.1 223.4 28.4 8.8 -72 39.1
2474.1 321.5 144.9 107.3 98.7 81.5
0.7 20.2 67.3
296.1 5 -3.9 3.5 -0.2 0.2
2346.7 186.3 33.7 10.8 -51.6 4.3
2518.5 346 196.6 108.1 99.7 104.7
0.8 31.8 65.6
296.4 5.8 -4 3.9 -0.1 0.3
2351 190.1 -2.8 22.4 -46.9 -1
2628.4 424.6 294.3 151.5 78.1 137.8
0.8 32.5 84.8
296.8 5.6 -3.9 3.9 0 0.3
2353 188.2 -8 21.8 -36.4 -3.6
2731.2 384.8 340.5 136.2 38.4 137
0.7 10.9 109.7
297.3 4.7 -3.8 3.5 -0.1 0.2
2360.9 167.4 17.9 9.1 -13 -19.6
2874.2 242.9 440.5 51.3 49.8 97.5
0.7 9.8 48.5
297.5 5.3 -3.9 3.8 0 0.3
2357.7 167.6 14.8 2.1 -18.1 -22.2
3054.3 133.6 528.3 -16.2 9.2 38.7
0.7 9.4 51.4
297.9 5.2 -3.9 3.8 0.1 0.2
2356.8 167.8 15.5 2.2 -18.5 -21.5
3160.7 86 475.2 47.8 -114.9 64.2
0.7 9.4 59.5
298.4 4.3 -3.8 3.6 -0.1 0.1
2357.9 167 19.8 8.1 -14.8 -17.8
3240.4 76.7 395.9 96.5 -175.5 28.6
0.7 8.8 57.8
298.6 4.9 -3.9 4 0 0.3
2356.8 167.4 15.9 1.2 -18.9 -20.3
3319.6 103.7 291.2 77.8 -195.8 -45.1
0.7 8.9 47.3
299 4 -3.9 3.7 -0.2 0.2
2358.4 166.7 20.4 7.9 -14.6 -16.8
3376.3 122.6 207.5 69.5 -184.7 -63.3
0.7 8.7 50.6
299.1 4 -4.2 3.7 -0.2 0.1
2359.3 166.7 20.8 7.8 -14.4 -16.5
3440.9 129.6 115.1 47.4 -146.2 -71
winner is: 1
