Regression analysis information for: KLH016c_1580
number of formants: 3
number of coeccicients: 5
5.1 22.4 25.5
329.2 13.1 7.4 2 4.4 7
925.5 20.1 88.3 11.8 48.6 22.5
2504.9 -78.3 -42.4 -77.1 -10.2 22.1
5.2 22.5 25
329.7 13.3 7 1.6 3.9 6.7
927.1 20.4 87.9 12.1 49.3 23
2512.5 -76.3 -45 -78.4 -11 22.7
5.1 23.3 25
330.7 14.2 7 1.4 3.4 6.4
928.7 20.8 87.7 13.1 51.1 24.5
2521.6 -72.8 -47.4 -79.4 -11.2 23.5
5 24.7 24.9
331.8 15.3 7 1.1 2.8 5.9
929.4 20 86.9 14.3 53.4 26.9
2531.4 -68.7 -49.6 -80.1 -12.4 24.6
5.1 26.4 24.5
333 16.6 7.3 1.1 2.5 5.6
930.1 19.3 86.2 15.9 56.2 29.6
2540.1 -65.9 -52.3 -80.5 -11.7 27.2
5.1 30.1 25
334.8 18.7 8 1.1 1.7 4.6
928.8 15.3 84.3 17.5 60.3 34.1
2549.6 -62 -53 -81.4 -13.5 25.9
5.1 35.6 25.2
336.9 21.5 9 1.2 1 3.4
925.8 8.2 80.7 19 66 40.5
2559 -58.4 -54.9 -83.7 -13.1 27.1
6.1 47.8 25.5
340.2 26.1 11 1.6 -0.6 0.9
918 -7.5 71.9 19.2 73.5 51.4
2570.2 -55.8 -59.4 -85.3 -15 27.8
9.4 67.5 61.4
341.1 26.3 10.5 2.2 0.7 2.9
949.6 50.3 116.1 44.3 72 23.5
2602.2 -13.8 -36.5 -72.5 -20.5 8.4
13.3 125.4 100.6
350.1 40.9 18.2 3.5 -5.1 -8
977.2 100.5 150.2 56.2 53.4 -22.5
2632.8 29.1 -21.3 -71.3 -36.5 -23.2
15.7 166 131.2
354.1 46.3 20.4 3.9 -6.9 -11.2
1005.6 157.7 207.3 104.9 80.4 -26.8
2663.5 68.5 4.8 -52.4 -31.3 -32.1
19.5 228 173.3
357.5 50.8 22.9 6.1 -7.5 -14.5
1062.3 265.3 292.8 151.6 72.5 -86
2717.3 144.9 51.3 -29.8 -42.5 -64.3
19.1 255.9 183.3
362.2 56.3 23.6 4.9 -10 -16.5
1131 334.8 224.6 -13 -50.1 -67
2760 165.3 -16.2 -144.9 -127.3 -60.3
19.6 270.3 187.7
363.7 56.5 22.7 6 -8.2 -14.5
1181.1 410.8 246.3 -45.5 -89.3 -66.4
2822.2 243.8 13.1 -148.9 -140.9 -53.3
18.6 267.1 193.8
369 62.8 24.4 6.3 -10.9 -18.7
1212.6 466.9 270.6 -70.9 -156.7 -150.4
2842 250.4 -2.6 -176.3 -186.6 -107.3
17.9 260.5 172.3
372.7 66.5 25.3 7.2 -11.1 -19.5
1245.8 520.9 285 -108.7 -211.8 -178.8
2873.2 280.9 13.7 -157.8 -155.7 -55.7
17.3 200.2 129
375 67.5 24.2 7.7 -11.4 -20.1
1318.3 665 404.3 -46.9 -188.7 -165.9
2970.7 432.8 127.5 -76.6 -96.7 2.5
17 174.3 129.2
378.7 70.8 25.8 11.7 -8.1 -18.6
1335.2 703.2 412.9 -105.9 -262.5 -203.4
2987.3 425 97.2 -103 -105.4 7.8
17.8 161.3 130.9
380.4 70.2 24.3 12.6 -7.7 -17.9
1379.3 775.8 402.9 -221.1 -332.6 -156.3
3029.4 457 82.5 -144.6 -125.7 40.2
18 272.6 194.9
382.9 70.8 22.9 13.2 -8.2 -19.2
1442.4 720.3 285.2 -96.9 -288.1 -304.2
3085.3 425.5 -4.4 -89.2 -91.2 -25.7
winner is: 2
