Regression analysis information for: KLH016b_0679
number of formants: 3
number of coeccicients: 5
4.4 78.9 58.2
383.4 48.1 -15.1 -5.6 -7.8 -5.6
946.9 -75.8 95.3 -46.4 63 -58.6
2503.4 -75.1 -70.4 -10.3 2.4 -20.7
4.6 81.3 62.7
384.4 48.5 -14.1 -5.6 -7.4 -5.5
948.8 -77.9 97.3 -48.4 65 -61.1
2513.2 -79.4 -63 -13.6 6.8 -23.6
4.8 89 65.9
385.6 49.2 -13 -5.4 -6.9 -5.2
952.8 -84.4 103.4 -54.6 70.9 -67.9
2521.7 -80.4 -59.4 -13.6 8.5 -24.1
4.9 100.3 73.5
386.9 50.1 -11.7 -5 -6.3 -4.9
957.9 -93.9 111.7 -63.5 79.2 -77.3
2537.6 -95.1 -40.8 -27.9 25.2 -38.8
5.4 120.7 84.9
388.5 51.2 -9.9 -4.8 -5.2 -4.4
969.5 -117.8 134.6 -88.9 103.1 -102.4
2556.6 -118.7 -8.4 -61.5 59.3 -66.2
6 122.5 87.1
390.3 52.5 -8.2 -4.3 -4.6 -3.8
968.6 -117 131.3 -87.8 100.6 -102.4
2565.9 -118.7 -5.7 -61.1 59.6 -65.5
6.8 124.2 90.8
392.4 54.5 -5.9 -3.1 -3.4 -2.6
968 -119.3 128.2 -88.9 98.3 -104.4
2576.9 -120.5 -2.2 -58 58.9 -64.4
7.2 107.5 87.7
394.5 57.3 -3.9 -1.5 -2.4 -1.6
958.3 -105 106.9 -72.3 76.7 -86.3
2578.7 -103.3 -17.2 -39.2 42.8 -45.7
8.3 99.5 75
397.2 59.4 -1 -0.4 -1 -0.5
947.4 -96 84.4 -62.3 56.5 -77.6
2574.5 -77.5 -43.3 -11.2 14 -17.2
9.9 120.2 86.5
396.5 53.7 -5.1 -7.3 -7.2 -7
950.2 -107.5 90.7 -73.8 66.9 -90.8
2595.3 -105.7 -17.5 -39.8 37.4 -42
9.7 124.7 90.3
402.3 65.6 3.5 2 0.6 0.2
950.3 -35.6 91.1 0.1 70.5 -17.6
2607.2 -52.4 -14.5 17.2 37.8 15.8
11.7 144.7 94.9
406.7 67.1 8.2 2.5 1.8 1.4
968.5 -90 127.4 -49.1 108.6 -63.8
2624.3 -70.7 -1.8 2.6 49.2 0.5
11.7 170.3 113.8
409.4 72.7 9.7 4.9 2 1.6
975.6 -66.8 143.3 -22.1 129.5 -36.9
2647.8 -43.4 21.4 34.9 69.7 32.8
15.2 163.8 108.7
408.3 80.8 4.5 8.4 -1 0.8
961.5 -68.7 118.4 -17.5 111.8 -29.5
2656.5 -43.4 15.5 40.4 62.2 39.6
20.6 215.5 169.5
418.1 70.6 16.6 1.6 2.3 1.7
1045.9 -160.4 257.5 -65.3 169.8 -15.9
2724.9 -96 106.7 20.7 97 55
24.5 238.2 194.4
425.4 67.7 23.9 -3.2 3.6 -1.6
1080.6 -159.2 318.7 -59.8 202 -12.7
2765.8 -95.2 152.2 28.8 115.8 58.3
29.8 258.1 212.9
427.1 64.3 21.7 -6.2 2.6 -0.1
1123.7 -171.1 402.3 -62.9 266 -14.6
2808.7 -101.6 200.8 35.7 144.5 64.2
27 266.4 217.9
435.8 74 29.4 -2.7 2.8 -1.3
1141.1 -141.5 436.3 -40.9 281.9 -18
2840.6 -88 224.7 55.9 144.8 69.4
29.6 273 220.8
438 70.3 25.6 -6.5 0.8 0.8
1132.6 -150.6 432 -39.3 285.9 -18.1
2861.4 -106.4 227.3 60.9 137.5 79.6
32.6 281 226.2
440.2 70.6 21.1 -8 -0.9 3.7
1143 -120.3 457.3 -18.9 290.5 -33.2
2895.3 -96.1 246.2 83.2 129 84
winner is: 1
