Regression analysis information for: KLH016a_0405
number of formants: 3
number of coeccicients: 5
27 67.5 55.9
428.8 15.9 62.3 -30.4 8.2 12.5
1184.2 49.3 9.5 56.1 27.6 -2.9
2183.3 0.1 32 9.7 5.8 -33.6
31.1 56.7 46.5
436.3 27.9 73.5 -24.6 7.2 8.6
1215.5 106.5 56.9 90.3 47.1 -3.9
2226.4 67.7 91.9 66.4 51.7 -2.3
31.7 55.4 34.2
437.4 27.8 75.1 -25 7.7 9.9
1215.4 104.6 57.3 93.3 54.2 2
2227.1 53.3 80.8 66.9 60.6 12.4
35.8 64.8 35.7
440.6 31.5 79.6 -24.1 10.3 10.9
1226.1 124.8 74.9 106.1 61.4 -1.7
2235.5 52.1 77.7 69.2 62.9 11.6
36.4 69.8 37.6
442.2 33.2 85.7 -23 11.2 10.9
1232.8 141.4 88.8 117.6 73.3 -3.2
2242.8 49.9 73.2 71.9 69.5 12.9
42.7 77.9 41.8
442.2 38.2 93.8 -22.5 20.5 9.8
1232 147.1 96.1 126.9 84.1 -2.6
2249.3 47.9 68.2 73.8 73.3 9.2
63.7 126.6 115.3
458.5 42.1 97.7 -33 -9.6 9.9
1272.7 161.1 106.1 139.6 21.8 0
2298.8 45.5 57.2 72.3 -7.2 12.7
88.3 167.1 180.6
469.1 19.9 110.1 -21.1 -33.3 30.7
1289.5 148.4 106.9 164 -17.9 15.5
2333.6 38.1 46 93 -60.3 11.3
127.8 227 314.5
500.9 35.7 106.1 -37.3 -63.9 0.3
1357.7 196.6 91.1 136.7 -86.7 -44.7
2453.8 52.5 30.6 58 -164.3 -28.1
182.4 299 427.8
545.7 28.4 99.5 -56.2 -87 -6.4
1452.7 189.7 88.4 72.4 -132.1 -44
2591.3 45.3 -24.8 14 -218 -6.2
214.6 319.9 449.4
607.2 37.5 45.9 -98.8 -83.4 31
1546.1 224.2 26.3 -19 -139.3 25.7
2729.1 46.4 -190.1 -64.4 -105 128.6
202.6 324.9 432.5
663.5 17.7 17.2 -107.8 -94.6 50.3
1625.8 172.1 18.9 -51.9 -171.4 58.1
2870.1 -6.3 -241.6 -95.6 -146.6 202
196.4 308.8 388.2
682.1 13.1 3.5 -117.8 -105.1 75.4
1642.4 155.1 -23.9 -49.8 -209.7 90.3
2927 -18.6 -264.9 -106.6 -205.2 231.8
188.9 315.3 319.6
761.7 -34 -108.6 -41.7 -64.4 18.7
1725.2 127.4 -90.3 16.3 -175.7 31.1
3055.4 -71.5 -389.1 1 -150.8 171.9
154 282.1 244.8
806.2 -31.8 -148.1 -72.8 -78.4 20.5
1764.9 112.1 -128.7 -46.5 -203.3 48
3138.3 -109.9 -429.7 -62.1 -196.5 152
116.2 275.2 205.9
837.8 -61.9 -186.9 -9.3 -98.9 -5.3
1792.6 75.3 -169.2 22.4 -219.7 9.6
3184.8 -141.3 -451.7 10.1 -247 121
110.7 265.8 201.7
842.5 -86.1 -166.5 -18.9 -108.4 16.4
1793.6 51.9 -136.1 -5.3 -223.8 36.1
3226.7 -175 -417.2 -5.3 -266.4 116
101.5 255.1 215.2
846.9 -77.3 -161.5 -17.2 -109.1 3.6
1785.4 70.6 -115.6 5.8 -239.8 8.8
3254 -142 -380.7 6.4 -291.3 74.1
99.2 254.5 215.2
846.9 -83 -159.4 -20.6 -104.5 2.9
1795 52 -106.2 -20.5 -213.9 3.3
3281.1 -153.4 -361.8 -18.4 -288.1 46.2
96.5 253.2 200
853.1 -76 -153 -28.3 -111.5 -9.1
1796.6 63.1 -120 -30.6 -230.4 -1.2
3311.3 -129.6 -380.7 -43.7 -293.9 36.6
winner is: 3
