Regression analysis information for: KLH016b_0031
number of formants: 3
number of coeccicients: 5
5.1 9.3 3.4
458 -30.8 -52.1 -32.3 -31.9 -9.3
1123.8 -53.5 -31.3 -9.1 6.8 10.9
2290 70.2 -2.5 10.2 7.9 2.8
5.1 9.6 3.6
459.1 -30.2 -51.8 -32.4 -32.1 -9.5
1124.4 -54 -31.6 -9.7 6.6 10.9
2291.4 70.5 -2.4 10.1 7.9 2.9
5.3 9.9 3.7
460.1 -30 -51.7 -32.7 -32.2 -9.8
1124.9 -54.8 -32 -10.2 6.5 11.1
2293 70.6 -2.4 10 8.1 3
5.4 10.4 3.8
461.3 -30.1 -51.7 -33 -32.4 -9.8
1125.1 -56.1 -33 -11 6 11.3
2294.9 70.7 -2.4 10.2 8.2 3.1
5.6 10.9 3.9
462.5 -30.1 -51.6 -33.4 -32.4 -10
1124.7 -58 -34.4 -11.8 5.7 11.7
2296.9 70.8 -2.6 10.1 8.3 3.1
5.7 11.5 4
463.9 -30.1 -51.5 -33.9 -32.6 -10.2
1123.9 -60.4 -36.6 -12.9 4.7 11.9
2298.9 70.7 -2.8 10 8.3 3.2
6 12.4 4
465.5 -30 -51.2 -34.5 -33.1 -10.5
1122.2 -63.4 -39.9 -14.4 3.1 12.4
2301.1 70.5 -3.3 9.9 8.2 3.4
6.3 13.5 4.2
467.2 -29.7 -50.7 -35.3 -33.5 -11
1119.1 -67.2 -44.9 -16.3 0.5 12.7
2303.2 70.3 -3.8 9.7 8.1 3.6
6.9 15.2 4.1
468.8 -29.8 -50.5 -36.4 -34 -11.3
1114.2 -72.4 -52.2 -18.3 -3 13.6
2305.4 70.2 -4.5 9.6 7.8 3.9
8 17.6 4.2
470.4 -30.2 -50.3 -38.1 -34.8 -11.7
1106.9 -78.4 -62.3 -20.6 -8.3 14.7
2307.6 70.1 -5.3 9.5 7.5 4.4
10.1 21.2 4.4
471.3 -31.7 -50.8 -40.7 -35.7 -12
1096.9 -85 -75.5 -22.1 -15 17
2309.6 70.1 -6.4 9.6 7.1 4.8
14.4 26 4.5
470.7 -35.5 -53.2 -45.1 -37.5 -12.4
1081.9 -94.2 -95.8 -24.9 -26.7 19
2311.3 70.3 -7.8 9.7 6.4 5.2
17.9 30.4 4.7
467.3 -37.7 -60.1 -47.9 -42.9 -9.8
1067.5 -95.6 -112.2 -20.7 -35.2 24.2
2312.7 70.6 -9.6 9.9 5.6 5.8
41.8 82.6 94.2
469.8 -60.2 -52.6 -70.5 -31.7 -25.3
1087.9 -163 -55.5 -83.3 29.6 -40.6
2349.1 -2.3 59.4 -63.3 75.7 -67.1
67.2 207 208.3
496 14.1 -7 -22.4 -14 -10.2
1165.4 15.2 85.2 34.3 90 -30.7
2438.9 167.9 204.1 47.8 141.5 -49.5
95.7 263.9 271.5
518.8 49.9 36.8 -16 6.6 -35.3
1288.3 149.2 312.9 102.5 232 -61
2565.6 266.6 418.7 84.3 270.6 -95.9
108.3 244.5 239.6
559.1 -55 119.5 -85.6 55.3 -42
1368.6 -28.3 469 -13.3 313.4 -92.1
2681.4 51.8 610.2 -60.4 363.2 -126.2
101.1 246.3 237
585.3 -52 164.4 -94.8 25.4 -47.4
1431.6 -9.1 555.1 -21.1 257.1 -127.5
2762.8 50.8 698.5 -77 300.1 -140.6
104.4 246.8 242.1
589.3 -90.1 195.7 -90.1 1 -1
1454.1 -68.2 594.4 -9.3 223.7 -68.8
2804.9 -22.1 738.2 -73.3 253.9 -64
91 291 285.4
617.6 -92.9 226.8 -84.6 -55.8 7.4
1520.5 -66.3 637 -15.2 94.6 -91.6
2888.4 -24.8 792 -69.6 122.5 -57.2
winner is: 1
