Regression analysis information for: KLH016e_0510
number of formants: 3
number of coeccicients: 5
6.7 95.8 116.4
380.2 34.4 -12.2 -7.4 -12.6 -11.1
2213.4 -171.4 25 161.7 -48.8 -39.8
3018.1 -452.1 124.4 193.5 -41.3 -116.9
7.3 90 111.6
379.1 36 -10.7 -9.5 -12.6 -9.8
2225 -166.7 13.3 148.5 -48.8 -34.4
3021 -451.9 118.8 199.5 -43.9 -128.1
8.4 222.6 184.7
377.8 38.3 -11.6 -8.4 -15.7 -7.2
2115 -22.1 5.4 175 -220.5 145.2
2929.8 -351.7 142.7 212.6 -190.2 25.5
7.4 143 130
378 37.8 -9.6 -10.1 -15.9 -7.7
2156.2 -70.5 24.9 158 -212.4 91.2
2908.6 -376.3 230.6 201.3 -255.4 4.4
7.5 144 132.1
377.7 37.7 -9.4 -10.6 -15.7 -7.9
2150.4 -65.2 32.6 148.2 -216.1 105
2899.4 -371.8 249.7 183.3 -263.5 24.9
7.1 138 132
377.4 37.7 -9.8 -12.1 -15.1 -8.4
2173.4 -54.9 -7.7 138.8 -208.9 110
2902.1 -372.6 249.6 183.4 -267.1 21.9
7.2 106.3 120
377.6 37.7 -9.8 -12.9 -14.8 -8.4
2216.8 -86.7 -10.7 92 -158 76.2
2917.2 -402.6 276.6 158.1 -242.1 -6.8
7.3 210.4 155.5
377.9 37.6 -9.5 -13.7 -14.7 -8.4
2175.6 12 -32 -23.7 -57.1 75.4
2882.5 -356.7 289.6 100.8 -188.3 -16.8
11.5 126.4 123
374.9 40 -8.4 -19 -9.1 -9.2
2242.8 -111.3 25.4 -70.8 48.5 -1.2
2919.6 -429.1 339.5 69 -152.3 -63.3
7.2 30.4 101.8
378.2 36.1 -9.9 -14.7 -13.8 -8.4
2317.4 -153.8 -41.3 -14.5 -18.3 17.6
2952.6 -450.2 303 109.1 -188 -56.9
7.2 22.9 109.5
378.7 35.4 -10.2 -15.3 -13.7 -8.3
2330.8 -147 -62.7 -28.8 -12.2 24.3
3012.1 -454.8 191.4 139.2 -127.7 -105.4
7.2 20.9 137.2
379.2 35.3 -10.4 -15.6 -13.6 -8.2
2337.2 -141.8 -72 -39.6 -11.7 31.5
3056.8 -434.1 113.1 97.5 -88.2 -65.2
7.2 30.7 120.2
378.9 34.3 -10.9 -15.4 -12.7 -8
2319.8 -164.2 -66.8 -11.2 18.2 40.7
3077.9 -434.6 64.8 96.3 -39.6 -56.8
7 24.6 107.7
379 34.8 -11.4 -15.4 -13 -7.5
2328.9 -153.8 -72.7 -29.8 3.3 40.8
3116.5 -428.5 -2.9 73.1 24.1 -33.5
7.1 22 101.3
379.2 35.1 -12.2 -15.5 -13.2 -7.2
2332.3 -149.2 -73.8 -36.7 -3.9 38.4
3145 -423.6 -49.5 50.9 70.9 -9.8
7 24.3 95.6
379.4 35.5 -12.7 -15.8 -13 -7.4
2337.5 -143 -75.7 -45.9 -12.8 37
3158.4 -416.5 -68.4 30.4 84 11.9
6.9 24.6 93.2
379.3 35.9 -13.4 -16 -12.7 -7.7
2339.7 -141.1 -77.3 -51 -18.2 35.3
3157.7 -419.5 -61.8 28.6 79.9 8.9
6.9 26.5 85.1
379.4 36.4 -14 -16.3 -12.6 -7.7
2343.2 -137.1 -78 -56.4 -24.5 33.2
3162.2 -417.3 -60 17.8 73.5 9.9
6.9 26 75.9
379.2 37.1 -14.5 -16.2 -12.8 -7.8
2345.5 -134.7 -77.2 -58.2 -27.5 30.8
3171.6 -418.5 -56.7 2.6 69.5 10.1
6.9 24.2 69
378.9 38.2 -14.9 -16.6 -12.7 -8.2
2347.5 -132.8 -75.5 -58.3 -30 28.2
3179.9 -421.9 -53.2 -4.6 65 9.9
winner is: 20
