Regression analysis information for: KLH016a_0811
number of formants: 3
number of coeccicients: 5
3.2 1.6 4.4
330.1 -3.9 3.6 -16.5 -14.2 3.1
1314.1 62.3 7.4 -5 1.4 -3.2
2202.2 14.9 -26.7 -17.4 11.5 2.7
3.6 1.9 4.8
328.5 -4.5 4.7 -17 -15.5 2.9
1316.1 63.1 7.4 -5.5 1.5 -3
2207.4 18.2 -29.3 -20.4 12.5 4.2
3.9 2.3 5.4
326.2 -5.5 5.6 -17.9 -17.2 2.6
1318.2 63.4 7.8 -6.4 1.9 -3
2212.3 20.1 -31.1 -23.3 14.1 5.2
4.3 2.4 5.6
323.8 -6.1 7.2 -18.3 -18.7 2.3
1320.1 63.8 7.6 -7.1 2 -2.7
2216.6 22.5 -33.6 -25.5 15 6.6
5 2.6 6
320 -7.7 8 -20.1 -21.2 1.4
1322 64.2 7.7 -7.7 2.2 -2.3
2220.7 23.8 -35.4 -26.8 16.6 7.6
5.5 2.7 6.3
316.6 -8.6 9 -21.4 -22.9 0.6
1323.2 64.2 7.9 -8 2.2 -2
2223.5 24.9 -36.3 -27.9 17.1 8.6
6.3 2.8 6.8
312.1 -10.8 9.8 -23 -25.5 -1.5
1324.4 64.6 8 -8.4 2.2 -1.8
2226.8 26.6 -37.6 -29.3 17.7 9.6
7 2.8 7.3
306.4 -12.1 11.3 -24.5 -28.9 -3
1325.3 64.7 8.4 -9 2.2 -1.7
2230 27.4 -38 -31.1 18.4 10.4
8.6 2.8 7.6
299.9 -14.3 11.8 -27.3 -32.4 -5.6
1325.9 65.1 8.4 -9.4 2.2 -1.5
2232.5 28.3 -39 -32.2 18.8 11
10.5 2.7 7.8
291.8 -15.3 14.1 -31.8 -36.4 -7.5
1326.1 65.5 8.2 -9.8 2.2 -1.5
2234.7 28.6 -40.2 -32.4 19.4 11.5
16.6 2.6 8.1
278.8 -22.4 8 -43.2 -45.6 -14
1326.1 66.3 7.8 -10.1 2 -1.7
2237.1 28.9 -40.9 -32.9 19.7 11.3
95.7 74.3 137.9
362.6 158.9 188.1 116.3 110.5 123.3
1385.5 183.1 122.5 95.9 103.2 86.7
2349.5 243 172 163.3 207.2 175
95 74 138.4
351.4 165.1 192 112 110.3 125.6
1384.4 185.1 121.7 96 102.9 86.8
2351.7 244.4 172.7 163.9 208.1 175.5
94.1 73.5 138.6
337.2 176.8 196 103.4 109 131.2
1382.4 188.1 120.2 96.7 102.5 87.2
2353.1 245.3 173.6 165 209.3 175.9
91.6 72.9 138.9
318.9 193.1 198.1 93.2 112.7 139.4
1379.8 192.3 117.8 97.7 101.5 87.7
2354.3 246.9 174 165.9 208.7 176.1
251.1 191.3 333.1
412.3 129.3 -10.2 284.7 157.9 -88
1471.2 129.2 -50.8 256.9 136.2 -96.3
2519.5 131.4 -112 440.2 272.5 -143.8
326.9 276.9 481
565.5 -112.1 10.3 397.6 45.3 -163.7
1610.4 -84.8 -17.8 339 54.5 -162.8
2760.4 -229.4 -67.7 604.8 113.5 -240.6
280.7 243.9 426.5
720.8 -287.2 -12 404.2 130.4 -152.9
1752.6 -247.3 -17 338.6 126.7 -152
3012.3 -514.8 -64.9 614.4 231 -214.7
246.7 200.9 350.8
758.7 -367.5 27.9 407.5 77.9 -57
1801 -326.9 34.6 338.2 85.2 -66.9
3107.2 -664.2 32.7 616.5 159.1 -64.7
144.8 112.3 198
888 -300.8 228.1 459.7 156.5 -5
1899.1 -306.1 191.2 364.1 138.5 -33
3291.3 -620.3 323.7 674.6 257.5 -5.1
winner is: 1
