Regression analysis information for: KLH016b_0084
number of formants: 3
number of coeccicients: 5
106.7 147.4 127.8
463.4 30.3 94.7 -92.5 53.9 -165.1
1365.6 -123.4 136.8 -27.3 122.2 -141.6
2557.4 -84.8 57.8 -30.9 32.3 -113.8
127.6 184.8 161.8
483.8 15.7 52.3 -53.7 74.1 -205
1392.2 -139.1 89.3 10.5 142.7 -182
2587.2 -104.3 -0.3 7.3 44.9 -153
139.1 205.8 178.3
495.7 9.9 22.3 -34.4 97.9 -226.3
1411.2 -146.9 51.6 32.7 166.7 -206.1
2608.5 -113.8 -42.4 28 63.1 -173.4
140.1 206.5 176.2
490.2 9.3 23.8 -30.6 99.9 -225.5
1411.1 -147.7 49.5 34.3 167.6 -206.5
2611 -114.2 -55.6 31.7 60.5 -173.6
146.3 210.6 188.6
493 -6.3 37.7 -32.1 97.1 -214
1420.9 -165.8 59.9 31.4 165 -196.7
2628.2 -139.9 -48.5 26.3 57.8 -162.2
148.5 217.5 190.9
488.3 2.7 17.3 -16.7 110.1 -234.2
1423.3 -157.1 32.9 46.5 180.8 -222
2635.2 -133.1 -80.4 39.2 76.1 -190.7
157.1 220.2 207.4
503 -27.6 31.4 -19.8 134 -254.4
1441 -188.5 56.4 24.8 198.7 -219.1
2664.4 -178.2 -48.3 7.5 102.6 -195.4
177.1 250.2 249.1
533.5 -51.8 18.4 -24.7 136.2 -219.4
1480.2 -215.6 41.1 11.1 201.8 -178.1
2709.8 -211.9 -58.1 -9.7 108.7 -158
189.6 266.2 268.6
546.1 -74.4 28.5 -16.4 117.3 -194.5
1493.8 -232.5 38 27.2 188.1 -169
2732.3 -243.4 -40.5 -12.7 110.7 -158.2
190.7 267.5 268.7
542.6 -73.3 30.2 -15 118 -195.8
1495.1 -233.9 36.1 30.5 188.5 -170.4
2737.5 -248.6 -39.2 -11.6 113.7 -158.3
204.1 281.7 287.1
549.9 -52.2 4.3 -40.9 122 -172.9
1503.4 -201.5 -0.6 -2.6 191.9 -141.1
2753 -239.1 -46 -73.1 139.1 -135.9
213.7 290.8 293.7
557 -68.9 20 -46 118.4 -161.3
1513.2 -231.8 42.5 -27.3 178 -100.2
2769.6 -280.3 -2 -92.1 140.3 -99.5
211.8 292.5 300
551.7 -91.4 42.3 -14.4 106.4 -168.1
1517.8 -270 51.7 37.1 174.7 -146.3
2781.4 -330.6 19.6 -29.4 145.1 -154.1
227.8 324.8 334.4
586.2 -119.3 28.1 -7.3 101 -178.4
1559.5 -302.7 33.7 44.1 171.1 -160.5
2832.1 -379.2 7.8 -19.9 158.9 -178.4
234 334.7 339.4
584.2 -98.5 8.5 -16.9 105.7 -174.4
1560.5 -278.9 7.4 31.7 174.9 -150.5
2833.8 -357.9 -18.3 -29.1 166.9 -166.3
243.1 347.9 351.2
590.7 -109 7.7 1.2 89.7 -176.9
1571.6 -291.4 1.9 50.9 159.7 -151.8
2848.2 -368 -25.4 -5.4 154.2 -164.2
258.2 375.9 376.1
613.4 -114 -20.3 9.4 83.2 -173.8
1601.6 -299.3 -32.3 59 156.7 -146.5
2881.4 -372.9 -60.4 4.6 154.2 -154.7
267.5 387.5 384.1
621.1 -126.9 -14.5 19.6 64.4 -158
1612 -314.6 -28.8 70.3 137.9 -128.7
2893.3 -387.1 -56.4 20.2 141.2 -139
282.1 408.9 403.4
634.7 -133.6 -17.6 12.1 51.6 -127.6
1632.4 -323 -37.5 58 127.1 -90.1
2919.7 -395.2 -65 13.4 131.2 -98.7
297.7 426.9 419.2
646.7 -121.9 -42.6 -8.7 68.3 -98.9
1653.1 -314 -71.4 32.4 148.9 -51.7
2946.1 -385 -98.3 -8.3 153.6 -61.7
winner is: 1
