Regression analysis information for: KLH016b_0272
number of formants: 3
number of coeccicients: 5
2.5 27.9 9
375.8 36.5 -1.9 -3.8 -5.9 1
1758.3 -349.3 87.1 -2.7 -51.6 -16
2474.9 -51.8 -63.5 -24.2 -35.9 14.1
2.5 25.9 10.4
375.5 36.7 -1.8 -3.6 -5.9 1
1750.7 -343.1 92.3 -9.4 -46.2 -16.9
2463 -42.1 -77.6 -11.8 -41.8 23.7
2.4 25.7 10
375.4 36.6 -1.8 -3.5 -5.7 1.1
1747.5 -341 90.9 -8 -42.7 -18.7
2458.5 -42.9 -79.1 -4.1 -36.9 28.6
2.4 22.8 10.4
375.1 36.5 -1.8 -3.4 -5.5 1.1
1741.4 -335.9 89.9 -9.9 -35.2 -21.2
2449.7 -49.4 -85.7 0.7 -33.8 31.9
2.4 23.4 10.3
375.2 36.6 -1.8 -3.3 -5.4 1
1736.2 -329.6 89.4 -10.2 -32.9 -23.2
2453 -41.7 -76.4 8.1 -27.5 31.5
2.4 24 7.7
375.3 36.6 -1.8 -3.2 -5.3 1
1738.3 -330 84.5 -6.2 -32.6 -25.1
2458.1 -43.8 -69.1 6.9 -20.9 30.4
2.4 23 7.3
375.4 36.6 -1.7 -3.1 -5.2 0.9
1741.9 -332 81.2 -1.9 -32.4 -26.5
2465.7 -41.8 -58 7.7 -14.5 27.8
2.5 22 7.4
375.6 36.8 -1.6 -3.1 -5.1 1
1745.5 -333.6 79.1 -0.1 -32 -26.1
2474.5 -37.8 -45.8 8.7 -7 26.8
2.5 21.8 7.6
375.8 36.9 -1.5 -2.9 -5 1
1752.4 -338.1 75.4 4.8 -32.7 -26.1
2485.8 -32.4 -31.2 10 1.3 26
2.5 21.4 8.7
376.2 37 -1.5 -2.8 -4.9 0.9
1760.2 -343.4 71.1 9.6 -34 -26.4
2498.3 -26.1 -15.4 10.1 9.2 23.9
2.5 21.6 11.8
376.6 37.1 -1.5 -2.8 -4.8 0.9
1768.4 -349.3 67 15.1 -35.7 -27
2511.7 -19.1 2.1 10.5 18.2 22
2.5 21.6 15.2
377 37.2 -1.4 -2.8 -4.7 0.9
1776.3 -354.4 63.7 19.3 -37.9 -27.1
2525.2 -13 19.3 8.7 26 18.9
2.5 20 18.5
377.3 37.3 -1.4 -2.8 -4.7 1
1785.1 -359.7 59.9 22.6 -39.2 -25.7
2540.2 -5.4 37.9 6.9 34.3 15.8
2.5 19.2 22.4
377.7 37.6 -1.3 -2.7 -4.6 0.9
1796.2 -366.1 53.2 29.1 -39.4 -27.4
2556.8 3.6 59.8 6.2 44.9 13.5
2.5 19.7 26.8
378.2 37.7 -1.4 -2.6 -4.4 0.9
1807.7 -373 45.2 36.5 -40.8 -29.1
2574.1 13.5 83.5 5.5 57.4 12.1
2.5 20 31.2
378.7 37.9 -1.4 -2.6 -4.3 0.9
1820 -380.2 37.9 43.6 -42.5 -30
2595 27.4 112.9 6 71.3 10.2
2.5 21.1 35.8
379.2 38 -1.5 -2.6 -4.2 0.8
1832.6 -388.6 28.8 52.5 -44.8 -32.3
2614.9 39.1 141.3 4.2 84.9 7.8
2.6 22.6 40.3
379.7 38.2 -1.6 -2.6 -4.1 0.7
1846 -395.3 16.9 61.6 -45.1 -36.7
2633.6 52.7 167.9 2.1 96.7 5.1
2.6 22.4 44.4
380.2 38.4 -1.7 -2.8 -4 0.7
1856.3 -398.9 7.3 64.8 -41.8 -39.3
2652.8 61.4 195.2 -3 108.7 1.3
2.6 25.6 50.4
380.8 38.7 -1.8 -2.7 -3.9 0.7
1873.5 -408.6 -8.5 79.4 -44.2 -46.1
2676.7 84.1 232.9 -1.1 125.8 1.3
winner is: 8
