Regression analysis information for: KLH016d_0009
number of formants: 3
number of coeccicients: 5
1.7 21.5 33.1
436.2 -31.6 -11.6 -3.5 -3 0.8
1841.6 37.5 -24.8 26 -25.1 24.6
2691.3 -83.1 -20.8 98.8 -72.3 64.1
1.6 20.5 35.8
436.7 -31.6 -11.7 -3.6 -3 0.8
1844.3 36.5 -24.1 24.8 -24.4 24.1
2697.1 -90.6 -11.2 88.1 -66.3 60.7
1.6 19.7 35.8
437 -31.5 -11.6 -4 -3 0.8
1847.9 36.8 -21.1 20.9 -22.2 23.8
2707.7 -98.6 4.5 72.6 -57.7 57.5
1.6 18.5 27
437.5 -31.5 -11.4 -4.4 -2.9 0.8
1852.2 36.8 -17.7 16.8 -19.9 23.7
2713.3 -97 11 61.7 -50 49.7
1.6 17.7 23.6
437.9 -31.5 -11.5 -4.9 -2.7 0.8
1857.3 36.3 -15.5 13 -17 23
2720.6 -96.7 17.5 51.1 -41.8 44.4
1.5 16.4 19.4
438.4 -31.6 -11.5 -5.3 -2.7 0.7
1862.3 36.8 -13.2 9.6 -14.3 22.5
2728 -94.3 21.9 43.9 -35.9 39.7
1.5 15 16.5
438.9 -31.5 -11.6 -5.8 -2.6 0.6
1867.7 37.6 -11.4 6.8 -11.8 21.9
2735.8 -91.3 24.6 38.4 -31.6 36.7
1.4 14 14.4
439.5 -31.4 -11.7 -6.3 -2.6 0.6
1873.2 38.8 -9.9 4.6 -10.1 21.7
2743.9 -88.1 25.9 35.2 -29.2 34.3
1.5 13.3 13.5
440 -31.5 -12 -6.9 -2.7 0.5
1879.1 39.7 -8.3 2.9 -8.6 21.8
2752.3 -84.7 27.5 33.2 -27.1 32.8
1.5 12.4 12.4
440.5 -31.8 -12.3 -7.4 -2.7 0.4
1884.8 40.5 -6.8 0.9 -6.7 21
2760.5 -81.9 28.8 31.2 -25.3 30.8
1.7 12.1 12.2
440.7 -32.3 -12.9 -8.3 -3 0
1890.5 41 -4.6 -0.7 -4.9 20.7
2768.5 -78.6 32.1 29.8 -23.2 30.6
1.8 11.2 11.2
440.9 -32.8 -13.4 -8.8 -3.3 -0.3
1896 42.5 -3.1 -0.7 -3.6 20.4
2776.7 -75.6 33.8 31.1 -22.2 29.6
1.9 10.2 11
441.1 -33.3 -14.2 -9.6 -3.6 -0.7
1900.6 45.3 -2.9 -1.2 -1.7 19.3
2783.8 -71 33.7 31 -20 27.4
2.1 10.1 10.7
441.3 -34 -14.6 -10.3 -4.1 -1.1
1906.2 45.5 0.7 -1.3 -1.6 19.6
2791.9 -69.8 37.3 32.2 -20.9 27.2
2.3 9.9 10.5
441.3 -34.8 -15.6 -11.1 -4.5 -1.5
1911.4 46.8 1.2 -0.4 -0.5 19.3
2799.8 -67.6 37.4 34.4 -19.9 26.1
2.4 9.2 10
441.1 -36 -16.8 -12.1 -5.2 -2.1
1916.2 49.1 2.1 0.1 0.1 18.8
2807.3 -64.1 38.2 36.2 -19.7 24.6
3 9.2 10.2
440.5 -38 -18.5 -13.5 -6.3 -3
1921.5 49.9 4.1 0.9 0.6 18.4
2814.9 -62.1 41 38.1 -19.8 24.3
3.4 8.9 10.2
440.2 -39.5 -19.9 -14.8 -7.2 -3.8
1926.8 50.9 5.7 1.2 2 17.6
2822.8 -60.5 42.4 39.6 -18.8 22.7
4.1 8.9 10.3
439.3 -41.7 -22 -16.6 -8.6 -4.9
1930.9 53 7.5 1.7 2.3 17.7
2828.6 -57 44.9 40.4 -18.7 22.6
4.4 8.6 10.1
438.5 -43.1 -23.8 -17.9 -9.4 -5.6
1932.5 57.8 6.4 1.6 3.9 15.6
2830.8 -49.7 43.5 39.5 -15.8 18.9
winner is: 16
