Regression analysis information for: KLH016c_0199
number of formants: 3
number of coeccicients: 5
9.9 5.4 27
705.3 64.4 -55.5 20.5 -3.3 20.5
1314.6 -95.9 -41.8 0.1 -18 2.1
2306.3 -40 -38.5 -41.4 -10.7 -12.7
10.9 18 39.1
710 70.5 -49.8 26.3 0.6 24.4
1326.2 -78.1 -24.5 18 -1.6 18
2306 -58.3 -54.5 -54.7 -29.2 -25.8
11.6 30 89.8
714.1 73.8 -46.1 30.2 2.4 26.3
1337 -62.7 -9.3 33.9 12.2 31.3
2376.7 59 66.7 63.8 80.4 81.3
12 32.9 84.2
719.1 78.5 -41.6 35 3.9 28.5
1346.9 -49.5 2.9 46.4 21.3 40.2
2390.1 62.8 71.8 70.7 76.8 84.2
11.5 35.6 91.9
722.9 80.5 -38.8 38.4 4.6 29.5
1355.5 -38.3 14.1 58.4 29.6 47.9
2428.1 117.7 126.5 126.1 114.2 120.8
11.2 35.6 86.9
725.9 79.6 -38.8 38.6 3.3 29.4
1358.5 -40.2 12.2 57.8 27.8 47.4
2434.3 100.7 115 116.1 99.5 115.3
10 34.3 85.1
729.9 79.6 -38.8 39.2 1.4 28.7
1361.8 -42.3 8.9 56.6 25 46
2421.8 46.1 64.3 74 54 86.9
8.9 32.5 84.6
733.2 78.6 -39.9 39.7 -1.2 27.8
1362.8 -48.5 1.6 52.7 18.8 41.8
2430.9 33.1 55.2 71.2 40.6 83.5
8 33.5 84
738.6 79.9 -38.7 41.5 -2.7 27.5
1370.7 -42.5 5.9 58.4 21.5 44.8
2446.9 29.7 54.1 73.3 32.2 85.1
6.8 32.2 83.4
743.5 79.9 -39 42.4 -5.3 26.7
1374.9 -43.7 3 57.8 18.5 43.2
2462 24.5 51.3 75.2 22.7 86.6
6.2 37 100.1
750.3 83.3 -36.1 45.3 -6.5 26.8
1387 -29.3 14.7 69.7 26 49.8
2524.1 113.4 135 153.5 79.7 139.7
5.6 37.5 99
756.8 84.2 -34.8 46.8 -8.8 26.7
1395.8 -22.7 19.1 74.6 27.4 51.7
2541.4 107.1 133.5 152.6 68.5 141.4
5.6 35.4 98
762.6 84.1 -34.9 48.1 -11.8 25.3
1402.8 -19.5 19.3 77 25.5 49.4
2557.4 101.3 130.1 155 58.1 139.8
6.1 31.9 97.8
769 84.6 -35.8 48.8 -15 24.1
1411.9 -13.2 20.1 79.2 23.4 46.2
2576.2 98.6 125.2 154.4 47.5 137.5
7 29 96
776.1 85 -36.3 50.6 -17.3 23.6
1424.2 -1.7 25.4 85.8 24.5 45.1
2596.7 98.4 121.1 156.1 37.7 134.6
8.4 22.3 83.9
783.5 86 -37.1 51.9 -19.8 23
1439.6 15.5 33.6 93.4 24.8 41
2650.4 161.5 167.6 194.6 49.5 135.8
9.8 16.3 81.7
790.3 85.3 -38.6 52.3 -22.1 22
1452.8 28.1 37.3 96.5 21.4 33.6
2673.4 167.6 162.9 192.1 36.4 126.4
11.8 9.5 80.6
794.6 82.5 -43.5 51.1 -24.7 19.6
1456.7 24.6 24.8 87.5 10 18.8
2692.9 171.7 155.2 189.6 26.5 114.2
11.6 11.5 89.8
801.4 80.6 -45.7 52.6 -25.8 21.6
1466.7 29.6 22.5 91.4 13.3 21.8
2712.1 165 137.8 183.1 15.2 110.4
13 9.5 76.1
806.8 79.8 -50.1 52.3 -29.5 19.5
1479.5 40.9 19.1 87.6 1.4 4
2760.3 217.6 145 170.9 -32.8 53.3
winner is: 1
