Regression analysis information for: KLH016c_1278
number of formants: 3
number of coeccicients: 5
6.3 17.7 20.6
484.8 6.5 1.5 4.2 -1.2 1.6
1102.9 -215.3 113.6 -42.8 30.3 -6.5
2311.6 -14 60.1 -5.6 -9.5 21.2
6.5 17.8 20.4
485.8 7.8 2 5 -0.5 1.9
1103.3 -215.6 112.8 -43 30 -7.1
2315.3 -12.6 57.9 -4.1 -8 19.7
6.5 17.7 19.6
486.5 8.2 1.5 4.9 -0.3 2.2
1103.9 -215.9 112 -43.3 29.7 -7.3
2319.1 -12.7 53.7 -3.7 -6.2 18.8
6.8 17.9 19.5
487.6 9.9 1.9 5.7 0.4 2.4
1104.1 -216 110.8 -43.9 29.4 -8.4
2323.1 -10.9 49.9 -2.1 -3.8 15.9
6.6 17.7 18.8
488.2 10.7 1.9 5.9 0.5 2
1104.1 -215.5 109.9 -44.2 29.3 -9.5
2326.2 -9.9 46.9 -1 -3.2 11.1
6.8 17.9 18.4
489.1 11.6 1.9 6.3 0.4 1.6
1104.6 -215.3 108.9 -44.2 28.8 -10.1
2330.3 -8.9 43.3 1.5 -3.1 6.9
7.1 17.7 18.5
490.2 13.4 2 7.2 0.7 2
1104.2 -215.4 106.3 -44.3 27.2 -10.4
2333.7 -5.4 36.6 5 -3.4 5.2
7.3 18.2 18.8
491.5 14.9 2.2 7.8 1.2 1.8
1104.5 -215.9 104.9 -44.9 26.8 -11.9
2338 -3.2 31.9 6.8 -1.5 0.2
7.6 18.5 19.6
492.9 16.6 2.6 8.6 1.6 2.1
1104.5 -216.9 102.9 -45.5 25.4 -12.6
2342.6 -1.9 27 9.5 -1.5 -1.7
7.4 18.8 20.9
494.2 17.6 2.6 8.9 1.8 2.1
1104.7 -218.1 101.3 -46.1 24.2 -13.5
2347.6 -2 22.2 11.1 -1.6 -4.6
8.3 19.5 22.8
496.1 20.1 3.8 10 2.3 2.1
1104.3 -220.3 98.9 -47.5 22.6 -14.9
2353 -1 19.4 13.3 -1.9 -8.1
7.7 19 24.5
497.1 20.5 2.8 9.6 1.8 1.6
1105 -219.5 98.3 -46.6 22.1 -15
2357.6 0.6 13.1 15.8 -2.8 -10.9
8.7 20.5 26.1
499.8 23.8 4.5 11.3 2.8 2.1
1103.8 -223.8 94.4 -49.3 19.4 -17.1
2363.9 1 9.4 17.9 -3 -13.3
8.8 21.4 27.7
501.8 25.8 5.1 11.9 3.1 2.2
1103.5 -227.3 91.9 -51.1 17.5 -18.9
2370.1 0.5 5.9 19.3 -2.8 -16
8.9 21.2 29
503.6 27.5 5.6 12.6 3.5 2.4
1103.3 -229.8 90.2 -52 16.1 -19.8
2375.5 -0.8 2.9 21 -2.6 -17.3
8.8 21.5 30.1
504.9 28.6 6.1 12.7 3.2 2.1
1103.2 -232 89.2 -53.1 15 -20.2
2379.2 -2 3.5 21.3 -4.1 -18.2
8.7 21.6 32
506.6 30.1 6.3 12.6 3.1 2.1
1103.4 -233.3 89 -53.2 14.5 -20.7
2384.2 -3 2.3 20.1 -4.5 -18.6
9 22.3 34.1
508.9 32.6 7.1 12.9 3.2 1.9
1102 -237.4 85.8 -55.4 12.3 -22.2
2389.4 -2.3 -0.6 20.2 -4.1 -19.5
9.2 23 34
511.1 34.7 7.2 12.5 2.7 1.7
1100 -243.2 82.2 -58.5 9.4 -24.8
2395 -2.6 -2.2 19.6 -5 -20.5
10.1 23.3 34.7
512.1 35.6 7.3 11.2 0.3 0
1097.3 -249.6 77.9 -62.2 6 -26.2
2397.7 -2.7 1 18.7 -9.4 -20.1
winner is: 5
