Regression analysis information for: KLH016c_0427
number of formants: 3
number of coeccicients: 5
16.5 12.2 24.3
603.6 -35.5 -61.2 -14.9 -44.2 -8.4
1375 175.6 40.8 27.5 -0.3 -1.8
2240.7 125.3 87.4 56.3 -20.7 6.2
16.5 12.2 27.6
605.4 -36.6 -62 -14.9 -44.5 -8.6
1376.5 174.5 38.7 26.3 -1.1 -2.8
2249.8 122.8 77.7 48.4 -26.5 3.2
16.6 12.6 30.9
607.6 -38 -62.9 -14.8 -45.1 -8.6
1379.2 174.7 37.5 26.2 -1.2 -3.6
2263.2 124.9 71.4 43.3 -31.7 0.4
16.7 12.5 34.2
610.3 -39.4 -63.7 -14.2 -45.8 -8.3
1382 174.9 36 25.8 -2 -4.8
2277.6 127.2 63.5 37.1 -39 -2.6
16.9 12.6 38
612.9 -41.3 -65.2 -14 -46.9 -8
1384.9 175.2 34.2 25.5 -2.4 -5.9
2292.6 129.9 54 30 -46.3 -5.3
17.2 12.5 42.1
616.3 -43.3 -66.2 -13.6 -47.8 -8
1388.3 176.1 32.9 25.2 -2.7 -7.4
2311.2 135.3 45.4 21.6 -54.4 -9.4
17.4 12.5 47.7
620.1 -45.8 -67.2 -13.1 -48.9 -7.9
1391.8 177.1 31.4 24.9 -3 -9
2331.3 141.4 35.4 11.5 -64.2 -13.8
17.7 12.5 54.3
624 -48 -68.3 -12.6 -49.6 -8.1
1395.1 178.1 29.8 24.7 -2.9 -10.9
2351.9 148.4 23.4 1.1 -73.3 -19.5
18.1 12.4 63.2
628.8 -51.3 -69.3 -11.7 -51.1 -7.6
1399 180.1 28.5 25 -2.6 -12.7
2376.3 158.3 11.3 -10 -85.1 -24.8
18.6 12.3 72.7
634.1 -55.3 -70.2 -11.1 -52.5 -7.3
1402.9 182.3 27 25 -2.1 -14.9
2402.5 170 -3.1 -23.2 -97.8 -31.5
19 12.3 82.5
640.1 -60.3 -70.7 -10.1 -54.5 -6.2
1406.8 184.9 25.2 25.2 -1.3 -17.2
2429 182.1 -18.4 -35.7 -110.3 -37.4
19.6 12.5 91.7
646.8 -66.1 -71 -9.3 -56.2 -5.9
1410.5 188.1 23.6 25.9 -0.3 -19.7
2456.7 195.5 -36.5 -44.7 -121.4 -45.9
20.3 13.3 100.3
654.9 -73.9 -70 -8.3 -58.7 -4.1
1413.7 192.3 21.6 26.3 1.4 -22.8
2483.1 209.6 -55.1 -51.5 -130.9 -54.5
21.7 14.4 109.7
663.9 -82.5 -69.5 -6.1 -62.1 -2.4
1416.7 197.2 19.1 27.1 3.6 -26.1
2510 224.1 -75.4 -52.7 -139.2 -67.2
27.5 19 124.8
678.1 -100.1 -63.4 -6.5 -65.7 0.7
1417.8 206 14.7 28.2 6.6 -30
2531.9 249.6 -104.8 -48.7 -149.3 -74.6
36.2 25.2 151.7
694 -120.7 -56.4 -3.2 -75.8 9
1416.5 217.8 9.3 30.1 8 -32.8
2534.7 298.6 -141.8 -33.8 -175.8 -70.4
42.5 28.3 157.5
699.9 -124.7 -58.9 0.5 -82.4 17.1
1417.2 227.5 2.5 35.5 6.7 -33.3
2549 323 -154.8 -47.9 -168.7 -79
44.7 35.1 185.9
719.2 -154.2 -37.9 -15.2 -72.3 11.7
1437.7 199.8 25.5 19.8 18.3 -42.3
2615.9 245.9 -87.8 -107.8 -133.1 -111.4
43.9 52.9 220.1
721.3 -153.2 -37.6 -21.6 -65.2 8.4
1449.1 194.8 19.6 38.2 0.2 -33.9
2658.5 231.6 -110.6 -46.2 -214.2 -78.9
47.3 86.6 273.6
746.2 -188.3 -24 -15.3 -86.5 35.2
1489.8 138.6 48.5 44.6 -27.1 1.5
2764.2 98.3 -28.3 -67.2 -240.7 -45.3
winner is: 1
