Regression analysis information for: KLH016a_0170
number of formants: 3
number of coeccicients: 5
1.4 3.9 4.2
355.2 5.9 -26.8 6.1 -4.5 1.7
984.8 -51.7 40.3 9.6 12.7 -2.6
2385.8 19.9 15.3 -0.2 16 -2.8
1.6 4.1 4.2
355 7.4 -28 6.9 -4.9 1.8
985 -51 39.6 10.3 12.7 -2.7
2388.6 16.7 16.1 0.1 15.1 -2.4
1.9 4.1 3.9
354.7 9.6 -29 8.1 -5.3 1.8
984.9 -49.7 39.2 11.1 12.8 -2.4
2391.6 14.8 17.3 0.4 13.7 -2.2
2.3 4.2 3.9
354.1 12.6 -30.9 9.9 -6 1.9
984 -47.9 37.9 12.2 13.1 -2.3
2395 12.3 17.6 0.8 12.9 -1.9
3 4.5 3.9
352.7 16.8 -33.7 12.5 -7 2.1
982.6 -45.4 36.3 13.7 13.1 -2.2
2398.7 10.2 17.8 1.1 11.7 -1.5
4.1 4.7 3.8
350.2 23.3 -38.2 16.4 -8.7 2.7
980.2 -42.2 33.9 15.4 13.2 -1.9
2402.7 8 17.7 1.5 10.9 -1.1
5.9 5 3.8
345.7 33.7 -45.8 22.8 -11.9 4.2
976.7 -38.3 30.4 17.2 13.4 -1.4
2406.6 5.9 17.4 2.1 9.8 -0.8
70.7 120.8 129.6
367.2 -12.9 0.7 -30.5 42.3 -56.6
1019.4 -133.3 120.7 -80.6 108.7 -100.7
2459.4 -100.7 115.2 -101.7 107 -104.7
77.4 123.2 131.1
356.6 8.6 -13.8 -21.2 41.1 -60.9
1013.6 -129.2 116.6 -80.2 110.7 -101.2
2463.6 -103.3 115.7 -101.6 107 -105.6
51.5 106.5 104.7
474.8 -208.4 164.1 -129.8 80.6 -26.2
1224.5 -521.9 432.9 -270 173.5 -28
2694.8 -522.6 451.4 -304.1 173.2 -33.4
54.1 108 104.5
468 -195.8 158.1 -128.3 84.7 -32.5
1219.5 -522.9 433.2 -272.7 177.9 -26.2
2698.9 -525.7 452.1 -304.6 173.3 -34.5
61.4 137.6 132.6
494.3 -236 171.9 -102.6 34.9 27.3
1280.3 -618.4 474.1 -227.2 81.4 98.1
2765.8 -625.2 489.5 -260 75.4 84.2
65.1 138.2 132.1
489 -227.5 171.1 -103.8 40.1 23.6
1273 -620.9 474.1 -229.5 87 103.7
2768.6 -626.1 488.9 -260.3 75.3 83.1
57.3 128.9 123.5
511 -258.9 171.9 -65.1 -9.4 59.9
1332.9 -712.7 483.1 -147.3 -30.5 192.7
2836.1 -719.3 496.3 -180.8 -37.8 165
66.2 130.2 123.6
501.1 -249 173.9 -70 -0.2 58.2
1325.4 -712.1 485.9 -147.5 -26.1 199.4
2839.5 -722.1 496.4 -182 -37.9 165.1
47.8 123.8 118
526.7 -287.4 166.8 -20.4 -44.6 63.2
1386.3 -796.9 460.4 -35.1 -131.4 215
2902.7 -800.5 465.3 -74.6 -141.2 176.1
53.1 124.4 118.5
517.2 -281.1 172.6 -18.5 -40.2 63.5
1377.2 -798.8 460 -34.5 -131.3 220.3
2906.3 -803.5 466.5 -76.5 -140.1 176.2
39.3 120.3 119.2
534.5 -310.5 154.6 38.2 -65.4 31.6
1436.3 -867.5 398.7 90.9 -201.7 149.7
2970.5 -872.7 401.7 42.4 -203.7 109
45.2 122.3 120.8
517.9 -315.8 171.9 55.9 -54.7 31.2
1421.7 -876.6 395.9 89.4 -200 157.4
2974.6 -875.6 401.4 42.8 -205 109.5
89.7 307.9 276.5
549.3 -261 175.9 -11.7 -154.9 -28.7
1529.9 -736.3 331.9 -151 -465.6 33
3090.2 -732.6 353.7 -169.7 -446 -2.8
winner is: 1
