Regression analysis information for: KLH016b_0156
number of formants: 3
number of coeccicients: 5
3.7 5.6 14.4
394.5 -31.7 -24.9 3.5 -11.1 -2.4
1324.6 58.6 43.1 -9.5 3.6 17.1
2385.4 22.1 14.9 3.9 26.7 9.6
3.7 5.2 14
394.8 -31.6 -25 3.5 -11 -2.6
1326.1 58.5 43.2 -9.5 3.5 16.3
2388.7 20.2 14.6 4.4 27.1 7
3.7 5 13.1
395.1 -31.6 -24.9 3.5 -11.1 -2.6
1328 58.6 44.1 -8.7 3.7 16.2
2392.6 17.9 15.3 6.3 26.9 5.4
3.7 4.9 12.4
395.3 -31.8 -25 3.7 -10.8 -2.6
1329.6 57.7 44.1 -7.7 5.3 16.5
2396.3 13.6 14.7 9 29.2 3.8
3.6 4.8 11.4
395.6 -32 -25.1 3.8 -11 -2.6
1332 58 44.6 -6.8 5.6 15.6
2401.6 10.7 14.2 11.8 28.9 0.2
3.6 4.6 11.2
396.1 -32.2 -25.2 3.8 -11 -2.7
1334.7 57.4 44.2 -6.7 5.9 15
2407.7 6.7 12.8 13.6 29 -2.6
3.7 4.3 10.3
396.5 -32.2 -25.3 3.8 -11.1 -2.7
1337.4 57.6 44.5 -6.1 6.2 14.5
2413.3 3.7 12.1 15.7 28.9 -5.3
3.7 4.3 10
397 -32.3 -25.5 3.8 -10.9 -2.9
1340.3 57 44.6 -5.9 7 14.2
2419.6 -0.5 11.3 16.9 30.4 -8
3.7 4.2 10.4
397.5 -32.5 -25.6 3.8 -10.9 -3.1
1343.5 56.5 44.9 -5.3 7.4 13.5
2426.5 -5.4 10.6 19.3 30.4 -11.9
3.7 4.1 10.8
398.1 -32.8 -25.7 3.9 -11 -3.2
1347.2 56 45.2 -4.6 8.3 13.1
2434.3 -10.6 9.9 21.9 31.1 -15.5
3.6 4.3 11.8
398.6 -33.2 -26 3.9 -10.9 -3.2
1351.2 55.8 45.1 -4.1 9.4 12.4
2442.4 -15.3 7.9 24.5 31.9 -19.6
3.6 4.2 13
399.3 -33.6 -26.3 4 -10.9 -3.2
1355.5 54.5 44.6 -4.1 9.5 11.4
2451.5 -22.1 6 27.1 31.5 -24.2
3.7 4.6 15.3
400 -34 -26.6 4.1 -10.8 -3.5
1360.3 53.5 44.7 -3.5 10.7 10.6
2461.6 -29 4.2 30.2 32.4 -29.4
3.8 5 18
400.8 -34.5 -27 4.1 -10.6 -3.7
1365.2 52.4 45 -3.1 11.6 10.1
2471.5 -36 2.7 32.7 33.5 -34.3
3.9 5.5 21.1
401.6 -35.2 -27.4 4.3 -10.4 -3.8
1370.9 51.4 45.2 -2.3 13 8.9
2482.9 -44 0.4 36.8 34.4 -40.7
4 6.1 23.9
402.3 -35.9 -27.8 4.3 -10.1 -3.8
1376.4 50.6 45.7 -2 15 8.5
2493.1 -51.2 -0.9 38.6 36.3 -45.9
4.1 6.8 27.7
402.8 -37 -28.4 4.5 -9.8 -3.7
1382 50.5 46.1 -0.7 16.7 7.4
2503.3 -58 -3.7 43.4 36.6 -52.5
4.2 7.4 31.6
403.4 -38.4 -29.3 4.9 -9.3 -3.7
1388.4 49.7 46.3 1.2 18.7 6.9
2515.2 -67.6 -8 50.4 37.1 -60
4.4 8.2 34.2
403.7 -40.2 -30.3 5.3 -8.4 -3.5
1394.8 48.8 46.8 3.1 22.2 6.6
2525.7 -77.3 -11.2 54.7 39.9 -67.1
4.9 8.9 34.5
403.6 -42.5 -31.2 5.6 -6.9 -3
1400.6 47.1 48.7 4.4 27.8 6.6
2533.4 -88.1 -10.4 53.5 47 -73.4
winner is: 8
