Regression analysis information for: KLH016e_0038
number of formants: 3
number of coeccicients: 5
2.6 7.3 9.8
339.4 -9.5 -1.8 -4 -5.7 -3.1
1620.4 -86.7 14.2 -30 13.6 -6.6
2487.6 -11.8 3.9 34.7 -4 17.3
2.7 9.1 10.2
339.8 -10 -1.8 -4.2 -5.8 -3.2
1633 -103 19.8 -36 20.1 -11
2496 -18.5 1 36.9 -6.5 19.7
2.8 11.5 10.6
340.1 -10.8 -2.3 -4.5 -6.2 -3.6
1648.5 -121.2 25.9 -39.3 27.3 -18.7
2506.8 -26.7 -2.5 43.8 -10.5 20.3
2.9 14.2 10.9
340.5 -11.5 -2.6 -4.7 -6.5 -3.8
1666.4 -142.5 31.8 -46 38.3 -26.3
2518.4 -34 -8.4 48.5 -12.9 22.4
3.1 18.6 11.7
340.6 -12.3 -3 -5.3 -6.9 -4.1
1680.7 -162.2 43.3 -58.3 49.7 -33.6
2525.3 -38.7 -9.7 48.7 -15.8 28.3
3.2 25.6 14.4
340.9 -13 -3.2 -5.5 -7.1 -4.4
1700.8 -191.6 58.2 -72.6 66.2 -47.2
2534.5 -45.7 -14.7 54.3 -19.6 32.8
3.1 22.3 13.4
341.4 -12.8 -3.3 -5.2 -6.9 -4.1
1705.3 -187.2 40.4 -62.1 63.9 -41.7
2541.7 -48.1 -23.8 55.6 -17.5 32
3.4 29 15.5
341.6 -13.7 -3.8 -5.9 -7.4 -4.5
1727.5 -218.8 62 -85.4 86.2 -57.5
2550.9 -53.1 -25 54.4 -17.5 35.9
3.8 26.3 13.5
341.8 -14.6 -4.4 -6.5 -7.8 -5
1741.5 -229.3 58.6 -84.8 90 -55.4
2571.7 -77.7 -13 37.5 -1 21.8
3.9 23.2 18.6
342.1 -15.5 -5 -7 -8.2 -5.3
1754.3 -236.3 50.6 -80.8 91.6 -51.8
2594.3 -105.5 1.5 18.5 16.9 6
4.4 21.5 18.8
342 -16.8 -6.2 -8 -9 -6
1765 -241.6 44 -77.1 93 -50.2
2611.1 -121.8 7.1 9.5 25.8 -1.2
4.8 21.2 18.5
342 -17.9 -7.1 -8.7 -9.7 -6.4
1775.7 -246.3 37.2 -73.6 93.9 -48.6
2624.7 -131.2 5.9 6.3 29.3 -3.4
5.3 20.8 17.5
341.9 -19.1 -8.3 -9.6 -10.5 -7
1786 -251.2 31 -70.6 94.6 -47.6
2637.1 -139.1 4.6 4.5 31.4 -5.2
5.1 19.5 17.5
342.2 -19.2 -8.3 -9.5 -10.3 -6.8
1793.8 -254.2 26.8 -71.3 95.4 -45.6
2647.1 -146.4 6.1 -2.1 35.1 -7.6
5 20.8 16.4
342.3 -19.8 -8.8 -9.7 -10.4 -6.8
1803.8 -258.5 19.7 -68.6 96.7 -45.7
2658.6 -152.6 2 -3.1 36.9 -9.6
5.3 21.3 15.9
341.9 -21.3 -10.2 -10.8 -11.2 -7.4
1811.9 -260.5 14.2 -67.2 97.7 -45.7
2668 -156 -0.9 -4.8 37.9 -11.1
6.1 22.4 15.1
340.8 -24 -12.6 -12.8 -12.8 -8.6
1818.8 -263.4 11.4 -65.3 97.6 -45.2
2677.7 -162.5 1.1 -8.3 40.3 -13.7
7.1 22.6 14.8
339.5 -27.1 -15.4 -15.2 -14.8 -10.2
1825.2 -264.1 7.7 -64.3 96.8 -45.5
2686.4 -165.8 0.9 -10.9 41.2 -15.7
8.3 23.1 13.8
337.4 -31.4 -19.3 -18.5 -17.5 -12.2
1831.6 -266.8 5.8 -63 96.2 -45.3
2693.6 -169.9 3.1 -12.7 41 -17.4
10.6 23.5 12.9
334.3 -37.8 -25.3 -23.5 -21.8 -15.6
1837.4 -268.6 4 -62.2 95 -45.7
2700.5 -172.3 3.6 -13.7 40.7 -18.9
winner is: 1
