Regression analysis information for: KLH016c_0190
number of formants: 3
number of coeccicients: 5
8.7 6.2 8
583.5 -60.9 -22 -25.6 30.9 -4.7
1352.7 31.2 6.6 18.2 4.6 -11
2113.5 -66.6 -25.2 -23.5 -1.2 -13.6
8.6 6.3 8.4
584.6 -61.1 -21.7 -25.7 30.6 -4.5
1354.4 31.1 6.4 18.4 4.2 -11.2
2116.7 -66.9 -25 -24 -1.6 -14.3
8.5 6.4 8.5
585.7 -61.3 -21.4 -25.6 30.3 -4.3
1356.3 31.2 6.5 18.6 3.6 -11.1
2119.8 -67.2 -24.7 -24.1 -2.1 -13.9
8.3 6.6 9
586.8 -61.4 -21.1 -25.6 30 -4.4
1358.3 31.2 6.3 19 3.1 -11.3
2123.3 -67.5 -24.8 -24.4 -2.4 -14.5
8.2 6.8 9.3
588 -61.7 -21.2 -25.2 29.6 -4.7
1360.6 31.1 6.2 19.7 2.2 -11.4
2126.9 -67.9 -25 -24.2 -3.2 -14.7
7.9 7.1 9.7
589.5 -62 -21 -25.2 28.9 -4.6
1363.2 31 5.9 20.2 1.3 -11.6
2130.9 -68.6 -25.2 -24.6 -3.8 -14.9
7.7 7.5 10.1
591.2 -62.5 -20.8 -25.2 28.2 -4.5
1365.9 30.9 5.7 20.8 0.4 -11.6
2134.9 -69.5 -25.2 -24.8 -4.4 -15.1
7.6 7.9 10.3
593 -62.8 -20.8 -25.4 27.3 -4.3
1368.6 31 5.1 21.3 -0.5 -11.9
2139 -69.8 -25.9 -25.5 -5.2 -15.7
7.4 8.4 10.5
594.8 -63.2 -21 -25.5 26.3 -4.3
1371.4 31.1 4.6 21.7 -1.7 -12.1
2142.7 -70.5 -26.6 -26 -6.1 -16
7.2 9 10.5
596.7 -63.8 -21 -25.8 25.2 -4.4
1374.5 31.3 4.2 22.2 -2.8 -12.5
2146.5 -71.6 -27.2 -27 -6.9 -16.7
7.2 9.8 10.4
598.8 -64.7 -21.4 -25.9 23.8 -4.2
1377.6 31.6 3.7 22.3 -4.4 -12.5
2149.6 -73.3 -28.4 -28 -7.4 -16.3
7.1 10.7 10.3
601.1 -65.6 -21.9 -26.5 22.1 -4.3
1381.1 31.8 3 22.5 -5.9 -13.1
2152.7 -75.7 -29.9 -29.4 -7.7 -16.9
7.2 11.3 9.8
603.3 -66.9 -22.6 -27.5 20.2 -4.2
1384.4 32.1 2.2 22.2 -7.3 -13.3
2155 -79 -31.8 -31.1 -7.6 -17
7.6 11.9 10.5
605.6 -68.2 -23.6 -29.5 17.8 -4.2
1387.6 32.8 1.2 21.1 -9 -13.8
2155.9 -83.7 -34.3 -32.7 -6.8 -16.9
8.2 13.2 12.4
607.7 -70.5 -26 -31.2 14.4 -4.6
1391 33.2 -0.6 20.6 -11.3 -14.9
2155.1 -90.2 -38.5 -33.9 -5.1 -16.6
9.3 14.5 16.9
609.6 -75.2 -29.9 -34.4 9.5 -5.4
1394.6 33 -3.2 18.8 -14.6 -16.4
2152.3 -100.6 -44.2 -36 -2.3 -15.9
12.3 17 25
609.6 -83.4 -37.9 -41.5 1.4 -8.3
1398.3 32.5 -7.8 13.8 -20.8 -19.6
2144.9 -116.1 -50.8 -34.6 6.3 -12.2
23.2 23 38.1
601.6 -107.4 -62.1 -64.6 -20.9 -23.6
1402.2 32.2 -16.2 1.7 -33.4 -27
2131.8 -140 -56.7 -24.5 26.5 -1.6
75.4 43.4 126.5
648.8 -27.9 20.1 16.4 59.5 61.1
1417.2 57 14.9 41.8 9.1 10.1
2195.8 -12.9 84.8 120.3 183.1 138.1
95.3 63.2 126.2
631.3 -71 -5.7 10.7 67.5 82.9
1397 24 11.7 71 50.8 35.9
2182.6 -33.4 78.9 124.4 201.6 147.9
winner is: 1
