Regression analysis information for: KLH016a_0345
number of formants: 3
number of coeccicients: 5
6.2 2.6 7.2
422.3 44.1 -51.1 37 -13.7 -14.7
1517.4 70.1 14.1 -20.2 6.5 10.8
2220.8 -4.1 28 -17.6 12.7 0.9
8.8 3.1 8.7
417.1 47.4 -57.9 32.1 -12.3 -22.9
1522.1 70.3 18.5 -19.6 7.8 13
2228.2 -5 35.2 -16.6 18.3 3.5
9.2 2.7 6.8
418.6 50.2 -58.1 38.1 -14 -18.3
1524 66.9 18.2 -22.4 9.1 10
2227.1 -5.6 28.2 -18.7 15.3 1.7
13.9 3.4 7.8
410.9 54 -67.5 31.7 -12.4 -29.5
1529.3 66.7 22.4 -22.7 11 11.6
2234.4 -6.1 34.2 -17.7 20.4 4.1
15.8 3.4 6.4
409.3 61.4 -72.2 40.4 -16.2 -25.2
1531 64.4 21.2 -25.5 12.7 8.1
2233.3 -5.9 26.4 -19.8 17.8 2.2
23.1 3.8 6.2
400.5 70.5 -84.4 41.4 -17.2 -32.5
1533.7 64.4 21.4 -26.6 13.9 7.3
2236.1 -5.8 24.5 -20.4 18.5 2.3
124.9 76.9 119.7
442.5 -33.6 -32.7 4.9 -49.1 30.4
1573.6 5.3 68.1 -38.3 -1.7 58
2298.2 -100.5 97.3 -36.6 -5.2 84.1
203.5 121.3 199.8
504.6 -141.3 59.4 -39.5 -37.6 73
1608.8 -59.7 117.6 -71.7 7.5 72.1
2357.4 -211.3 178.9 -92.6 6.3 111.9
210.1 129.1 212.9
609.9 -372.4 186.3 -120 -60.5 107.9
1679.8 -182.1 199.6 -104.3 -3.7 106.5
2478.1 -423 324 -157.5 0 159.8
287.9 161.7 303.8
611.9 -85.7 241.4 92.4 55.2 273.2
1685.2 -37.1 221.2 5 40 188.6
2517.1 -147.7 408.4 77.4 99.2 354.3
259.4 153.2 311.9
671.4 -190.9 339.8 34.1 108.1 239.9
1699.2 -62 240.1 -14.9 61 158.2
2523.7 -142.1 416.6 69 136.9 294
210.6 148 284
767.2 -136.3 461.8 162.9 113 323
1751.6 -29.3 284.8 68.3 33.2 212.1
2607.3 14.2 505.3 245.7 151.9 334.1
204.8 132.6 257.2
808.4 -3.6 535.9 197.9 103.4 254
1794.6 -0.7 345 63.8 34.3 180
2670.6 172.1 594.1 280.7 156.6 236.7
182.9 130.5 198.1
782.7 69.2 473.8 292.8 6.1 313.2
1789 34.1 307.3 118.1 -31 223.6
2676.6 236 532 403.7 6.6 353.2
234.5 141 313.6
874.1 9.2 558.6 253.6 -71 173.1
1864.3 -28.8 362.9 88 -66.2 136.4
2813.5 189.7 632.4 348.9 -59.3 144.4
247.3 149.8 321.1
903.3 95 582.8 147.1 -209 79.3
1889.6 7.2 364.9 38.1 -127.2 85.1
2882.6 277.4 635.5 246.9 -214 20.6
298.6 177.6 293.7
957.8 121.7 425.9 225.8 -203.4 15.3
1904.7 68.8 209.3 141.9 -158.3 65.5
2976.7 320.6 389.7 413.9 -266.8 -6.9
230.9 132.4 301.2
1156.5 23.5 186.9 321 -193.8 -254.6
2051 -48.7 114 172.4 -109.8 -126.2
3231.4 171.8 158.9 436.6 -200.6 -377.3
227.9 125.1 276.5
1123 59 227.8 281.3 -318.9 -216.4
2035.4 -32.5 133.5 146.9 -166.3 -113.6
3249.7 152.8 250 355.4 -323.6 -343.1
264.1 144 336.7
1180.3 62.5 96.7 296.2 -172.9 -203.8
2067.7 -29.5 65.1 149.7 -90.5 -104.8
3337.8 156.6 86.4 356.8 -154.7 -342.1
winner is: 1
