Regression analysis information for: KLH016c_0918
number of formants: 3
number of coeccicients: 5
10.6 6.9 9.5
366.2 6.7 -47.8 4.2 -6.8 -0.3
1344.7 94.2 -11.7 12.2 -4.6 15.5
2418 124.7 74.5 59.9 22.3 4.8
11.4 6.9 9.6
366 8.5 -49.1 5.5 -7.9 0.9
1346.2 95.8 -10.8 13 -4.6 15.7
2421.1 120.4 72.3 61.3 22.5 3.8
12.8 6.8 8.8
365.4 10.5 -51 7.4 -9.5 2.5
1347.9 97.3 -9.9 14.2 -4.5 15.9
2424 115.3 68.9 61.7 21.4 2.1
15 6.6 8.7
364.2 13.7 -53.8 10.2 -12.1 5.1
1349.6 99.3 -9.1 15.3 -4.5 16.6
2427.7 111.1 66.2 62.9 20.9 0.7
18 6.6 8.3
362.9 17 -57.2 13.6 -15.1 8.1
1351.5 101.1 -8.5 16.7 -4.6 17.2
2432 107.9 64.2 64.8 19.7 -0.2
65.1 87.3 103.1
393 -45.7 2.9 -49.3 45.4 -55.3
1387.4 31.8 60.6 -53.3 63.6 -53.5
2473.7 26.8 136.7 -11.1 93.5 -79.2
64.6 87.5 104
391.9 -43.2 0.6 -47.2 43.7 -53.6
1389.1 33.2 61.3 -52.5 63.6 -53.6
2478.6 23.1 135.4 -9.8 93.4 -81.1
64 87.6 104.7
390.1 -39.2 -2.9 -43.9 40.9 -50.9
1390.2 34.2 61.3 -52.1 63 -53.6
2483.1 19.2 134.2 -8.9 94 -82.3
63.5 87.7 105.2
387.9 -34.7 -6.9 -39.9 37.7 -47.7
1391.9 36.5 62.1 -50.6 63.1 -53.1
2487.9 16.3 132.5 -7.3 94.3 -84.2
63.4 87.6 105.3
384.5 -28.1 -12.9 -34 32.7 -42.7
1393.4 38.4 62.5 -49.4 62.7 -52.4
2492.3 13.6 131.3 -5.7 93.9 -84.4
88.8 120.5 143.2
415.5 -93.1 48.1 -95.1 89 -97.1
1430 -32.5 131 -116.6 124.5 -112.4
2536.1 -68.4 205.1 -78.3 160.6 -151.3
89 120.6 144.1
413.2 -89.5 45.1 -92.3 87.1 -95.4
1431.3 -31.1 131.2 -115.9 124.2 -112.2
2541.1 -72.1 204 -76.9 160.7 -152.7
89.5 120.7 144.6
410.4 -85.2 41.3 -88.8 84.6 -93.1
1432.1 -29.6 131.2 -115.2 124.1 -112
2544.8 -74.1 203 -76.7 162.1 -154.8
91.6 121 145.3
406.2 -77.7 35.2 -83.5 80.8 -90.8
1432.3 -28.5 130.8 -113.8 123.9 -111
2548.4 -78.5 203.4 -76 162.5 -153.7
82.3 111.1 134.9
437 -139.9 91.6 -131.9 117.6 -113.9
1469.7 -100 195.3 -169.5 164.6 -137.5
2593.7 -161.7 274.4 -136.7 207.4 -183.7
84 111.4 135
434.3 -136.6 89.4 -130.3 117 -114.3
1470.2 -98.8 194.9 -168.6 164.4 -137.1
2597.7 -164.5 273 -134.4 206.3 -183.2
85.3 111 135.6
431.1 -132.7 85.9 -127.4 115.5 -113.3
1470.7 -97.5 194.8 -167.3 163.9 -136.8
2601.5 -167.9 274.1 -134.1 206.8 -184.9
85.6 111 136.7
429.7 -131.6 85.5 -127.2 115.8 -113.2
1471.2 -96.7 194.8 -166.7 163.5 -136.4
2604.1 -169.3 272.4 -130.5 203.8 -184.6
90.1 111.7 136.2
425.8 -126.1 81.8 -125.2 116.2 -115.4
1471.4 -96 194.7 -166.1 163.7 -136.4
2606.7 -171.2 271.2 -128.1 201.6 -182.9
72.2 85.5 104.4
458.8 -189.4 135.2 -159.3 128.6 -101.2
1510.7 -166.6 254.2 -202.2 176.2 -119.5
2652.8 -252.3 334.8 -164.6 212.6 -162.9
winner is: 1
