Regression analysis information for: KLH016a_0967
number of formants: 3
number of coeccicients: 5
5.2 21.4 29.8
381.3 49.3 23.8 -21.9 5.2 -3.4
1990.2 -31.7 -80.4 21.6 -25.5 -0.1
2468.1 117.2 11.4 -63.2 19.1 12.7
5 18.6 27
381.3 49.6 23.7 -21.5 4.9 -3.3
1989.2 -27.6 -80.7 24.4 -28.9 0.6
2471.6 119 7.3 -52.3 11.8 12.7
5.1 17.1 24.7
382.6 48.9 24.9 -22.4 5.4 -3.4
1989.1 -23.5 -83.9 25.3 -26.8 -1.7
2479.8 119.2 2.3 -43.4 7.2 13.7
5 14.9 20.5
381.9 50.1 23.7 -21.2 4.8 -3.2
1994.5 -22.2 -83.7 26.7 -29.1 -0.6
2489.6 118.1 -2.4 -34.6 6.2 10.5
5 13.9 17.3
382.3 50.5 23.6 -21 4.8 -3.2
1998.8 -20.2 -85.3 27.9 -28.3 -1.8
2500.4 117.5 -7.7 -24.7 4.5 8.1
5.1 12.7 14.8
383.7 49.8 24.9 -22.1 5.4 -3.3
2002.3 -17.7 -89.3 28.8 -26.1 -3.3
2512.8 117.6 -15 -13.5 1.3 7.4
5.2 12 12.2
384.1 50.1 25.1 -22.1 5.4 -3.3
2009.3 -16.9 -90.6 28.5 -25.3 -4.3
2527.1 116 -22.2 -2.5 -0.6 4.1
5.1 11.2 11
383.5 51.3 24.1 -21.1 4.9 -3.2
2019.2 -17 -90 28.2 -26 -4.3
2543.6 111.7 -30 9.8 -3 0.4
5.3 11.1 14
384.8 50.8 25.6 -22.4 5.4 -3.2
2024.7 -15.9 -92.9 27.6 -24 -5.2
2559.1 111.8 -40.6 23.3 -4.3 -4.2
5.3 11.2 19
385.1 51.2 25.9 -22.6 5.4 -3.1
2032.8 -15.6 -93.8 26.6 -23.8 -5.3
2577 109.1 -52.3 37.7 -5.9 -9.3
5.3 11.7 25
384.3 52.8 24.8 -21.9 4.8 -2.7
2043.5 -16.8 -91.3 24.9 -24.1 -4.9
2596.8 102.9 -63.9 52.9 -9.1 -12.6
5.4 12.4 32.2
384.4 53.4 25.2 -22.3 4.7 -2.6
2052.4 -18.1 -89.9 22.2 -23.7 -4.8
2616.5 98.7 -77 69 -12 -17.6
5.7 13.3 37.7
385.4 53 26.9 -23.9 5.2 -2.6
2058.5 -18.6 -90.5 19.9 -22.9 -4.4
2634 100.3 -91.6 82.6 -8.6 -25.7
5.7 15.2 41.1
384.3 54.6 26.3 -23.4 4.5 -2.2
2069.5 -19.6 -85.8 16.5 -22.9 -4.6
2653.1 96.4 -103 94.6 -10 -26.1
5.9 17.5 46.3
384.1 55.3 26.9 -24.1 4.4 -1.8
2078.9 -21.6 -82.7 12.6 -22.6 -3.8
2672.9 95.3 -118.3 108.5 -9.3 -29.8
6.4 21.1 50.2
384.8 54.9 28.8 -26 4.7 -1.7
2085.3 -24.6 -81.3 9.6 -22.7 -1.1
2688.7 99.9 -133.7 120.3 -1.7 -39.8
6.7 21.5 54.2
384.4 55.7 29.4 -26.9 4.5 -1.3
2092.5 -25.3 -80 6.2 -22.5 -0.8
2708 98 -149.1 132.6 -0.3 -41.7
6.9 23.2 58.6
382.7 57.7 28.9 -26.8 3.7 -0.5
2103.4 -26.9 -73.2 2 -21.2 -1.7
2729.5 92.2 -162.9 148.6 -4.3 -38.7
7.5 24.7 60.7
382.9 57.4 31 -29.1 3.9 -0.1
2108.4 -28.3 -72.9 -1.1 -22.6 -0.5
2745 97.1 -176.2 158.3 2.1 -50.6
8 25.4 60.3
382.1 58.2 31.7 -30.2 3.5 0.2
2116.1 -29.3 -69.6 -5.9 -21.8 -0.8
2761.8 99.7 -187.5 162.3 6.9 -48.7
winner is: 8
