Regression analysis information for: KLH016b_0692
number of formants: 3
number of coeccicients: 5
1.5 13.7 13.6
426.4 -62.4 -16.7 -2.8 0.4 -2.6
2007 -38 -83.2 -38.8 -15.4 -19.4
2532.7 -143.5 -66.8 0.1 -31.4 11.5
1.6 13.5 14.2
426.4 -62.3 -16.7 -2.7 0.5 -2.5
2004.3 -38.8 -83.6 -38.5 -14.4 -18.4
2529.1 -141.9 -65.9 1.4 -30.8 12.4
1.6 13 14.6
426.2 -62.3 -16.6 -2.6 0.5 -2.5
2001.8 -38.1 -83.5 -37.7 -12.5 -17.8
2525.1 -139.2 -65.3 2.4 -29.9 12.1
1.5 12 16.3
425.8 -62.4 -16.5 -2.5 0.7 -2.4
1994.6 -40.6 -83.4 -37.9 -7.5 -15.8
2515.8 -136.3 -61.1 2 -25 12.4
1.5 12 16.6
425.7 -62.4 -16.4 -2.5 0.6 -2.4
1993.5 -38.9 -80.9 -36.3 -8.4 -16.8
2512.8 -134.6 -58.1 3.1 -28.1 10.9
1.5 11.6 16.7
425.6 -62.3 -16.5 -2.5 0.5 -2.5
1991.7 -35.6 -81.6 -34.9 -8.1 -16.9
2510.1 -129.6 -61 4.9 -28.9 10.3
1.5 11 17.2
425.7 -62.1 -16.4 -2.4 0.6 -2.4
1992.7 -31.6 -77.6 -32.4 -5.8 -15
2510 -128.7 -59.4 3.8 -29.1 10.8
1.4 10.6 18
425.8 -62 -16.2 -2.4 0.6 -2.3
1993.6 -29.7 -72.7 -31.3 -4.3 -12.7
2510.8 -129.8 -55.7 1.7 -29.6 12.5
1.5 10.2 18.2
426 -62 -16.2 -2.4 0.6 -2.4
1996.6 -26.9 -70.4 -29.2 -2.2 -11.8
2513.8 -131.2 -56.3 1 -28.6 11.8
1.4 9.5 15.8
426 -61.8 -16.1 -2.3 0.6 -2.3
1996.8 -20.2 -65.6 -24.6 -2.2 -12.1
2511.8 -127.9 -56.4 3 -31.9 9.3
1.4 9.6 17.7
426.1 -61.8 -15.9 -2.4 0.5 -2.4
2000.8 -18.8 -58.8 -25.7 -1.6 -7.7
2515.9 -133 -51 -3 -32.6 13.3
1.4 9.8 17.7
426.2 -61.8 -15.9 -2.5 0.5 -2.3
2004.8 -17.5 -57.6 -24.8 -1.1 -6.5
2520.4 -135.5 -52.5 -3.9 -32.8 13.3
1.4 9.5 17.6
426.4 -61.7 -15.9 -2.5 0.5 -2.4
2010.3 -14 -54.7 -22.4 -1.2 -6.1
2525.2 -137.8 -53.8 -4 -33.9 12.7
1.4 9.2 18.5
426.8 -61.7 -15.9 -2.5 0.6 -2.4
2015.9 -13.5 -52.6 -21.2 -1.5 -5.7
2531.6 -142.6 -53.9 -4.2 -34.5 12.8
1.3 8.8 19.4
427.1 -61.5 -15.9 -2.4 0.6 -2.3
2024 -9.5 -48.4 -15.8 3.1 -1.7
2538 -147.5 -56 -4.7 -34.2 13.1
1.3 8.8 20
427.4 -61.5 -15.9 -2.5 0.7 -2.3
2032.8 -5.6 -45.7 -13.4 4.4 0.4
2545.5 -152 -58.6 -6.1 -34.5 13.5
1.3 9.1 19.5
427.6 -61.5 -15.8 -2.4 0.7 -2.3
2041.9 -0.1 -42.9 -9.4 7.8 2.2
2552.2 -156.4 -62.1 -7.2 -33.8 12.2
1.4 9.3 20.3
428 -61.4 -15.9 -2.4 0.7 -2.3
2052.3 3.9 -39.2 -5.4 9.5 4.8
2560.8 -163 -64.8 -8.5 -34.4 12.4
1.3 10.1 20.8
428.4 -61.3 -15.9 -2.4 0.8 -2.3
2065.4 11.3 -34 0.1 12.8 8.9
2570.4 -170.1 -69.9 -10 -35 12.7
1.3 10.7 21.3
428.9 -61.3 -16 -2.4 0.9 -2.3
2077.7 16.4 -30.5 4.3 14.9 11.5
2581.1 -177.8 -74.6 -11.8 -34.7 12.8
winner is: 10
