Regression analysis information for: KLH016c_0859
number of formants: 3
number of coeccicients: 5
3.6 21.1 30.6
284.6 -14.8 -10.9 1.3 -7.9 0.6
2120.7 -44 -61.9 11.9 -7.2 12.2
2696.9 74 -100.4 22.6 1.3 7.9
3.7 23.5 41
284.3 -14.7 -10.6 1.4 -7.9 0.6
2107.2 -37 -52.1 10.5 -2.9 17.9
2668.5 84.3 -62.3 3.2 -6.2 32.3
3.7 28.9 41.8
284.2 -14.7 -10.6 1.4 -7.6 0.6
2094.6 -39.6 -54.6 14.4 14.9 23.4
2661.2 83.2 -61.1 5.1 7.4 31.4
3.7 29.4 38.3
284.1 -14.9 -10.5 1.6 -7.6 0.5
2084.4 -50.1 -56 21.5 20.8 23.4
2655.5 73.9 -55 18.1 10.7 23.2
3.7 31.5 36.9
284.1 -14.9 -10.5 1.5 -7.5 0.5
2078.2 -52.6 -57.7 19 27.7 21.7
2655.2 72.1 -54.6 17.5 13.8 19.2
3.6 31.8 34
284.1 -15 -10.5 1.6 -7.5 0.5
2075.7 -56.8 -57.5 17.7 33.6 20.5
2656.9 68.9 -54.4 19.8 16.8 13
3.6 31.2 33.1
284.2 -15 -10.4 1.6 -7.4 0.5
2081.4 -56 -51.7 21.3 36.2 20.6
2662.9 66.3 -55.3 22.9 18.5 9.5
3.7 30.2 32.3
284.3 -15 -10.5 1.6 -7.4 0.5
2087.9 -54.8 -47.3 26 37.3 22
2669.2 63.9 -57.9 26.2 19.4 6.6
3.7 29 32.1
284.4 -15 -10.5 1.6 -7.5 0.4
2097.5 -53.6 -42.2 25.4 33.9 19.7
2677.2 61.4 -60.5 27.2 19.1 3
3.7 27.8 31.7
284.5 -15.1 -10.5 1.7 -7.5 0.4
2108.9 -55.2 -37.8 25.8 31.5 18.2
2686.9 57.2 -65.4 29.3 20.9 -1.5
3.7 25.8 31.7
284.7 -15.2 -10.4 1.6 -7.5 0.4
2121.8 -55.5 -32.4 26.1 28.1 16.8
2697.2 53.4 -70.7 31.5 22.7 -5.9
3.6 23.1 32.2
284.9 -15.2 -10.4 1.6 -7.6 0.3
2136.5 -59 -28.5 23.9 21.4 13.7
2710 47.6 -78.4 33.8 25.2 -12.7
3.6 21.6 33.3
285.1 -15.3 -10.4 1.6 -7.6 0.3
2154.5 -59.1 -20.5 25.5 17.4 13.9
2724.8 41.4 -87.7 38.3 29.4 -19.9
3.7 18.7 35.6
285.3 -15.3 -10.5 1.6 -7.7 0.3
2172.5 -62.4 -15.7 22.7 8.9 11.1
2742 32.8 -99.9 42.4 34.4 -29.4
3.6 18 37
285.6 -15.4 -10.5 1.6 -7.8 0.2
2192.3 -65 -10.4 18.8 -2.9 7.2
2763.2 22.2 -115.3 48.3 38.3 -40.5
3.6 19.1 38.2
285.9 -15.5 -10.6 1.6 -7.8 0.2
2213.4 -62.2 -2.4 17.3 -12.5 3.4
2790.4 7.3 -131.4 55 41.1 -52.4
3.6 20 39.8
286.1 -15.6 -10.6 1.6 -7.9 0.2
2231.7 -57.4 3.9 16.3 -20 -1.9
2825.2 -13.9 -149.7 65 41.4 -66.3
3.6 21.2 46.9
286.4 -15.7 -10.7 1.6 -8 0.1
2248.4 -50.9 9.2 16.4 -25.5 -6.9
2869.3 -40.9 -172.4 77.8 40.6 -84.9
3.6 22.1 66.4
286.6 -15.7 -10.7 1.6 -8.1 0.1
2267.3 -36.1 19 19.6 -29.5 -13.1
2923.4 -72.7 -200.5 93 36.9 -110
3.6 24.4 90
286.8 -15.8 -10.7 1.6 -8.2 0
2285.6 -19.3 29.5 23.6 -33.4 -20.3
2985.4 -110.2 -235.5 115.8 30.4 -142.8
winner is: 1
