Regression analysis information for: KLH016a_0682
number of formants: 3
number of coeccicients: 5
10.3 111.9 131.3
473.9 253.3 15 -42.4 -15.6 -0.3
1614.8 -271.7 -368.5 470.6 -273.7 147.6
2654.7 -448.5 58 251.2 -228.9 177.4
9.4 125.9 129.4
475.7 254.1 16.4 -42.8 -16.8 0.8
1617.8 -273.3 -372.3 483.2 -298.1 182.6
2663.2 -448.2 71.1 232 -222.3 189.8
9.2 185.2 165.5
477.3 255.4 17.3 -44.7 -18.8 1
1685.9 -404.3 -252.1 377.2 -213 114.9
2717.1 -532.2 146.1 160.2 -173.4 139.8
9.7 184.9 165.5
479.6 256.3 18.9 -45.4 -21.2 1.5
1739.6 -510.7 -148 280.1 -130.1 45.2
2751.8 -583.7 215.3 87.9 -119.3 99.8
9.9 108.4 115.1
481.8 257.3 19.8 -46.6 -22.6 2.7
1818.8 -665.2 -3.4 150.9 -23.9 -39.1
2800.6 -660.7 290.2 18.9 -68.3 58.8
10.2 42.3 85.8
483.9 258.9 21.2 -47.5 -24.2 3
1871.5 -762.7 77.2 97.3 -4.2 -23.7
2828.6 -692.5 321.8 -1.2 -66.8 64.3
10.8 41.8 86.3
485.8 260.2 22.1 -49.2 -25.8 3.3
1869.4 -757.2 71.7 101.4 -7.2 -24.3
2836.7 -691.9 320.7 2.3 -77.8 61.7
11.3 41.2 87.9
487.8 262.3 23.7 -50.3 -27.8 2.7
1868 -752.6 66.8 104.9 -9.8 -25.5
2844.1 -686.3 322.9 2.9 -87.2 58
11.7 40.3 91.1
489.7 265 25.1 -51.3 -28.9 2.2
1866.6 -748.8 63.2 108.2 -12.4 -26.6
2852.9 -683.3 324.6 9.4 -98.6 55.6
12.5 40.2 99
491.9 268.4 26.2 -53.4 -29.9 2.1
1866.1 -747 61.6 110 -15.2 -26.8
2863.9 -683 327 18.6 -116.3 55.2
13.5 40.6 105.5
493.9 272.2 26.5 -54.5 -31.5 2.1
1868.9 -750.9 63.5 108.9 -14.4 -29.5
2872.2 -677.7 327.5 23.3 -126.7 52.9
14 40.8 113.3
496 276.6 27.4 -56.6 -32.2 1.2
1869.7 -750.8 61.5 110.5 -16.3 -29.6
2885.4 -675.9 326.3 31.1 -142.2 54.1
14.5 41.6 120.1
498.1 281.1 28.5 -57.8 -33.4 0.5
1872.5 -754.6 62.5 109.5 -15.3 -32.1
2893.5 -668.9 328.8 31.4 -150.9 55.3
15.1 42.7 124.1
499.8 285.4 29.8 -58.9 -34.7 -0.9
1875.7 -759.1 63.3 109.1 -15.6 -32.9
2897.5 -658 333.8 23.2 -154.5 57.7
15.5 41.8 124.8
500.8 289.7 30.8 -60.2 -34.6 -3.2
1877.3 -760.6 61.3 111.1 -17.5 -32
2901.4 -647.3 335.6 13.8 -154.5 59.7
17.2 41.9 130.9
503.5 294.3 30.5 -63 -35.9 -3.1
1879.1 -762.9 60.5 111.3 -18.1 -31.8
2905.3 -634.1 337.8 0.1 -154.4 63.5
17.9 42.7 135
505.1 298 30.7 -64.6 -36.7 -3.4
1881.9 -768 63.1 109.1 -17.1 -32.4
2910.1 -624.7 337.4 -9.3 -155.2 67.1
19.8 45 137.9
507.3 302.2 30.8 -66.2 -37.5 -3
1884.8 -773.8 66.4 104.4 -13.9 -32.7
2916.5 -617.3 337.4 -13.2 -157 68.8
20.7 53.4 140.7
508.9 305.8 32 -67 -39.2 -5.3
1878 -767 71.9 88.6 -3 -27.7
2913.1 -599.6 344.9 -35 -148.9 70.7
22.2 51.9 141.7
511 309.2 31.7 -69.4 -41 -5.5
1882 -771.8 70.7 91.5 -4 -28.8
2918.1 -594.3 343.2 -40.2 -153.1 70.3
winner is: 6
