Regression analysis information for: KLH016a_1119
number of formants: 3
number of coeccicients: 5
22.1 131.3 71.1
300.1 -15.5 -27.5 -40.5 12.5 -6.4
1075.8 -102.1 189.8 -126.5 96.6 -43.7
2380.7 -81.2 78.4 -36.7 23.5 16.9
43 196 157.7
316.6 -62 -9.1 -50 -6.8 29.2
1161.8 -248.4 291.6 -135.9 31.5 104.6
2434.1 -161.1 125.1 -16.9 -43.3 134.7
45 192.6 161.3
308 -76.7 -16.7 -59.2 -6.8 31.3
1159 -255 301.2 -150.1 44.6 94.8
2435 -160.3 123.1 -14.9 -45.1 135.9
48.5 182.7 164.2
301.3 -82 -17.4 -63.3 -1.2 36.1
1160.2 -270 324.3 -177.2 71.1 73.3
2439.4 -166.3 126.8 -16.5 -45.7 139.1
50.5 131.6 28.8
293.1 -84.7 -19 -72.3 -0.1 34.8
1128.6 -230.3 310.8 -198.3 114.3 5.4
2365.3 -45.9 45.3 -17.2 17.7 7.1
52.5 178.3 166.4
289.8 -54.2 1.1 -71.4 21.8 30.8
1172.1 -316.4 396.2 -248.2 134.6 20
2447.6 -179.3 134.9 -21.9 -44.5 143.7
63.4 204.9 146.7
313.4 -94.5 27.6 -62.1 -25.3 90.1
1260.1 -451.3 458 -184.2 -8.3 195.2
2473.8 -211.1 122.3 38 -119.8 192
68.8 200.3 148
297.8 -97 34.4 -82.3 -23.7 94
1253.9 -454.1 468.9 -193.7 -1.6 187.8
2479.9 -220.6 129.1 35.5 -120.6 196.6
71.9 160.6 137.4
378.3 -222.6 -41.4 75 -140.5 45.5
1491.1 -742.9 290.4 224.5 -289.6 78.7
2726.8 -518.9 -29.2 424.7 -391.3 100
70 172 144
410.2 -250 -100.3 123.6 -95.2 -24.1
1561.8 -783.2 145.7 335.2 -210.9 -74.3
2809.2 -570 -167.9 527.6 -312 -47.4
133.3 265.2 298.7
448.8 -143 -12.8 209.6 -52.7 2.6
1642.6 -626.9 288.1 447.1 -149.9 -50.3
2992.7 -496.9 109.3 622.2 -243.5 54.1
161.9 290.8 391.5
482.1 -52.8 57 229.4 -84 -64.4
1704.3 -479.7 361.6 487.8 -212.1 -142.5
3091.7 -347.6 214.5 657.7 -318.6 -42
175.4 325.3 421.5
542.9 2 2.1 217.5 -99.6 -189.7
1810.9 -313.2 168.9 536.9 -247.7 -302.2
3247.6 -224.2 73.4 641.6 -327.3 -271.5
107.5 244.2 306.6
644.2 191.9 148.5 289.3 -63.5 -141.2
1966.3 -66.5 327.5 567.4 -243.4 -269.3
3451.8 103.9 283.8 721.7 -296.9 -193.1
118.3 279 329.8
670.3 228.1 124.5 210.4 -134.7 -138.9
2035.4 2.4 265.2 412 -350.6 -247.1
3533.6 182.6 209.5 555.4 -417.6 -170.8
126.5 284.4 338.7
701.2 234.6 63.2 207.5 -61.9 -111.6
2119.1 22.1 118.9 379.6 -189.9 -177.3
3623.4 202.2 53.8 527.8 -261.9 -97.3
97.6 289.1 235.4
729.1 274.3 8.7 142.4 -71.3 -52.8
2104.9 252.5 -124.6 316 -227.9 -88.5
3641.8 392.3 -158.7 434.4 -295.9 -0.3
22.8 120 108
765.8 292 -54.1 92.4 -23.9 23.6
2205.7 267.9 -229 196.7 -122.9 72.6
3735.9 441.7 -290.9 330.2 -198.4 156.1
22.3 120 108.1
763.6 291.9 -50.3 94.6 -25.4 21.7
2208 263 -224 191.8 -118.9 69.4
3738.4 438.7 -296.8 330.2 -196.4 159.5
24.1 79.1 152.2
759.9 283.2 -50.4 95.3 -26.8 24.9
2289.5 114.2 -97 112.3 -88.7 103.7
3819.4 321.6 -187.1 269 -180.4 191.6
winner is: 5
