Regression analysis information for: KLH016c_0186
number of formants: 3
number of coeccicients: 5
7.9 6.4 9.6
552.5 -51.7 -31.7 -23.6 -14.1 -9.6
1183.4 4.3 11.4 -0.8 -4.8 -7
2311.6 100.7 15.7 -26.5 4.1 5.9
7.7 5.9 10.1
552.8 -53.5 -31.3 -21.6 -12.4 -8.8
1182.8 2.4 11.8 1.9 -2 -5.1
2312.3 96.2 16 -22.4 6.5 5.9
7.4 5.5 10
552.6 -55.9 -31.2 -21 -12.2 -8.9
1182 0.2 11.3 2.5 -1.7 -5
2312.5 92.5 17.4 -19.7 6.9 4.9
7.1 4.8 9.7
552.6 -57.1 -29.1 -19.4 -11.7 -9
1181.5 -0.5 12.8 4.6 -0.6 -4.4
2310.8 88.7 21.4 -16.1 6.6 3.7
7.3 5.3 10.2
550.2 -64.6 -33.9 -21.1 -14.2 -9.5
1182 -0.1 11.7 5 -2.6 -4.4
2313.7 84.3 21.4 -17.3 4.9 0.6
6.9 5 9.9
551.5 -66.4 -33.8 -20.5 -14.1 -9.6
1182.5 0 11.3 5.3 -2.4 -4
2316.4 80.8 20.9 -15.8 5 0
6.6 4.8 9.7
552.5 -69.2 -34.5 -20.5 -14 -9.3
1182.1 -1.3 9.4 4.7 -2.4 -3.5
2319 77.1 19.8 -15.1 5.5 0.4
6.4 4.8 9.5
554.9 -70.2 -33.4 -19.4 -14.2 -9.4
1182.9 0.8 9.7 5.6 -2.2 -3.2
2322.2 74.1 20.1 -14.1 4.6 -0.5
6.2 4.9 9.4
557.4 -72.3 -33.5 -18.8 -14.2 -9.4
1183.2 2.6 8.8 5.7 -2.3 -3
2326.1 71.3 18.5 -13.8 4.5 -0.6
6.2 5 9.3
560.3 -74.4 -33.5 -18.1 -14.6 -9.6
1183 4.9 7.4 5.5 -2.6 -2.9
2330.2 68.9 16.7 -13.7 4.2 -0.9
5.9 5.3 9.3
563.1 -77.1 -34.2 -17.4 -15.1 -9.8
1182.2 8 5.9 5.3 -2.9 -2.7
2334.2 66.9 14.4 -13.7 3.9 -1.2
5.5 5 8.3
569.8 -74.8 -30.4 -14.6 -13.7 -9.8
1181 11 5 4.5 -1.3 -3.2
2337.7 66.6 11.4 -10.8 4.1 0.9
5.6 5.6 8.2
574 -77.9 -31.7 -12.9 -15.1 -9.8
1178.3 16.8 2.7 3.8 -1.4 -3
2341.5 65.6 8.9 -11.2 3.5 0.5
6 6.5 8.1
578.8 -80.4 -34.2 -10 -17.3 -9.4
1174.1 24.3 0 2.7 -1 -2.8
2344.8 65.5 6.1 -11.7 3.3 0.5
7.2 7.4 8
583.5 -82.1 -38.9 -5.1 -21.1 -8.3
1168 34.1 -2.5 0.5 0.1 -2.7
2347.4 66.9 2.8 -12.8 3.3 0.4
10.3 8.5 7.8
586.8 -80.2 -48.8 4 -28 -5.5
1159.7 46.2 -4.5 -3.6 2.5 -2.7
2348.6 70.1 -0.8 -14.6 3.8 0.6
24.5 10.2 7.3
574.9 -63.4 -81.4 26.7 -49.5 9.6
1150.2 58.4 -7.4 -9.3 3.5 -2.3
2347.2 74 -4.7 -18.8 3.9 0.2
47.3 97.5 117.8
594.3 -95.6 -57.6 -9.2 -7.2 -44.7
1180.4 -15.8 78.1 -104.6 88.2 -85.7
2391.7 -17.6 85.8 -122.6 99.7 -98.5
68.9 118.8 147.5
606.5 -117.9 -34.7 -55.7 49.3 -107.4
1209.7 -87.8 162.3 -190.4 157.5 -142.9
2436.7 -109.9 179.3 -224.6 187.4 -175.4
90.1 129.6 153.8
628.3 -152 -2.3 -87.7 66.4 -100.2
1296.4 -241.8 268.5 -205.2 100.4 -45.1
2548.4 -297.8 304 -251 131.4 -66.3
winner is: 12
