Regression analysis information for: KLH016c_0568
number of formants: 3
number of coeccicients: 5
10.6 56.2 47.3
350.2 71.5 -64.7 -36.7 -13 -8.7
2069.3 -381.4 -99.8 -22.9 -33.1 71
2819.9 -209.5 -58.8 -79.3 -74.9 -26.6
10.2 52.4 45.9
347.4 70.3 -62 -35.7 -12.9 -8.3
2071.4 -386.3 -99.8 -22.6 -28.4 72.2
2824.9 -211.2 -64.6 -74.3 -72.3 -23.4
9.6 49 44.6
345 69.9 -58.9 -34.9 -14.3 -9.1
2075.1 -391.3 -98.6 -22.7 -23 72.5
2832.9 -215.2 -71 -67 -67.7 -18.1
9.5 47.2 43.5
342.6 68.8 -56.4 -33.1 -13.6 -9.7
2077.9 -398.4 -95.3 -23.6 -16.3 71.3
2837 -222.7 -74 -60.5 -65.9 -13.1
8.4 44.8 44.6
340.2 67.9 -53.1 -32 -15.7 -10.8
2080.3 -404.8 -94.9 -25.9 -6.6 70.9
2839.1 -230.8 -85.3 -57.3 -51.5 -9.9
8 45.1 50.6
338.2 67.4 -50.3 -31.4 -17.6 -11.7
2083.2 -406.7 -97.4 -25.3 0.6 72.3
2844.2 -238.1 -96.3 -49 -36.5 -10.6
8.1 43.6 65.5
337.2 67.4 -49.4 -31.3 -18 -11.9
2086.5 -410.6 -95.2 -23.7 5.6 72.3
2830.6 -245.4 -60.3 -38.8 -64.1 -11.1
8 44.9 70.1
335.9 67.2 -48.1 -30.1 -18.2 -12.6
2086.7 -414.2 -92 -18.1 10.9 72.9
2806.4 -270.8 -21.9 15.9 -54.2 -43.7
8 44 74.6
335.3 67.1 -47.9 -30.3 -18.6 -12.7
2088 -417 -88.2 -14.5 14.5 74.5
2801.3 -273.1 -2.8 22.9 -62.5 -41.8
8.3 44 97.9
334.7 67.1 -47.7 -30.4 -18.9 -12.9
2088.8 -420.3 -80.8 -8.6 16.7 71.2
2774.6 -253.7 27 16.8 -31.4 -66.4
8.5 43.7 99.3
334.2 66.8 -47.6 -30.4 -19.3 -13.2
2087.1 -424.2 -71 -4.6 21.3 65.1
2765.3 -251.3 47.2 19.5 -24.6 -71.8
8.7 43.2 101.2
334 66.6 -47.9 -30.8 -19.9 -13.4
2088.6 -425.1 -63 -4.2 24.2 62.6
2765 -239.9 63 14.3 -23 -61.9
9 44.1 107.8
333.7 66.5 -48.1 -31.3 -20.5 -13.8
2089.8 -423.1 -58.1 -2.3 23.9 62.1
2756.8 -218 85.7 -2.8 -21 -49.4
9.6 49 107.6
333.1 66.3 -48.8 -31.5 -21.6 -14.3
2089.2 -425 -44.8 1.2 26.5 54
2760.9 -204.5 97 4.7 -11.5 -44.6
10.2 51.9 102.4
332.8 66.1 -49.7 -32 -22.6 -14.7
2091.9 -424.3 -37.4 0.7 27.5 51.5
2773.7 -191.2 104.7 5.2 -3.8 -29.2
10.9 52.3 105.3
332.5 65.4 -50.8 -33.2 -23.7 -15.6
2095.2 -418.2 -35.5 1 26.2 55.2
2794.1 -172.2 105.7 16.9 8.7 -11.4
11.5 53.7 105.3
332.2 64.3 -52.1 -34.5 -24.8 -16.7
2099.3 -414 -31.9 -2.7 28.5 55.7
2814.3 -161.1 104.1 25.5 12.7 2.1
12.2 50.4 106.4
331.8 62.8 -53.6 -36.4 -26.2 -18.2
2101.8 -403.5 -34.5 -1.3 24.7 62
2836.9 -151.9 92 33.7 15.3 10.5
13.2 50.2 102.9
331.2 61.3 -55.4 -38.4 -27.9 -19.6
2107.2 -397.9 -33.6 -5.5 25 63.8
2858.7 -147.5 84.8 36 9.3 19.9
14.6 49 97.8
330.4 59.3 -57.9 -40.9 -30.1 -21.6
2112.6 -390.7 -35 -8.2 23.5 66.7
2881.4 -136.1 65.3 37.8 13.9 16.2
winner is: 5
