Regression analysis information for: KLH016b_0034
number of formants: 3
number of coeccicients: 5
4.6 30.7 43.1
326 0.9 -6.7 2.4 -4.7 1
1347.9 117.8 230.9 -62.3 41.7 -26.6
2453.7 -130.9 56.3 -113.1 84.3 -78.6
4.3 29 40.2
326.2 1 -7.3 2.9 -4.8 1
1348.9 117 226.8 -60.1 41.7 -25.8
2460.9 -142.1 60.1 -117.7 90.6 -83.8
4.2 28.5 38.4
326.6 0.6 -7.6 3.2 -5 1.1
1354.1 112.3 226.8 -60.7 41.5 -23.3
2468.3 -150.6 61.5 -118.3 93 -84.2
4 27.2 38.4
326.7 0.6 -8.1 3.9 -5.3 1.3
1353.3 115.6 219.9 -54.3 38.8 -19.6
2471.8 -154.1 58.8 -113.1 92.1 -81.6
3.7 28.9 38.2
327.1 0.4 -8.4 4.2 -5.6 1.2
1356.3 116.7 217.1 -53.3 35.8 -19.2
2475.8 -156.1 58.1 -110.9 91.1 -84.2
3.5 30.7 36.7
327.5 0.1 -8.7 4.7 -5.9 1.2
1361.1 112.8 217 -52.9 34.3 -17.3
2481.5 -160.8 58.2 -108.2 89.9 -84.3
3.1 34.2 36.9
327.8 0.1 -9.2 5.3 -6.2 1.2
1361.7 116.4 211.1 -47.6 31 -15.1
2482.9 -156.1 51.7 -100.5 87.2 -84.2
3.3 35.8 34.4
328.3 -0.5 -9.1 5.6 -6.4 1.4
1368.8 105.1 216.8 -49.1 31.3 -12.9
2491.5 -167.6 57.3 -100.9 87.7 -81.7
3.2 39.2 33.8
328.7 -0.8 -9.4 6.1 -6.7 1.4
1372.7 101.8 215.5 -44.7 28 -9.6
2496 -170.5 55 -95.1 85.4 -79.7
3 41.9 35.1
329.3 -1.2 -9.8 6.7 -7 1.4
1377.9 98.8 215 -43.3 25.7 -6.7
2502.4 -173 53.7 -90.1 82.7 -78.4
3 42.4 34.1
329.6 -1.2 -10.1 6.8 -7 1.4
1381.2 100.7 211.3 -44 23.3 -3.6
2504.6 -170.8 49.7 -89.1 81.6 -76.9
2.8 49.5 35.7
330.1 -1.5 -10.6 7.5 -7.4 1.5
1386.6 99.7 206.3 -35.4 14 3.5
2510.8 -169.5 42.3 -74.4 70.3 -67.9
2.8 49.7 35
330.6 -1.6 -10.9 7.7 -7.3 1.3
1392.4 99.8 206.3 -38.5 15.8 2.8
2517.7 -168.9 44.4 -76 75.4 -70.7
2.9 53.2 35.1
331.4 -1.9 -11.4 8.2 -7.5 1.3
1400.9 95.7 207 -38 12.5 7.2
2528.6 -173 46.6 -71.7 73.5 -67.2
2.9 56.9 36.6
332.2 -2.2 -11.9 8.7 -7.6 1.3
1409.2 94.6 205.4 -37.1 8.9 12
2539.5 -174.5 46 -64.1 68.5 -62
3.1 58.6 37.2
333.1 -2.5 -12.5 9.1 -7.7 1.1
1418.6 93.2 206.5 -40.8 8.4 15.1
2551.3 -177.4 50.1 -62.5 69.7 -60.7
3.2 61.6 38.3
334.1 -3 -13.1 9.6 -7.8 1
1428.5 93.4 205.8 -42.2 4.8 22.1
2562.7 -177.8 50.6 -54.8 64.5 -54.4
3.4 64.8 41.4
335.1 -3.3 -13.7 10.1 -7.8 0.8
1438.8 92.7 207 -47.8 4.5 24.7
2575.7 -181 56.7 -52.6 64.6 -53.5
3.6 70.2 49.1
336.4 -3.9 -14.6 10.9 -8.1 0.6
1451.9 89.7 209 -51.2 0.6 33
2593.4 -189.4 62 -42.6 55.6 -45.7
3.9 76.8 66.7
337.8 -4.6 -15.7 11.8 -8.4 0.3
1466.4 85.4 211.6 -56.7 -3.5 43.7
2618.1 -207.5 68.4 -24.2 34.3 -29.6
winner is: 4
