Regression analysis information for: KLH016e_0167
number of formants: 3
number of coeccicients: 5
3.9 3.5 13.1
384 56.6 -48.5 -13.1 -7.5 2.1
1402.1 -58.3 -0.8 -1.2 -6.9 -0.9
2031.7 30.3 51.1 -34 47.3 21.5
3.9 3.5 12.5
384 57.1 -47.7 -13 -8 1.8
1403.5 -57.5 1.8 -0.4 -7.1 -0.9
2037.3 28.5 58.9 -30.9 43.7 21.5
3.9 3.3 11.1
384.3 57.2 -47.5 -12.6 -8.2 1.4
1405.4 -56.8 4.1 0.4 -6.8 -1.1
2046.2 24.8 63.9 -25.1 42.1 17.7
3.8 3.2 10
385 57.6 -47.4 -12.3 -8.4 1.4
1407.8 -56.5 6.1 1.5 -6.8 -1
2057.2 18.2 66.6 -16.8 36.8 15.5
3.8 3.1 9.1
385.5 57.5 -47.6 -11.8 -8.5 1.3
1410.2 -55.8 8.4 2.5 -6.9 -0.9
2070.1 13.2 70.6 -7.4 31.7 12.4
3.9 3 9.4
386.1 58 -47.7 -11.5 -8.7 1.3
1413.3 -54.6 11 4.1 -6.8 -1
2084.6 7.8 75.1 3.3 26 8.9
3.9 2.9 12.8
386.8 58.4 -47.6 -11 -9.1 1.1
1416.5 -53 13.7 5.7 -6.6 -1
2099.6 3.3 78.9 15.2 19.9 5.1
3.9 2.8 16.9
387.3 59.3 -47.3 -10.6 -9.4 0.7
1419.8 -51.3 16.6 7.6 -6.2 -1
2114.6 -1.4 84.2 27 15 1.6
4 2.8 21.3
388.2 60 -47.4 -10.1 -9.6 0.7
1423.5 -49 19.6 9.6 -5.7 -1
2132.2 -3.7 89.4 40.7 9.2 -2.1
3.9 2.8 25.8
388.7 60.8 -47.4 -9.6 -9.7 0.4
1427 -46.5 22.8 11.7 -5 -1
2149 -4 96.1 54.2 5.5 -6.2
3.8 2.8 29
389.7 61.3 -47.5 -9 -10.4 0.4
1430.4 -43.5 26.7 13.5 -4.3 -0.7
2165.4 -0.3 108.1 65.5 3.9 -7
3.8 2.8 32.6
390.3 62.3 -47.5 -8.4 -10.4 0.5
1434.4 -40.3 30.5 15.7 -3.1 -0.6
2184.6 5.2 120.5 79.2 3.2 -9.3
3.7 2.8 35.9
390.9 63.5 -47.5 -7.9 -10.7 0.4
1438.4 -37 34.8 17.9 -2.2 -0.1
2204.2 13.1 137.8 91.9 3.9 -9
3.6 2.8 38
391.4 65.2 -47.3 -7.4 -10.9 0.3
1442.3 -33.6 38.7 20.3 -0.4 0.5
2222.6 24.2 155.6 105.3 10.5 -7.8
3.5 2.8 41
392 66.5 -47.3 -6.5 -11.2 0.4
1446.3 -30.3 42.8 22.7 1 1.2
2243.4 31.6 172.7 121.2 12.4 -5.9
3.5 2.8 42.7
392.5 68.1 -47.4 -5.9 -11.5 0.4
1450.2 -26.9 47 25 2.3 1.9
2261.7 38.4 188.1 132.4 14.9 -5.5
3.5 2.9 44.4
393.3 69.2 -47.5 -4.9 -11.8 0.7
1453.9 -23.1 51.2 27 3.6 2.5
2278 43.9 201.2 142 13.2 -4.5
3.5 2.8 45.2
393.9 71 -47.5 -4.3 -11.6 0.9
1457.8 -19.7 54.8 29.5 4.8 3.1
2293.4 45.6 209.9 151 11.1 -5.5
3.7 2.7 46.3
394.3 72.8 -47.6 -3.2 -11.9 1.1
1461.3 -16.3 58.5 31.4 6.1 3.8
2306.1 46.3 219.3 154.9 10 -6.3
3.7 2.9 45.5
394.4 74.6 -47.6 -2.5 -12.2 1.6
1463.7 -14 61.8 32.3 7.1 4.3
2313.1 48.6 231.3 152.2 11.8 -4
winner is: 5
