Regression analysis information for: KLH016e_0501
number of formants: 3
number of coeccicients: 5
32.8 103.9 139.8
584.8 86 -9.6 -55.4 -28.8 -56.5
1176.9 68.2 -111.3 -128.7 112.8 -97.5
2214.9 287.7 229.1 -53 154.3 -165
33.1 108 147.8
591.6 80 -8.9 -55.8 -31.2 -55.1
1199.1 71.1 -134.4 -146.9 126 -78.6
2257 295.2 174.1 -92.6 189.9 -111.5
34.1 107.8 143.3
596.5 74.6 -9.5 -55.3 -33.7 -53.9
1207.1 61.4 -138 -139.1 131.4 -89.2
2276.6 281.1 160.3 -85.6 210.4 -121
34.1 118.8 141.9
601.2 70.7 -11.9 -51 -40.2 -50.5
1213.1 48.8 -146.6 -113.1 134.6 -105.6
2298.7 267.2 132.6 -66.2 232.7 -144.2
34.3 119.5 147.7
606.3 62.8 -11.8 -51.1 -44.5 -48
1253 35.2 -187.9 -121.5 114.9 -87.6
2361.6 296.8 59.8 -152.8 229.9 -96.1
35.7 99.8 141.8
604.6 64.4 -20.7 -47.3 -52.7 -44.3
1277.8 51.9 -220.3 -143.2 56.5 -103.3
2424.3 321.7 8.5 -199.1 146.4 -146.9
52.1 131.3 192.7
597.6 46.8 -6.6 -17.6 -45.2 -46.3
1310.3 16.7 -228.7 -98.5 10.6 -86.3
2485.2 257.8 -11.7 -129.7 68 -123.9
34.3 93.8 197.1
603.7 65.4 -29.4 -35.8 -67.8 -38.2
1321.8 57.4 -286.4 -148.2 -35.1 -59.6
2512.3 312.6 -66.3 -203 8.1 -121.5
34.2 104.9 193.1
605.2 60.7 -30.7 -33.4 -75.7 -32.4
1305.6 50.3 -301.6 -144.2 -28.2 -49.5
2486.5 317.1 -70.4 -156.9 -19.9 -120.7
33.3 146.9 244.8
602.2 41.4 -31.1 -32.8 -77.1 -20.4
1293.6 -47.5 -306 -109.9 -14.9 54.8
2493.5 251.2 -19.9 -121 -152.4 -95.6
31.9 123.6 230.5
603.2 31.8 -30.2 -30.9 -79.2 -13.3
1298 -113.6 -248.6 -59.6 -64.5 74.1
2451.3 199 41.9 -28.7 -154.3 -186.3
28.3 139.2 203.3
599.1 29.7 -35.3 -27.1 -78.7 -9.1
1281 -94.6 -260.5 -43.2 -64.6 62.8
2448 195.9 11.7 19.3 -183.9 -149.2
24.7 163.8 221
591 30.4 -36.5 -28.9 -69.2 -4
1255.4 -44 -272 -68 -38.5 20.1
2415 225.5 19.5 -5.6 -161.7 -132.1
25.9 112.1 202.9
595.3 18.5 -36.2 -24.5 -75.3 1.6
1316.4 -137.9 -222.1 -47.7 -110 113.5
2456.8 155.9 23.3 22.7 -193.2 -106.4
25.5 169 183.4
587 26.5 -34.7 -34.5 -65.7 1.8
1207 30.3 -254.5 -156.5 45.9 -16.9
2298.7 360.4 50.2 -190.6 35.2 -195.3
23 144.8 257.5
587.9 28.1 -37.9 -30.3 -67.4 0.6
1284.1 -65 -261.1 -68.9 -75.5 79.7
2484.4 105.5 80.8 8 -260.9 39.3
23.7 144.4 362.5
588.4 29.4 -32.9 -37.3 -63.4 3.6
1265.1 -30.9 -251 -135.4 -23.1 108.8
2501.9 156.1 71.4 -136.1 -206.4 158.6
34.1 143.2 290.9
579.1 50.1 -39.6 -44.5 -47.5 -16.9
1239 21.4 -284.7 -165.8 42.8 63.1
2433.1 268.7 37.4 -180.5 -93.8 -4.5
21.5 108.5 193.8
586.4 46.7 -37 -37.5 -58.1 -5.4
1241.1 29 -300.5 -181.1 67.4 70.7
2371.4 385.7 -0.9 -261.2 47.6 -98.4
20.9 106 181.4
586.5 56.1 -37.7 -35.4 -55.2 -10.1
1249 20.7 -313.1 -180.3 69.5 80.6
2420.6 403.9 -63.2 -297.1 82.1 -34.4
winner is: 1
