Regression analysis information for: KLH016a_0321
number of formants: 3
number of coeccicients: 5
5 14.9 10.6
303.1 34.3 9.8 -2.1 -5.5 -3.4
1151.9 -107.3 79 -3.9 -4.3 30
2362.3 50.4 -27.5 20.3 -16.1 -10.6
5 14.7 10.8
303.4 34.5 10 -2 -5.4 -3.5
1154 -108.6 79.9 -4 -3.4 29.3
2364.9 50.4 -28.3 20 -15.3 -9.4
5 14.9 11.2
303.6 34.6 10.1 -2 -5.4 -3.6
1156.5 -110.3 81.4 -4.8 -2 28.4
2368.5 50 -29.6 19 -14 -8.5
5 14.8 11.6
304 34.7 10.3 -2 -5.3 -3.7
1159.2 -112.4 83 -5.5 -0.7 27.7
2372.2 49.3 -30.9 18.2 -12.8 -6.6
5 14.8 12
304.4 35 10.4 -1.9 -5.3 -3.8
1161.7 -114 84.3 -6 0.4 27
2376.4 48.9 -32.3 17.1 -12.1 -5.4
5 14.7 12.9
304.8 35.2 10.6 -1.9 -5.2 -4
1164.7 -116.7 85.8 -7.1 1.9 26
2380.7 49.2 -34.4 16.3 -11.5 -3.6
5 14.8 13.7
305.2 35.4 11 -1.8 -5.1 -4.2
1167.4 -120.2 88 -8.7 3 25.2
2384.6 49.2 -34.9 15.1 -12.3 -1.2
5 15.3 14.9
305.7 35.6 11.3 -1.6 -5.1 -4.5
1170.5 -124.8 89 -10 3.8 24.7
2389.4 48.9 -36.9 14.6 -11.8 1
5 15.8 16.2
306.2 35.9 11.7 -1.4 -5 -4.9
1172.9 -130 89.3 -11.9 4.9 23.9
2394.1 49.3 -39.7 13.8 -11.3 3.3
5 17.1 17.5
306.7 36.2 12.2 -1.3 -5.1 -5.5
1175 -137.4 89.4 -14.9 5.6 23.7
2398.9 49.1 -42.1 13.1 -11.5 6.1
5.1 20.2 18.8
307.3 36.6 12.7 -1.1 -5.2 -6.3
1175.8 -146.1 87.7 -18.5 5.9 23.9
2403.3 49.6 -45.4 12.5 -12.1 8.3
5.5 26.8 20.8
307.9 36.9 13.4 -0.9 -5.3 -7.4
1175.1 -158.3 83.2 -22.6 4.4 26.6
2407.5 50.6 -50.1 13.1 -13.7 11.9
6.1 40.2 22.8
308.9 37.7 14.5 -0.5 -5.6 -9
1170 -172.9 71.2 -24.9 -2.4 35.3
2410.7 52.3 -55.8 14.7 -17.7 16.7
8 66.9 24.8
310.2 39.3 16.3 0.3 -6.3 -11.7
1156 -190.8 43.5 -23.9 -19 55
2413.3 55.5 -64.4 17.5 -22.1 22.4
11.8 104.8 100.1
312.2 41.6 18.5 0.9 -7.8 -16.2
1168.7 -311.9 77.1 -111.6 40.9 5.5
2463.4 -39.4 21.5 -77.9 69.3 -69
27.4 189.4 246.4
318.5 51.9 26 2.5 -13.4 -29
1286.4 -183.7 245.6 -85 55.5 -108.1
2565.1 58.6 161.8 -67.6 99.8 -166.7
40.6 220.9 284.2
334.9 82.2 55.1 27.5 6.5 -15.3
1396.3 -43 415.8 -17 114.5 -120.2
2674.4 156.7 329.4 -26.3 187 -177.2
22.9 128.2 188
368.9 147.4 120 87.4 59.7 26.3
1491.9 123.7 601.6 138.4 263.2 12
2788.7 259.9 531.7 66.6 343.7 -87.7
19 123.8 172.4
375.1 156.7 124.7 84.4 46.5 5.5
1520.7 170 633.2 116.3 213.8 -38.4
2839.8 261.5 586.9 22.1 324.4 -132.2
19.3 127 165.7
374.8 155.4 125.9 87.2 46.3 0.4
1509.5 167.8 651.4 93.3 215.9 -14
2858.2 232.8 614.2 -3.5 332.6 -115.8
winner is: 1
