Regression analysis information for: KLH016a_0949
number of formants: 3
number of coeccicients: 5
2 38.8 31.5
291.4 -27.2 17 -3.8 2 -2.9
2146.4 89.5 -84.5 -19.9 -56.6 -43.2
2397.5 11.2 -184.5 71.3 20.6 -28
2 37.2 29.8
291.2 -27.4 17.1 -3.9 2.1 -2.7
2146.3 81.8 -82.6 -20.7 -61.2 -45.4
2383 4.3 -174.4 73.7 30 -18.8
1.9 33.2 25.9
291 -27.6 17.2 -4.1 2.2 -2.5
2127.6 50.8 -90.3 -15.2 -53.5 -34.5
2372.3 4.8 -161.7 64.8 26.6 -10.7
1.9 28.5 23.7
290.9 -27.7 17.3 -4.1 2.3 -2.4
2117.8 28.1 -87.3 -3.8 -40.5 -17.1
2372.2 11 -160 58.3 27.7 -16
1.9 28.4 24.4
291 -27.7 17.4 -4.2 2.3 -2.3
2123.8 15.5 -74.6 -8.4 -36.9 -13
2369.9 17.6 -157.5 49.9 24.3 -5.9
1.8 23.6 24.2
291 -27.8 17.5 -4.4 2.4 -2.3
2133 5.6 -61.4 -18.4 -35.8 -11.3
2369.6 22.8 -159.7 45.7 25 -1.3
1.8 16.4 25.1
291.2 -27.9 17.7 -4.5 2.4 -2.2
2142.8 -0.2 -51.7 -27.1 -38.8 -5.6
2371.8 23.6 -159.5 37.8 30.2 0.6
1.8 14 27.1
291.3 -28 17.8 -4.6 2.5 -2.2
2152.6 5.5 -45.7 -34 -41.3 -4
2376.1 23.2 -163.7 32 36.4 4.2
1.8 13.2 30.9
291.5 -28 17.9 -4.7 2.5 -2.2
2165.7 6.5 -34.3 -40.8 -42.4 -2
2384.2 20.2 -168.3 23.3 40.3 7.8
1.7 12.2 27.3
291.8 -28.2 18 -4.9 2.7 -2.2
2171 18.2 -32.3 -37.8 -40.5 -1.1
2403.5 3.7 -164.3 5.8 41.5 14.2
1.7 12.4 22.8
291.9 -28.2 18.1 -5 2.6 -2
2178.2 32.3 -27.9 -35.8 -39.9 -3.4
2423.4 -14.5 -160.1 -11.9 39.2 26.3
1.7 14 18.4
292.2 -28.3 18.2 -5.1 2.7 -2
2186 45.7 -22.3 -31.1 -36.5 -4.3
2447.2 -33.5 -156.3 -33.8 35 35
1.6 14.4 13.2
292.4 -28.4 18.4 -5.2 2.7 -2
2192.8 55.8 -17 -24.6 -30 -1.6
2473.5 -48.9 -153.5 -56.1 24.9 41.9
1.6 13.2 15.6
292.7 -28.5 18.5 -5.3 2.7 -2
2198.8 63.7 -12.4 -17.9 -22.8 3.2
2501.6 -61.1 -150.4 -77.6 12 47.7
1.6 10 23.6
292.9 -28.6 18.6 -5.4 2.7 -2
2202.4 65.8 -12.6 -14.3 -17.3 7.4
2538 -74 -138.7 -97 0.2 54.8
1.6 8 40.3
293.2 -28.7 18.7 -5.4 2.7 -1.9
2205.8 67.6 -12.8 -11.7 -12.9 11
2577.7 -92.6 -121.8 -118.2 -12.5 67.5
1.6 6.5 58.1
293.4 -28.7 18.8 -5.5 2.7 -1.9
2208.6 67.1 -15 -10.7 -10.8 12.3
2619.3 -112.7 -102.9 -136.3 -23 83.2
1.6 4.8 81.1
293.6 -28.8 18.9 -5.5 2.7 -1.9
2211.6 66.8 -16.9 -9.2 -8.9 13.4
2666.3 -138.2 -79.8 -155.9 -37.4 102
1.6 3.5 103.9
293.8 -28.9 19 -5.6 2.7 -1.9
2214.7 66.6 -18.4 -7.7 -7.2 14.3
2714.5 -167.7 -54.5 -176.6 -50.5 120.2
1.6 3.2 117.2
294 -28.9 19 -5.6 2.7 -1.9
2217.3 65.9 -20.3 -7.1 -6.2 14.5
2755.9 -186.7 -36.8 -195.7 -59.2 131.1
winner is: 13
