Regression analysis information for: KLH016c_1646
number of formants: 3
number of coeccicients: 5
5.5 17.1 15.7
302.4 22.9 4.9 -13.5 0.1 7.2
1296.2 -292 -20.7 -8 -15.9 -11.1
2372.4 14 11.3 0.5 38 -4.2
5.6 17.4 15.4
300.5 22.9 4.9 -13.3 0.2 7.3
1297.9 -294.3 -20.9 -8.8 -15.8 -12
2376.8 14.3 9.8 -2.9 36.6 -4.2
5.6 17.9 14.8
298.3 23.1 5 -12.7 0.9 7.1
1298.8 -296.8 -21.1 -9.8 -15.7 -11.7
2381.7 15.3 8.2 -6.1 35 -4.2
5.8 18.4 14.5
295.1 23.3 4.6 -12.1 1.5 6.8
1299.9 -299.7 -21.1 -11.2 -15.9 -12.7
2386.7 16.3 7.5 -8.9 34.2 -4.2
6.3 18.9 14.2
291 23 3.8 -11.2 2.6 6.5
1299.5 -303.6 -21.6 -11.9 -15.9 -12.1
2392 18.1 6.5 -11.8 32.4 -4.4
7 19.6 13.8
285.6 23.2 2.8 -10.1 3.4 5.5
1299.9 -307.5 -22.5 -13.4 -16 -12.4
2397.2 19.2 5.1 -14.6 31.6 -4
8.3 20.2 13.4
278.6 23.7 1.4 -8.4 4.3 4.6
1299.8 -312.2 -23.5 -14.9 -16 -12.9
2402.5 20.3 4 -17.5 31 -4
10.2 20.7 12.8
270.1 27.4 0.6 -5 5.7 1.7
1301 -315.7 -23.6 -16 -15.7 -14.4
2407.4 20.1 2.1 -21.2 30.2 -3.4
12.9 21.2 12
260.6 36 1.6 2.5 9.5 -2.5
1302.6 -316.3 -21.1 -14.8 -14.1 -14.2
2411.7 19.3 -1.1 -25.8 27.9 -3
20.1 21.5 11.9
245.7 47.9 -2.9 7.6 12 -9.7
1302.6 -320.1 -21.8 -16 -14.6 -16.5
2416 19.4 -2.5 -27.4 28 -2.9
191.5 112.2 147.7
331.5 -126.5 129.6 -31.1 -19.3 109.3
1364.2 -434.5 59 -45.1 -34.5 58.1
2496.3 -110.3 92.4 -64.3 2.1 86.5
256.9 144 197.5
417.6 -315.6 262.7 -62.3 -47.3 197.1
1424.6 -548.7 132 -70.6 -52.8 108.8
2577.9 -240 180 -93.1 -25.9 153.3
262.4 188.5 224.3
486.4 -397.5 295.4 -196.5 96.4 202.7
1500.7 -580.2 100.7 -181.9 53.6 159.9
2658.3 -276.5 159.7 -207.9 75.8 191.7
335.5 299.8 320.5
585.4 -393.5 318.4 -242 -153.3 190.7
1630.3 -498 95.9 -302.5 -221.5 63.2
2801.8 -216.9 161.2 -306.5 -209.3 130.8
373.6 333.3 355.3
776 -294.4 80.6 -365.2 -157.8 174.6
1868.6 -333 -128.7 -489.9 -282.1 35.7
3041.2 -70.9 -70.1 -468.9 -268.8 93.5
351.9 296.1 314.9
885.7 -241.6 6.5 -344.9 -249.6 113.7
2013.2 -211.6 -158.9 -510.5 -381.7 -31.7
3193.3 21.4 -130.1 -471.9 -377.8 23.7
205.2 218.9 190.7
1118.5 -462.3 16.1 -166.2 -278.1 -64.8
2203.7 -235.4 -124.9 -325.3 -379.1 -154.7
3417 -64.1 -128.8 -246.8 -424.4 -101.9
153.2 184.5 150.5
1188.3 -385.5 -17.8 -106.3 -143.6 -31.7
2318.2 -85.6 -97.7 -210.7 -200.8 -87.9
3525.2 68.3 -123 -153.4 -275.4 -46.3
82 134.6 89.1
1221.9 -397.3 -127.5 -74.4 -66.8 -89.7
2355.6 -85.9 -197.1 -175 -131 -138.9
3569.8 84.8 -220.2 -112 -214.3 -102.1
66.1 21.8 38.9
1244.4 -340.9 -73.5 -23.5 -10.1 -44.5
2430.6 74.8 -52.2 -28.9 7.5 -8.5
3637.7 229 -108.7 5.8 -115 -7.6
winner is: 1
