Regression analysis information for: KLH016a_1273
number of formants: 3
number of coeccicients: 5
1.1 8.9 18.4
312.1 7.2 -0.7 -1.7 1.5 -1.5
1080.8 44.7 35.7 -5.8 14.3 4.9
2445.3 -56.4 -11.8 49.6 -27.8 7
1.1 10.3 19.9
312.8 7.3 -0.1 -1.5 1.8 -1.5
1083.1 39.7 35.2 -8.9 12 1.2
2453.7 -60.9 -11.2 53.7 -25.1 4
1.4 15.1 21.3
313.7 7.8 1 -1 2.4 -1.1
1082.5 29.6 29.5 -16.9 4.7 -6.6
2460.9 -64.9 -8.5 57.1 -24 2.9
4.2 88.5 33.8
316.3 11.2 5.1 2.6 5.8 2.2
1132.2 116.4 122.2 70.5 91.9 76.6
2476.7 -56.8 6.9 75.8 -11.8 16.1
13.6 113.2 33.8
323.7 24 18.7 15 18 13.1
1178.3 195.1 203.2 142 156.4 128.5
2485.7 -63.7 6.7 79.4 -13.4 11.5
21.6 103.1 27.5
332.1 38.3 33.6 28.3 30.3 23.5
1170.6 168.2 183.1 121.5 138.8 112.7
2489 -82.5 -4.9 74 -22.2 1.6
23.2 87.5 30
337.3 46.3 42.3 35.5 36.6 28
1195.1 202.4 220.5 148.8 159.8 121.9
2498.7 -88.6 -3.8 79.4 -20.3 0.2
23.4 91.1 32.1
343.6 56.4 52.7 43.7 43.2 32.1
1207.1 213.1 237.6 159.2 169.7 125
2506.8 -94.4 -2.8 83.8 -19 -1.6
25.1 95.3 35.8
347.1 60.8 58 47.7 46.7 34.3
1214.5 211.6 245.9 160.4 175 124.3
2516.9 -100.9 -1.5 88.1 -15.7 -2.5
24.9 103.2 37.7
347 58.3 57.1 46.5 46.1 33.8
1221.9 209.2 255.2 163 184 126.9
2523.7 -111.3 -5.3 89.7 -17 -6.8
25.7 103.6 41.8
350.4 62.3 61.9 50.2 48.8 35.4
1231.2 210.5 265.8 166.1 189.1 125.3
2533.5 -116.2 -5.9 98.5 -17 -4.4
25.1 111.7 49.3
351.1 61 62.2 50 48.6 35.1
1242.9 207.5 282.5 166.8 202 122.1
2539.4 -124.7 -12 104.1 -21 -7.6
24.4 123.4 53.5
351 59.4 61.5 49 47.5 34
1252.8 208.8 299.8 170.1 217.2 123
2538.3 -130 -17.8 104.1 -27.8 -10
22.8 117.8 73.9
354.9 64.6 67.1 52.7 50.3 34.4
1257.1 234 300.9 188.5 213.7 124.4
2539.7 -120 -33.5 120.2 -29.5 -7.6
21.8 170.8 102.7
355.9 64 68 52.7 49.8 34.1
1310 149.2 398 113.3 294 62.4
2606 -258.5 87 0.9 68.2 -101.7
23.9 188.9 91.6
354.4 59.2 64.8 50.5 48.7 34.6
1341.9 70.4 449.3 65.7 324.7 59.6
2641.3 -324.1 130.1 -34.6 88.3 -109.1
21 210.8 92.6
347.4 43.5 51 38.8 38.7 27.5
1321 65.5 412.4 65.2 315.8 58.6
2648.5 -323.7 124.9 -23.4 89.5 -106.5
13.1 183.4 80.4
337.6 22.3 31.2 22.6 23.7 16.7
1372.7 -37.7 479.7 18.1 313.8 84.7
2692.7 -394.6 164.9 -41.1 91.4 -85.6
7.1 208.5 68.3
330.9 6.2 16.5 10.5 11.3 7.6
1376.5 -164.3 454.4 -28.4 241.2 130.1
2734.1 -458.9 185.4 -37.6 66 -41.3
3.9 189.7 58.7
329.4 -0.3 11.3 6.9 6.5 4.1
1377.2 -179.3 441.3 -27.3 221.3 130.9
2750.1 -473.3 169.9 -20 57 -38.5
winner is: 1
