Regression analysis information for: KLH016c_0179
number of formants: 3
number of coeccicients: 5
17.4 85.1 41.1
510.1 77.2 -74.3 -2.5 7.4 -3.5
1306.2 315 53.6 -31.5 41.5 -116.9
2431 72.2 58.3 59.7 7.3 -24.1
17.7 87.6 39.9
508.8 74.6 -72.8 -2.2 5 -2.1
1292.2 304.8 62.6 -26.2 36.9 -125.2
2428.2 61.3 60.2 56.1 6.3 -22.7
17.2 89.4 39.5
506.5 73.4 -69.5 -3.8 1.9 -0.2
1277.8 298.6 77.2 -32.7 21.3 -123.1
2422.3 56.3 63.7 47.8 -3.4 -19.8
17.3 90.2 38.1
505.7 72.5 -68.9 -3.2 0.6 -1.5
1273 294.7 78 -33.8 14.3 -128.8
2421.6 49.1 63.3 45.1 -8.9 -22.6
16 89.5 37.3
503.7 73.3 -69.1 -3.4 0.7 -3.7
1265.8 291.6 82.7 -37.1 9.1 -126.2
2420.8 39.1 65.6 40.9 -11.3 -20.5
16.7 88.8 36.7
504.5 71 -67.6 -3.1 -2.1 -1.4
1264.7 291.3 84 -42.9 2 -126.5
2422.2 36.6 66.7 34.1 -15 -25.6
15.9 90.7 36.9
501 76.9 -71.4 -4.2 2.3 -9.4
1265.7 292.7 79.8 -47.2 -1.3 -130.8
2427.1 31.2 66.9 28.9 -18.1 -30.1
18.4 89.7 37.7
497.1 83.1 -73.9 -5.9 5.8 -15.2
1263.1 295.9 85.1 -53.4 -7.2 -126.8
2429.9 26.6 72.4 24 -20.2 -29.1
21.4 112.5 87.5
506.2 67.9 -64.1 -4.4 -6.9 3.9
1298.7 236.9 127.5 -50.7 -61.3 -48.5
2464.4 -29 109.3 27.2 -61.5 32.3
21.8 109.9 84.4
505.1 69.1 -65.3 -2.8 -5.3 1.7
1295.1 235.6 130 -44.6 -54.8 -48.4
2465.9 -38 114.3 30.1 -53.1 33.7
21.8 107.2 81.6
504.1 70.5 -68.8 -1.3 -1.9 -1.1
1290.6 228.8 127 -34.5 -40.9 -43.5
2465.2 -51.7 115.4 36.9 -38 39
20.9 106.9 79.6
508.5 65 -67.9 3 -8 6.3
1292.1 230.7 128.5 -32.7 -38.4 -41.6
2470.5 -56.7 120.9 36.7 -32.9 36.8
22.1 103.4 76.2
504 73.8 -72 1.9 -3.2 -2.2
1291.4 236.5 135.9 -35.2 -42.7 -39
2473.4 -57.9 130.3 36.1 -35.2 36.1
29.9 154.5 129.9
513.4 62.1 -71 12.8 -19.1 14.9
1331.8 181.6 160.9 -11 -98.1 36.3
2511.6 -110.3 154.5 56.1 -81.4 95.7
39.1 193.6 168.2
526.8 43.3 -62.5 15.7 -31 35.6
1368.3 127.2 202.2 -18.3 -118.8 94
2547.4 -165 193.2 52.9 -102.2 144
39.1 192.9 166.9
527.8 44.2 -64.1 18.9 -35.1 38.2
1365.5 141.3 205.1 -22.8 -113.9 89.7
2551.3 -164.8 201.6 52 -103.8 143.6
42.8 193.7 166.2
528.1 47.9 -70 26.5 -41.8 41.8
1360.8 158.7 208.3 -29 -105.1 82.7
2555.2 -164 209.8 50.7 -103.2 140.7
60.4 252.8 218.2
551.5 4.4 -30.5 -11.8 -2.7 -2.2
1427.7 53.5 285.4 -49.9 -117.9 100.3
2616.4 -261.9 279.6 28.7 -108.4 143.9
64.4 264.4 232
566.2 -20.1 -11.6 -17.1 -9.7 16.3
1460.2 8.5 329.6 -68.2 -118.4 130.3
2651.5 -315 325.3 11.5 -113.3 174.7
63.5 263.1 232
567.9 -17.8 -16 -13 -11.4 17.9
1458.7 24.3 331.6 -68.1 -106.1 123.6
2656.1 -313.1 331.4 11.9 -111.5 170.5
winner is: 6
