Regression analysis information for: KLH016c_0491
number of formants: 3
number of coeccicients: 5
52.1 13.7 29.6
656.3 151.1 92.4 126.2 112.2 95.3
1426.4 33.3 9.4 33.1 35.9 33.5
2701.7 287.1 43.4 26.7 130.2 103
45.7 16.3 38.8
665 165.2 101.9 134.1 115.2 93.7
1432.4 39.2 12 39.6 40.6 37
2725.8 298.5 17.6 18.8 142.1 110.9
46.8 18.3 44.3
670 171.7 105.8 138.7 116.8 92.4
1437.4 42 13.1 45 44.2 38.5
2747.9 307 -0.6 21.7 157 113.6
46.6 19.2 53.6
672.6 172.7 105.8 140.1 116.6 90.1
1441.8 42.9 13.4 49.7 46.9 39
2766 308.2 -19.7 26.4 171.6 114.6
47.3 21.2 59.1
678 179.8 111.1 145.6 118.3 89
1446.9 46.2 16.3 56.1 50 40.2
2782.4 314.7 -24.9 35.8 174.6 104.8
47.7 23.1 57.6
679.3 179.3 111.1 147.7 118.5 88.1
1449.7 45.5 16.8 60.8 51.5 40.4
2785.2 309.6 -18.8 54.3 173.2 92.7
49.8 24.4 49.8
683.1 184.2 115.8 152 119.4 87.8
1451.7 44.3 17.8 63.3 50.5 40
2786.1 310.7 2.7 67.2 154.7 77.5
49 25.3 52.2
685.1 183.8 114.1 152.2 117.8 85.6
1456.4 44.7 17.8 67.5 52 40
2803.3 311.5 -10.1 69.1 157.4 74.5
51.9 27.4 58.1
689.2 187 116.6 156.5 120.2 86.6
1459.5 41.4 15.1 69.6 52.4 40.2
2824.6 313.8 -27.1 71.4 170.7 81.8
56.4 30.5 63.6
692.5 188.7 118.4 161.1 123.7 88.7
1460.9 34.5 9.3 69.9 52 39.6
2843.7 308.3 -50.9 76.1 192.4 94.3
60 33.3 61.8
698.3 193.7 122.3 166.4 126.2 89.9
1464.3 30.2 5.7 71.4 51.5 39.4
2866 312.9 -62.2 76.6 194.3 97.2
59.2 34.5 53.1
700 191.6 120 166.9 126 90.9
1468.9 29 4.8 74.4 52 40.1
2883.2 316.6 -65.7 77.8 192.3 102.8
56.3 33.8 44.6
700.2 185.6 114.8 166 125.6 92.7
1472.6 24.5 0.6 75.8 49.9 37.7
2902.6 318.5 -71.1 83.3 193.1 110.7
75.9 33.6 33.4
655.1 92.9 33.4 106.5 88 80.1
1477.7 21.6 -2.3 78.7 50 36.2
2906.8 290.9 -97.4 76.9 194.9 126.2
75.8 39.2 32.2
663.8 102.7 41.3 115.5 93.3 83.4
1486.6 26.3 2.2 88.5 56.2 40.8
2918 273.4 -126.6 60.4 181.5 126.7
76.7 44 31.5
667.9 103.3 41.3 118.2 93.8 84
1494.8 28.6 5.3 97.3 60.7 44.3
2929.4 260.7 -138.8 60.2 169.4 121.2
77.8 47.3 22.3
672.4 103.7 41.2 121 93.8 84.8
1501.7 28.4 5.7 104 62.4 46.2
2930.3 227.4 -174.9 38.5 136.2 98.6
78.8 147.3 33.7
676.2 103.9 40.8 123.1 93.9 85.1
1584.1 174.1 152.3 245.3 194.6 161.5
2955.3 243.6 -160.9 58.7 147.2 114.8
79.5 143.5 37.4
680 103.9 40.1 123.9 93.7 85.5
1585.3 164.1 143.2 241.3 188.6 155.9
2970.6 241.3 -167.3 53.4 136.4 114.5
80.3 141 41.2
683.6 104.5 40.3 124.5 93.3 86.3
1586.6 156.5 137.4 238.2 183.9 152.5
2985.1 241.2 -172.3 46.3 124.9 114.3
winner is: 1
