Regression analysis information for: KLH016a_0727
number of formants: 3
number of coeccicients: 5
7.9 18 9.2
495.1 6.8 -7.6 -8.2 -20.6 3
1267.4 163.3 100.8 107.9 7.8 12.1
2337.8 59.8 10.2 1.7 0.6 -11.2
7.7 17.1 10.7
496.5 7.2 -6.9 -8.7 -20.1 3.8
1265.8 155.7 96.7 102.7 6.4 10.7
2339.6 60.4 8.1 -1 -2.7 -12.8
7.4 17.8 12.9
497.1 7.2 -7.4 -9.8 -20.3 4.2
1266.5 156 95.6 100.9 5.5 11.1
2341.7 61.3 6.7 -4.6 -5.7 -14
7.3 18 14.9
497.7 7.3 -8 -10.9 -20.5 4.3
1266.9 155.9 93.8 98.5 3.8 10.4
2343.7 62.4 4.9 -8.6 -9.3 -16.3
7.1 19.6 17.2
497.7 7.1 -10 -12.2 -21.5 4.4
1270 164.5 95.7 100.9 3.6 12.6
2346.3 64.3 4.4 -12 -11.3 -16.7
6.9 20.2 19.5
498.2 7.6 -10.5 -13.2 -21.7 4.8
1270.7 165.4 95 99.7 2.7 12.8
2348.4 66.1 3.4 -15.1 -14.2 -17.9
6.7 20.7 21.4
498.8 8.1 -11.1 -14.2 -22 5.3
1271.4 166.5 94.5 98.5 1.8 12.8
2350.7 68.3 2.7 -18 -17.2 -19.3
6.5 20.5 23.4
500.2 9.3 -10.1 -14.8 -21.8 5.6
1270 160.4 92.1 94.4 0.4 10.8
2353 71 2.5 -20 -21.4 -22.8
6.3 21.2 25.4
500.8 10.2 -10.6 -15.9 -22.1 6
1270.8 161.9 92.2 93.6 -0.4 10.5
2355.5 74 2.6 -22.4 -24.5 -24.7
6.1 21.9 27.3
501.6 10.9 -11.1 -16.8 -22.6 6.3
1271.7 163.5 92.2 93.1 -1.2 10.3
2358.2 77.1 2.7 -24.7 -27.4 -27
6.1 23.6 28.7
501.5 11.1 -13.1 -17.9 -23.3 6.5
1274.7 172.3 94.9 96.4 -1 12.2
2360.8 79.9 2.5 -27.2 -28.7 -27.1
6 24.3 30.3
502 11.8 -13.4 -18.6 -23.4 6.5
1275.4 173.7 95.7 96.3 -1.1 11.8
2362.9 83.5 3 -28.9 -31 -29.5
5.9 24.9 31.6
502.1 12.4 -13.2 -19 -23.4 6.5
1275.9 175.3 96.2 96.6 -1.1 12.2
2364 85.8 4.3 -30.2 -31.6 -30.2
5.9 24.1 32.6
503.5 13.7 -12.1 -19.3 -23.1 6.7
1274.3 169.1 94.4 93.5 -2.2 9.5
2365.9 89.2 5.9 -30.2 -34.5 -34.4
6 24.6 33.5
504.3 14.3 -12.5 -19.8 -23.2 7
1275.1 170.6 95.1 94.1 -2 9.4
2368.4 91.8 6.4 -30.3 -35.4 -36.2
6 24.6 34.2
505 14.6 -12.7 -20.3 -23 7.1
1276.2 171.4 96.7 94.6 -1.1 8.9
2370.4 94.6 7.2 -29.8 -36.5 -37.9
6 26.4 35.7
505.4 14.6 -14.7 -21.5 -23.8 7.2
1279.9 180.9 100.4 98.6 -0.4 10.9
2373.7 97.9 7.3 -32.2 -38 -38.8
6.2 27.3 37
506.4 15.1 -15.2 -22 -23.6 7.6
1280.6 182.6 101.6 99.7 -0.5 10.5
2376.8 100.9 7.9 -32.3 -39.5 -41.5
6.4 27.9 37.6
507.4 15.9 -16.1 -22.7 -23.6 8.1
1281.3 184.4 102.7 101 -0.7 10
2379.5 103.2 8.6 -32 -40.1 -43.5
6.8 28.5 37.9
508.4 16.7 -17.1 -23.2 -23.2 8.7
1281.5 186.4 104.1 102.9 -0.7 9.6
2382 105 9.3 -31.1 -40.1 -45.3
winner is: 1
