Regression analysis information for: KLH016c_1094
number of formants: 3
number of coeccicients: 5
10.5 39.9 39.6
332.2 -1.2 5.2 -4 -12.6 14.9
788 2.6 23.6 -19.6 58.4 -58.4
2517.1 28.1 -5.7 72.7 26.5 3.3
11.1 42.6 37.8
333.5 -2.9 6.2 -4.5 -13.1 15.2
787.5 4.8 22.2 -19.7 59.4 -61
2523.8 25.7 -5.7 70.5 21.5 -1.2
12.1 44.7 36
335.1 -4.5 7.3 -4.4 -13.7 16.4
786.4 8.4 20 -19.6 60.5 -63.8
2532.3 26.1 -7.5 71.8 16.8 -3.1
13.4 48 35.8
337.2 -7.1 8.5 -4.6 -14.7 17.8
784.2 13.9 16.6 -19 62.2 -67.2
2541.9 25.1 -10.9 71.9 11.9 -4.5
14.8 51.1 36
339.4 -9.5 9.9 -4.5 -15.5 19.2
781.7 20 13 -18.5 63.4 -70.7
2552 26.5 -14 72.7 7.3 -7.9
17.6 57.9 35.7
343.1 -13.9 12.4 -4.5 -17.1 22.1
775.7 31.6 5.8 -17.8 66.4 -77.6
2565 27.7 -18.1 73.2 0.8 -10.7
18.9 65.9 36
346.3 -17.4 14.1 -3.7 -18.7 23.9
768 45.3 -1.9 -18 70.9 -86
2577.7 27.6 -21.1 76 -5.4 -15.1
15.5 69.6 37
346 -13.3 10.4 -1.2 -18.5 20.3
760.8 57 -7.6 -20.3 74.6 -91.3
2593.7 31.6 -26.9 75.4 -13.8 -18
15.6 71.7 38.1
336.3 8.2 -6.7 7.9 -17.1 8.2
753.5 67.3 -11.9 -23.4 76.6 -92.7
2610.5 36.7 -34.6 74.2 -22 -21
21.4 257.4 184.6
354.9 -20.5 13.2 0.2 -20.7 22.4
924.1 -246 229.4 -145.4 60.8 61.5
2734.4 -149.1 100 4.4 -43.9 68.9
23.2 298 209.7
362.9 -28.5 17.4 1.6 -23.4 26
984.5 -363.9 319.2 -195.2 54.2 111.1
2795 -220.8 147.9 -20.5 -58.9 94.7
24.9 301.7 215.6
370.3 -34 19.9 4.8 -27.3 31.7
1042.3 -481.3 403.2 -240.7 43.9 150.1
2858.6 -292.1 191.9 -45.9 -73.3 114.4
33.2 316.1 222.8
370.3 -27 20.6 0.4 -18.1 26.6
1019.6 -462.7 387.8 -245.7 33.7 160.5
2879.7 -284.4 181.7 -48.8 -85.6 118.5
30 354.5 224
387 -39.5 17.1 21.1 -33 29.8
1136.8 -647.6 353.9 -93.4 -130 166.5
2983.9 -396.9 191.8 -2.7 -148.7 109.5
34.4 300.2 169
393.2 -47 6.5 29.5 -37.1 20.7
1248.7 -863.3 369 -64.1 -149.2 11.4
3085.6 -520.4 239.9 -27.9 -118.5 4
41.1 406.2 230.7
396 -29.8 21.5 25 -24.7 30.2
1404.6 -682.4 585.3 153.2 -137.9 131.7
3195.6 -385.6 346.5 105.5 -121.3 88.1
31.4 382 232.2
408.8 -46.3 13.2 39.7 -46 31.8
1564.2 -764.9 593.3 434 -267 206.1
3276.4 -353.6 336 244.7 -149.1 101.3
31 338.8 231.3
414.6 -38.5 21.9 47.2 -39.2 41.5
1688.3 -623.9 706.7 685.6 -99.1 291.1
3329.6 -202.3 392 366.2 -5.1 108.9
25.7 322.7 229.8
424.6 -37.9 13.8 57.5 -33.8 31
1819 -593.8 612.4 867.7 -35.8 74.7
3372.8 -185.7 330.2 410.9 -3.1 35.3
25.8 323.8 211.6
427.9 -35.8 12.6 58.4 -31.2 31.2
1800.5 -614 604 857 -44.9 77.2
3369.7 -237 296.7 393.9 -31.1 70.4
winner is: 1
