Regression analysis information for: KLH016b_0057
number of formants: 3
number of coeccicients: 5
8 3.5 12.6
541.8 4.1 -29.8 -15.3 -15.5 -7.4
1165.2 152.8 6.6 7.4 -4.4 3.6
2272.6 80.2 21.2 32.4 17.7 8.6
7.9 3.7 12.6
542.3 4.9 -30.3 -15.1 -14.9 -7.5
1166.1 154.3 6.4 7.5 -3.9 3.4
2274.2 83.4 21.8 33.3 18.3 8.5
7.9 3.9 12.6
542.9 5.4 -30.7 -14.9 -14.5 -7.6
1167.3 155.5 6.4 7.8 -3.5 3.3
2276.3 86.7 23.1 34.2 18.8 8
7.9 4 12.4
543.5 5.8 -31.1 -14.8 -14.1 -7.7
1168.5 156.9 6.5 8 -3.1 3.4
2278.6 90 24.4 35 19.3 7.6
7.9 4 12.1
544.3 5.9 -31.4 -14.7 -13.8 -7.7
1169.9 157.9 6.7 8.2 -2.9 3.4
2281 92.7 25.9 35.7 19.5 7
7.9 4 11.7
545 6.3 -31.8 -14.2 -13.7 -7.5
1171 159 6.9 8.8 -2.8 3.6
2283 96 26.8 37.2 19.3 7.1
7.9 4.1 11.3
545.8 6.4 -32 -13.9 -13.4 -7.5
1172.3 159.9 7.3 9.1 -2.6 3.6
2285.4 98.6 28.5 38 19.5 6.6
7.9 4.2 11
546.7 6.4 -32 -13.6 -13.2 -7.4
1173.4 160.8 7.8 9.4 -2.5 3.7
2287.9 100.7 30.3 38.5 19.8 6.2
7.8 4.2 10.8
547.7 6.4 -32 -13.4 -12.9 -7.4
1174.7 161.7 8.3 9.7 -2.4 3.8
2290.4 102.7 32.2 38.9 20.2 5.6
7.8 4.2 10.6
548.6 6.2 -32 -13.1 -12.6 -7.4
1175.8 162.4 8.9 10.1 -2.1 3.9
2292.8 104.3 34.3 39.5 20.8 5.2
7.7 4.3 10.4
549.6 5.7 -32.1 -13.1 -12.4 -7.5
1176.9 163.2 9.3 10.3 -2 4.1
2295.3 105.7 36.2 39.8 21.4 4.8
7.6 4.3 10.1
550.6 5.4 -32.1 -12.9 -12.3 -7.5
1177.9 163.9 9.8 10.4 -2.1 4.1
2297.8 107 38.1 39.7 21.3 3.9
7.6 4.3 9.9
551.6 4.9 -31.8 -12.8 -12.1 -7.5
1178.8 164.7 10.4 10.6 -2.2 4.2
2300.1 108.2 40.3 39.8 21.7 3.3
7.4 4.5 9.7
552.7 4.6 -31.6 -12.6 -11.9 -7.5
1179.5 165.5 10.8 10.7 -2.2 4.4
2302.3 109.1 42.1 39.8 22.3 3.1
7.2 4.6 9.3
553.9 3.9 -31.3 -12.6 -11.8 -7.6
1180.3 166.5 11.2 10.8 -2.4 4.5
2304.9 110.2 44.4 39.6 22.4 2.2
7.2 4.7 9
555.2 3.1 -30.9 -12.6 -11.6 -7.6
1181 167.5 11.6 11 -2.6 4.6
2307.4 111.2 46.6 39.6 22.7 1.6
7.1 4.8 9
556.4 2.1 -30.5 -12.6 -11.3 -7.8
1181.5 168.5 11.8 11.2 -2.8 4.7
2309.6 111.9 48.6 39.6 23 1
7.1 4.8 9.2
557.8 1 -30 -12.9 -11.4 -7.9
1182 170.1 11.8 11.1 -3.4 4.9
2312.2 113 50.7 39 22.7 0
7.3 5 9.4
559 0.1 -29.1 -13.7 -10.9 -8
1182.4 171.5 11.6 11.5 -4.2 5
2314.3 114 52.8 38.2 22.6 -0.8
7.3 5.2 9.6
560.6 -1.2 -28.7 -13.9 -10.8 -8.4
1182.5 173.4 11.1 11.5 -5.1 5
2316.6 114.9 54.2 37.4 21.8 -2.2
winner is: 16
