Regression analysis information for: KLH016a_0957
number of formants: 3
number of coeccicients: 5
5.8 56.5 11.9
577.8 -55.4 -48.4 -20.8 -14.8 -1.4
1601.1 369.7 162.6 105.1 28.3 -20.9
2399.4 131.1 64.7 42.6 25.5 -5.2
5.6 58.9 12.4
578.3 -56 -49.1 -20.7 -15.3 -1.6
1602.7 371.4 162.9 105.1 26.4 -23.7
2399.5 128.2 61.4 42.4 24.8 -6.1
5.5 59.3 12.9
579.1 -56.5 -49.6 -20.6 -16 -2
1603.7 370.8 161.1 103.2 23.9 -25.6
2401.8 128.3 59.9 42.2 22.6 -8.8
5.4 60 13.4
579.8 -57.4 -50.1 -20.3 -16.5 -2.1
1604.2 369.3 159.2 102.2 22 -27.3
2403.7 127.2 57.9 42.5 21.5 -10.7
5.4 63.3 13.2
580.5 -58.5 -50.6 -20 -16.7 -2
1608.3 373.9 160.3 101.1 17.8 -32.4
2405.8 126.5 55.9 43.1 20.9 -11.4
5.2 63.9 12.9
581.3 -59.3 -51.2 -19.6 -17 -2.1
1610.6 375.5 160.2 101.1 16.8 -33.7
2408.2 126 53.9 43.5 20.2 -12.5
5.1 64.7 12.8
582.3 -60.3 -51.7 -19.3 -17.4 -2.2
1613.3 377.8 160.6 100.9 15.1 -35.9
2410.9 125.5 52.4 44.4 19.9 -13.5
5 66.6 12.8
583.6 -60.9 -52.2 -18.9 -17.9 -2.4
1616.8 382.1 162.7 101.8 13.9 -38.2
2412.9 124 50.2 45.2 20.6 -13.3
4.9 67 12.1
584.6 -61.9 -52.8 -18.4 -18.3 -2.4
1619.6 384.5 163.7 103 14 -38.9
2415 122.4 47.6 45.9 20.5 -13.7
4.8 67.4 11.4
585.7 -63.1 -53.5 -18.1 -18.6 -2.6
1622.2 386.8 164.4 103.6 13.9 -39.6
2416.8 120.2 44.6 45.9 20.6 -14
4.9 68.3 10.9
586.6 -64.8 -54.2 -17.5 -18.6 -2.3
1625.9 390.7 165.5 103.6 12 -42.4
2419.3 119.1 42.6 46.8 20.6 -14.5
4.9 67.5 10.9
587.9 -66 -54.9 -17.1 -18.8 -2.4
1627.9 392 166 104.8 13.7 -41.2
2421.6 117.6 40.4 47.5 21.4 -14.4
4.8 67 10.7
589.3 -67.1 -55.5 -16.5 -19.1 -2.7
1630.2 394 166.5 105.7 14.5 -41.1
2424.3 116.6 38.3 48.1 21.5 -15.5
5 67.8 11.5
590.7 -68.1 -56.2 -16 -19.2 -3
1632.9 397.6 168.2 107 15.5 -41.7
2425.2 112.8 34.4 47.8 22.8 -14.8
5.2 67.7 13.8
591.9 -69.7 -57.2 -15.5 -19.5 -3.2
1633.3 396.6 165.9 105.4 14.8 -43
2424.4 105.5 27.6 45.5 22.9 -14.2
5.5 67.6 18.3
593.3 -71 -58.4 -15 -19.6 -3.7
1634.5 397.1 163.8 103.2 13.2 -45.1
2423 97.5 19.9 43.2 24 -11.5
5.9 67.2 20.4
594.6 -72.6 -59.1 -14.3 -19.8 -3.8
1636.7 400 164.6 103.8 13.9 -45.4
2424 94.3 17.3 44 25.8 -9.8
6.3 62.9 21.8
596.2 -73.9 -59.9 -13.6 -19.7 -4.2
1635.7 397.8 161.2 101.9 15.5 -43
2426 92.7 15 44.2 27.2 -9.6
6.7 61.6 22.3
597.7 -74.8 -61.3 -12.9 -19.9 -5
1636.3 398.7 159.7 100.1 16.2 -42.5
2428.3 92.8 13.2 44.3 28.1 -10
7.3 59.1 22.6
599.4 -76.1 -62.3 -12.2 -19.9 -5.5
1636.1 399 157.4 98.4 17.6 -41.1
2430.9 92.7 11.6 44.6 29.3 -10.4
winner is: 1
