KLH032e_0403 analysis information:
Number of steps:
20
Cutoff frequencies were: 
5000 5053 5105 5158 5211 5263 5316 5368 5421 5474 5526 5579 5632 5684 5737 5789 5842 5895 5947 6000
Number of coefficients for prediction: 
5
Number of formants: 
3
Winner is:
5474 5474 5474
Errors (total,f1,f2,f3): 
73.4 45.8 38.3 37.6 44.5 41.7 39.1 35.4 32.4 31 33.5 32.6 36.8 40.8 45 51 61.1 50.2 47 51.2
3.4 3.2 3.3 3.1 3 2.8 2.7 2.6 2.4 2.4 2.4 2.4 2.5 2.6 2.7 2.7 2.9 2.8 3 3.1
9.7 6.8 6 6.3 5.9 5.7 5.9 6 5.8 5.9 5.2 5.7 6 5.9 6.5 6.1 6.8 6.6 7.5 8.3
60.3 35.8 29 28.2 35.6 33.2 30.5 26.8 24.2 22.7 25.9 24.5 28.3 32.3 35.8 42.2 51.4 40.8 36.5 39.8
Coefficients are (row-wise by formant):
361.3 48 -30.4 21.1 -10.2 4.5
1256.3 -213.7 48.9 -53.1 13.3 -0.5
2591.6 331.9 -153.5 64.9 -2.2 -18.4
