KLH032a_2063 analysis information:
Number of steps:
20
Cutoff frequencies were: 
5000 5053 5105 5158 5211 5263 5316 5368 5421 5474 5526 5579 5632 5684 5737 5789 5842 5895 5947 6000
Number of coefficients for prediction: 
5
Number of formants: 
3
Winner is:
5474 5474 5474
Errors (total,f1,f2,f3): 
244.4 198.2 169.7 21.5 21.5 21.2 21.4 20.4 19.8 19.7 20.3 21.8 22.6 24.9 27.8 29 30.5 33.3 34.1 33.4
27.4 2.7 2.8 3.2 3.4 3.4 3.4 2.7 2.2 1.8 2.1 3.2 3.9 5.3 5.8 5.5 5.6 5.7 5.8 5.9
126.7 110.4 76.6 14.3 14.2 13.9 14 13.6 13.3 13.3 13.4 13.6 13.7 15 18.1 19.2 20.4 22.5 23 22.5
90.3 85.1 90.3 4 3.9 3.9 4 4.1 4.3 4.6 4.8 5 5 4.6 3.9 4.3 4.5 5.1 5.3 5
Coefficients are (row-wise by formant):
596.5 -10 -8.1 9.1 -0.8 1.5
1961.6 -210.8 -73.8 -29.6 -8.2 -2.2
2818.2 -14.4 30.1 1.5 4.5 -5.4
