KLH032d_0087 analysis information:
Number of steps:
20
Cutoff frequencies were: 
5000 5053 5105 5158 5211 5263 5316 5368 5421 5474 5526 5579 5632 5684 5737 5789 5842 5895 5947 6000
Number of coefficients for prediction: 
5
Number of formants: 
3
Winner is:
5000 5000 5000
Errors (total,f1,f2,f3): 
40.5 41.8 46.5 49.3 55.1 57.8 62.3 61.9 54.7 49 52.9 49.4 54.3 63 65.2 68.6 68.9 66.9 68.9 73.1
6.9 7.5 7.6 7.5 7.4 7.2 6.5 6.3 6.4 6.1 6.6 6.3 6.5 6.5 6.3 6.4 6.4 6.3 6.2 6.3
15.5 17.5 18.5 21 23.5 22.6 25.6 23.8 19.5 17.6 21.3 21.8 23.6 29.1 33.1 31.9 32.9 31.9 34.5 37.4
18.1 16.8 20.4 20.8 24.2 28 30.2 31.8 28.8 25.3 25 21.3 24.2 27.4 25.8 30.3 29.6 28.7 28.2 29.4
Coefficients are (row-wise by formant):
509.4 11.4 -35.6 0 -21.9 -7.4
1536.8 137.5 75.1 27.2 23.3 14
2386.7 -28.7 -97 18.4 -65.1 5.5
