KLH032a_1845 analysis information:
Number of steps:
20
Cutoff frequencies were: 
5000 5053 5105 5158 5211 5263 5316 5368 5421 5474 5526 5579 5632 5684 5737 5789 5842 5895 5947 6000
Number of coefficients for prediction: 
5
Number of formants: 
3
Winner is:
5842 5842 5842
Errors (total,f1,f2,f3): 
39.1 43 58.5 63.6 44.4 43.5 46.4 60.6 55.8 54.2 47.5 48.1 38.2 39.2 38.7 39.1 37.9 38.9 41.3 51.5
17.8 20.6 35.1 39.2 18.8 15.1 13.6 13.8 14.8 15.5 13.6 14.8 10 8 8.1 8.7 9.7 11.6 14.7 27.5
3.1 3 3.1 3.1 3 3.2 3.2 3.2 3.6 3.8 4.8 5.5 6 5.9 6 6 5.7 5.9 6.7 5
18.2 19.4 20.3 21.3 22.6 25.2 29.6 43.6 37.4 34.9 29.1 27.8 22.2 25.3 24.6 24.4 22.5 21.4 19.9 19
Coefficients are (row-wise by formant):
388.5 -21.5 -4.9 18.5 -3.5 -20.7
1982.9 -47.6 -1.4 30.1 -20.2 -4.4
2789.9 15.2 45.4 12.5 -16.1 13.7
