KLH032a_1810 analysis information:
Number of steps:
20
Cutoff frequencies were: 
5000 5053 5105 5158 5211 5263 5316 5368 5421 5474 5526 5579 5632 5684 5737 5789 5842 5895 5947 6000
Number of coefficients for prediction: 
5
Number of formants: 
3
Winner is:
5526 5526 5526
Errors (total,f1,f2,f3): 
79.1 79.5 75.7 77.2 77.6 81.7 83.6 82.6 79.8 76.5 73.3 75.2 75.1 76.9 82.5 86.1 86.8 90.7 107.4 315.7
6.1 6.7 8 8.1 9.7 10.1 11.2 11.5 12.3 12.4 13.2 13 13.2 14.5 17.5 18.7 17 14.5 20.9 34.3
34.1 34.1 33.4 34.9 34.3 34.8 36.2 34.6 33.4 30.6 29 28.5 27.7 29.9 33.8 37.5 42.5 47.5 53.1 236.1
38.9 38.7 34.3 34.2 33.6 36.8 36.2 36.5 34.1 33.5 31.1 33.7 34.2 32.5 31.2 29.9 27.3 28.7 33.4 45.3
Coefficients are (row-wise by formant):
485.6 23.5 19.7 9.3 -18.2 -0.4
868.7 -170.4 109.3 -39.7 64.9 -43
2849.5 107.4 46.9 -16 18.4 -37.4
