KLH032a_0745 analysis information:
Number of steps:
20
Cutoff frequencies were: 
5000 5053 5105 5158 5211 5263 5316 5368 5421 5474 5526 5579 5632 5684 5737 5789 5842 5895 5947 6000
Number of coefficients for prediction: 
5
Number of formants: 
3
Winner is:
5316 5316 5316
Errors (total,f1,f2,f3): 
138.9 105 92.7 87.7 79.8 71.2 70.4 71 71 116.2 111.1 150.6 158.2 75.3 76.2 74.8 75.3 74.4 74.2 73.8
11.1 10.8 10.7 10.5 10.5 10.4 10.3 10.2 10.3 10.2 10.2 10.3 10.3 10.3 10.3 10.3 10.2 10.1 10.2 10.1
55.1 26.8 20.3 18.7 17.8 17.2 16.7 16.7 17.4 55.8 50 78.6 84.8 20.1 20.5 20.9 21.3 21.5 21.7 21.8
72.7 67.4 61.7 58.5 51.5 43.6 43.4 44.1 43.3 50.2 50.9 61.7 63.1 44.9 45.4 43.6 43.8 42.8 42.3 41.9
Coefficients are (row-wise by formant):
340.8 -33 47.4 -12.5 22.3 -15.8
2598.1 28.8 -19 26.4 -17.1 25.1
3017.1 -0.4 -113.5 71.4 -88.5 -39.3
