KLH032a_0309 analysis information:
Number of steps:
20
Cutoff frequencies were: 
5000 5053 5105 5158 5211 5263 5316 5368 5421 5474 5526 5579 5632 5684 5737 5789 5842 5895 5947 6000
Number of coefficients for prediction: 
5
Number of formants: 
3
Winner is:
5526 5526 5526
Errors (total,f1,f2,f3): 
39.9 45.4 39.3 33.5 33.8 37.8 37.7 36.1 33.9 32.7 32.6 34.6 37.9 40.8 46.6 55.7 60.2 77 94.1 49.6
19 20.4 14.2 6.9 5.7 6.4 6.9 7.5 8.1 9.1 10.4 11.3 13.3 14.9 17.3 21 22.2 25.1 28.6 18.8
8.8 13.4 12.6 10.7 9.5 9.4 7.4 7.7 8.8 10.2 10.9 12.6 14.1 15.2 17.8 22.1 25.9 39.3 51 18.9
12.1 11.6 12.5 15.9 18.6 22 23.4 20.9 17 13.4 11.3 10.7 10.5 10.7 11.5 12.6 12.1 12.6 14.5 11.9
Coefficients are (row-wise by formant):
651.6 -1.6 -51.8 9 -31.7 -3.4
1498 175 -21.1 44.5 -9.2 -12.2
2851 -18.3 -7.3 -35 23.9 -26.9
