KLH032a_0830 analysis information:
Number of steps:
20
Cutoff frequencies were: 
5000 5053 5105 5158 5211 5263 5316 5368 5421 5474 5526 5579 5632 5684 5737 5789 5842 5895 5947 6000
Number of coefficients for prediction: 
5
Number of formants: 
3
Winner is:
5789 5789 5789
Errors (total,f1,f2,f3): 
205.3 223 224.2 225.4 227.4 230.7 231.2 234.2 239.6 241.9 190.7 200.5 112.1 110 96.6 67.5 73.9 91.5 87.4 100.6
10 5.9 5.8 6.4 6.5 6.7 6.8 7.1 6.7 6.3 6.4 6.4 6.7 6.7 7 7.4 7.8 7.7 8.1 7.8
149.9 156.7 156.9 158.5 159.7 163.5 153.2 154.5 157.2 166.7 112.3 120.1 10.1 10.9 11.6 12.2 12.6 12.9 15.2 14.9
45.4 60.4 61.5 60.5 61.2 60.5 71.2 72.6 75.7 68.9 72 74 95.3 92.4 78 47.9 53.5 70.9 64.1 77.9
Coefficients are (row-wise by formant):
343 -2.4 15 29.6 18.6 20.5
2449.7 129.3 -64.6 26.8 10.8 16.4
2928.4 297.7 -42.9 64.1 13.7 59.9
