KLH032a_2440 analysis information:
Number of steps:
20
Cutoff frequencies were: 
5000 5053 5105 5158 5211 5263 5316 5368 5421 5474 5526 5579 5632 5684 5737 5789 5842 5895 5947 6000
Number of coefficients for prediction: 
5
Number of formants: 
3
Winner is:
5684 5684 5684
Errors (total,f1,f2,f3): 
192.3 171.8 166.2 107.6 98.1 88.1 84.9 87.8 87.8 94.5 90.1 83.7 79.8 72.8 79.2 78.1 76.8 78.9 91.3 97.8
3.2 3.2 3 2.9 2.5 2.4 2.4 2.4 2.3 2.5 2.7 2.6 2.5 2.2 2.2 2.2 2.1 2.1 2.1 2.1
50.6 43.3 33.9 26.8 21.5 15 13.6 16.5 21.1 26.8 28.9 31.3 28.1 26.7 28.4 30.5 31 29.3 29.5 27.7
138.5 125.3 129.3 77.9 74.1 70.7 68.9 68.9 64.4 65.2 58.5 49.8 49.2 43.9 48.6 45.4 43.7 47.5 59.7 68
Coefficients are (row-wise by formant):
434.3 31.6 -38.6 -8.4 -2.5 -8.5
1414.4 56.3 212.5 -79.3 63.3 -16.7
2682.5 -260.6 -108.2 -99.7 -38.1 -35.3
