KLH032a_0582 analysis information:
Number of steps:
20
Cutoff frequencies were: 
5000 5053 5105 5158 5211 5263 5316 5368 5421 5474 5526 5579 5632 5684 5737 5789 5842 5895 5947 6000
Number of coefficients for prediction: 
5
Number of formants: 
3
Winner is:
5053 5053 5053
Errors (total,f1,f2,f3): 
206.8 191.8 211 201.1 216.7 276.7 342.2 449.7 449.1 256 244.1 243.9 258.2 272 298.7 294 302.7 317.3 310.5 314.9
7.2 7.2 7.2 7.2 7.2 7 7 7.1 7.1 7.1 7 6.9 6.9 7.1 7 6.9 7 7.3 7.6 10.4
153.4 142.2 160.7 149.5 161.7 192.2 256.1 328.6 325.9 160.5 152.7 156.8 160.6 161.6 167.2 166.3 162.5 158.2 148 147.9
46.2 42.4 43.1 44.4 47.8 77.5 79.1 114 116.1 88.4 84.4 80.2 90.7 103.3 124.5 120.8 133.2 151.8 154.9 156.6
Coefficients are (row-wise by formant):
295 21.4 4 2.2 2.1 8.2
1894.4 477.6 267.5 -325.2 -240.4 67.7
2804.7 64.1 -24.8 -97.2 -54.4 17.5
