KLH032a_3027 analysis information:
Number of steps:
20
Cutoff frequencies were: 
5000 5053 5105 5158 5211 5263 5316 5368 5421 5474 5526 5579 5632 5684 5737 5789 5842 5895 5947 6000
Number of coefficients for prediction: 
5
Number of formants: 
3
Winner is:
5000 5000 5000
Errors (total,f1,f2,f3): 
88.9 102.7 134.7 155.6 112.9 140.1 135 146.2 248.2 285.8 320.1 324.4 305.8 304.4 332.2 317.1 299.2 290.4 281.5 289.1
8.2 8.7 9.6 10.4 11.2 11.9 12.2 11.6 11.2 10.5 9.7 8.8 9.7 10.7 12.2 13.2 15.3 15.7 17.5 16.3
27.8 29.4 32.9 47.9 43.1 37.2 30.6 23.7 17.4 13.4 12.7 13.1 15.6 16.9 17.6 18.2 18.1 18.2 20.1 18.4
52.9 64.6 92.2 97.3 58.6 91 92.2 110.9 219.6 261.9 297.7 302.5 280.5 276.8 302.4 285.7 265.8 256.5 243.9 254.4
Coefficients are (row-wise by formant):
688.4 43.4 -27.3 -10.6 -21 -0.7
1705.8 -374.7 -12.5 -71.6 9 -22.2
2110.1 -219.5 245.6 -104 121 -32.4
