KLH032a_0552 analysis information:
Number of steps:
20
Cutoff frequencies were: 
5000 5053 5105 5158 5211 5263 5316 5368 5421 5474 5526 5579 5632 5684 5737 5789 5842 5895 5947 6000
Number of coefficients for prediction: 
5
Number of formants: 
3
Winner is:
5000 5000 5000
Errors (total,f1,f2,f3): 
63.3 74.3 291.9 521.5 474.5 228.8 263.9 334.6 329.1 320.7 326.1 319.8 316.2 324.9 337.1 367.1 485.1 653.6 686.4 803
10.5 25.7 26.9 38 13.6 4.9 4.4 17 15.6 8.7 11.6 9.7 4.4 7.2 12.5 36.5 12.7 23.1 11.9 23
18.4 18.6 167.7 331.7 308.1 142.7 159.8 201.3 200.1 197.9 199.5 201.4 197.6 201.2 204 202.5 310.3 421.3 454.6 525.7
34.4 30 97.3 151.8 152.8 81.2 99.7 116.3 113.4 114.1 115 108.7 114.2 116.5 120.6 128.1 162.1 209.2 219.9 254.3
Coefficients are (row-wise by formant):
400.5 36.5 6.1 13 -8.7 -6
673.3 194.3 -40.9 0.1 28.5 -27.6
2538.4 64.7 74.6 167.6 -14.9 -29.5
