KLH032a_2582 analysis information:
Number of steps:
20
Cutoff frequencies were: 
5000 5053 5105 5158 5211 5263 5316 5368 5421 5474 5526 5579 5632 5684 5737 5789 5842 5895 5947 6000
Number of coefficients for prediction: 
5
Number of formants: 
3
Winner is:
5263 5263 5263
Errors (total,f1,f2,f3): 
14.3 13.1 12.1 12 11.6 11.4 12.5 12.5 14.5 16.6 20.6 23.2 23.3 22.1 19.4 18.4 17.8 17.5 16 15.7
2.1 2 2 2.1 2 1.8 1.9 1.7 1.8 1.8 1.7 1.8 1.9 1.8 1.8 1.8 1.8 1.8 1.8 1.8
8.8 7.9 7.2 7 6.6 6.3 7.4 7.3 8.7 10.7 14.5 17.1 17.5 16.7 14.8 14 14 13.6 12 11.5
3.4 3.2 2.9 2.9 3 3.3 3.2 3.5 4 4.1 4.4 4.3 3.9 3.6 2.8 2.6 2 2.1 2.2 2.4
Coefficients are (row-wise by formant):
379 72.1 -8.2 -4.3 -12.2 -8.4
2079.8 -154.9 -47.9 1.2 -19.6 -2.9
2550.9 -5.8 -14.4 -6.8 22 -3.7
