KLH032a_2929 analysis information:
Number of steps:
20
Cutoff frequencies were: 
5000 5053 5105 5158 5211 5263 5316 5368 5421 5474 5526 5579 5632 5684 5737 5789 5842 5895 5947 6000
Number of coefficients for prediction: 
5
Number of formants: 
3
Winner is:
5053 5053 5053
Errors (total,f1,f2,f3): 
47.8 47.2 49.3 50.2 92.2 143.3 253.6 229.9 239.9 354.4 344.4 329 422.2 265.7 240.7 238.7 309.8 328.8 335.4 343.6
2.3 2 1.7 1.5 6.2 1.8 2.3 2.7 3 3.5 3.2 3.4 6.8 3.2 3.2 3.6 4.1 5 5.6 6.3
23.5 25.9 30 32.1 71.4 114.8 183.3 165.4 177.2 245.8 249.3 245.4 299.8 194.4 188.8 187.9 233.4 245.1 252.2 264
22 19.3 17.6 16.6 14.6 26.7 68 61.8 59.7 105.1 91.9 80.2 115.6 68.1 48.7 47.2 72.3 78.7 77.6 73.3
Coefficients are (row-wise by formant):
446 -56.3 14.4 -2.2 13.5 -4.2
875.3 -22.5 -5.6 -17.2 5.2 -32.1
2523.5 16.6 -28 -105.3 -5.4 -111.8
