KLH032a_2590 analysis information:
Number of steps:
20
Cutoff frequencies were: 
5000 5053 5105 5158 5211 5263 5316 5368 5421 5474 5526 5579 5632 5684 5737 5789 5842 5895 5947 6000
Number of coefficients for prediction: 
5
Number of formants: 
3
Winner is:
5895 5895 5895
Errors (total,f1,f2,f3): 
25.2 26.5 27.5 25.9 29.4 22.7 21.3 17.8 23.5 18.3 22.5 19.1 21.6 18.7 19.8 18.1 16.8 15.2 20.1 32.5
3.6 3.6 3.3 2.7 3.1 2.4 2.8 2.3 2.6 2.2 2.6 2.2 2.5 2.1 2.5 2.1 2.4 2 1.9 1.9
16.8 17 16.6 14.6 15.2 11.8 10.8 9 9 8.6 8.3 8.5 8.4 8 8.1 8.3 8.8 8.2 8.6 9.2
4.8 5.9 7.6 8.6 11.1 8.5 7.7 6.5 11.9 7.5 11.6 8.4 10.7 8.6 9.2 7.7 5.6 5 9.6 21.4
Coefficients are (row-wise by formant):
417 -12.9 -2.7 -3.3 7.1 -7
1630.1 174.9 58.3 12.2 -3.1 -12.9
2745.4 -135.9 28.4 -40.9 -1.4 20.9
