KLH032a_2037 analysis information:
Number of steps:
20
Cutoff frequencies were: 
5000 5053 5105 5158 5211 5263 5316 5368 5421 5474 5526 5579 5632 5684 5737 5789 5842 5895 5947 6000
Number of coefficients for prediction: 
5
Number of formants: 
3
Winner is:
5579 5579 5579
Errors (total,f1,f2,f3): 
478.8 451.7 445.4 402 416.3 336.6 510.1 487.3 454.9 432.6 244.7 219.5 221.6 230.8 227.2 244.6 243 279.4 271.3 271.2
8 10.5 10.9 18.9 13.7 14.6 10.4 27.3 9.3 23 6.5 6.1 5.7 9.7 9.7 7.2 4.6 4.5 4.6 5
265 239.6 232.6 228.4 242.4 186.9 310.6 261.1 269 249.2 148.3 138 142 150.3 154.2 166.9 161.1 187.3 175.1 176.1
205.8 201.6 201.9 154.7 160.2 135.1 189.1 198.9 176.6 160.4 89.9 75.4 73.9 70.8 63.3 70.5 77.3 87.6 91.6 90.1
Coefficients are (row-wise by formant):
404 51.5 -44 -1.3 -4.5 -10.8
1568.2 -769.2 -80.1 360.3 13 -246.9
3034.5 -305.3 -198.6 241.8 -5.5 -156.4
