KLH032a_2598 analysis information:
Number of steps:
20
Cutoff frequencies were: 
5000 5053 5105 5158 5211 5263 5316 5368 5421 5474 5526 5579 5632 5684 5737 5789 5842 5895 5947 6000
Number of coefficients for prediction: 
5
Number of formants: 
3
Winner is:
5526 5526 5526
Errors (total,f1,f2,f3): 
36.2 31.8 36.4 47.5 71.6 69.6 69 64.6 59.3 48.4 31.4 34 32.8 32 37.6 43.6 54.3 60.6 522.9 333
6.9 5.8 5 4.9 4.7 4.9 4.9 5 5 5.2 5.1 5.1 5.3 6.4 8.1 11.7 22.6 27.6 201.6 123.7
8.4 8.4 9 9 9.4 10 9.7 8.8 8.3 8 8.3 8.3 8.5 8.6 8.9 9.2 9.4 9.7 110.3 70.2
20.9 17.6 22.4 33.6 57.5 54.7 54.4 50.8 46 35.2 18 20.6 19 17 20.6 22.7 22.3 23.3 211 139.1
Coefficients are (row-wise by formant):
374.7 100.1 36.9 14.2 14.4 8.9
1763.7 110.6 -11.7 6.4 -4 7.1
2505.2 73.4 200.6 -1.3 9.4 -19.4
