KLH032e_0307 analysis information:
Number of steps:
20
Cutoff frequencies were: 
5000 5053 5105 5158 5211 5263 5316 5368 5421 5474 5526 5579 5632 5684 5737 5789 5842 5895 5947 6000
Number of coefficients for prediction: 
5
Number of formants: 
3
Winner is:
5789 5789 5789
Errors (total,f1,f2,f3): 
10376.5 334.4 350 350.4 271.2 376.5 270.9 605.8 356.8 327.9 182.2 191 23 21.6 19.4 18.3 18.7 19.7 20 20.6
7 7.4 5.9 26.5 3.7 22.2 8.8 21.9 11.4 11.7 12.8 14.9 15.1 14.4 13.8 12.7 12.6 12.8 12.8 11.9
125.5 111.3 128.6 132.8 95 130.5 83.6 185.1 108.2 68 67.1 42.5 2.4 2.4 2.2 2 2 2.3 2.2 2.5
10244 215.7 215.5 191.1 172.5 223.8 178.5 398.8 237.2 248.2 102.3 133.6 5.5 4.8 3.4 3.6 4.1 4.6 5 6.2
Coefficients are (row-wise by formant):
598.4 24.7 -49 -6.6 -4.2 7.4
1386.6 97.6 -18 9.7 7.8 2.6
2807 -15.7 102.3 27.2 -4.4 12.9
