KLH032a_1197 analysis information:
Number of steps:
20
Cutoff frequencies were: 
5000 5053 5105 5158 5211 5263 5316 5368 5421 5474 5526 5579 5632 5684 5737 5789 5842 5895 5947 6000
Number of coefficients for prediction: 
5
Number of formants: 
3
Winner is:
5316 5316 5316
Errors (total,f1,f2,f3): 
401.4 46.9 46.8 39.5 36.6 32.7 31.8 36.2 45.1 50.7 59.2 66.1 118.1 165.1 153.1 140.3 126.6 80 79.5 77
72.7 11.3 10.4 10 10.2 10.8 11.4 12.9 14.8 17 23.5 27.2 29.5 33 35.6 36.7 34.5 32.7 31.6 30
146.3 9 8.5 8 7.9 7.8 7.9 8.6 9.8 11.6 14.7 17.2 19.6 22.8 18.1 16.8 15.1 15.1 14.8 14.4
182.4 26.6 27.9 21.5 18.5 14.1 12.5 14.7 20.5 22.1 21 21.7 69 109.3 99.4 86.8 77 32.2 33.1 32.6
Coefficients are (row-wise by formant):
1017.1 -244.8 -78.7 -34 -26 1.6
1803.2 1.8 -29.4 -0.2 -3.4 -5.2
2898.8 -24.8 -37.1 9.4 0.8 -5.1
