KLH032a_0202 analysis information:
Number of steps:
20
Cutoff frequencies were: 
5000 5053 5105 5158 5211 5263 5316 5368 5421 5474 5526 5579 5632 5684 5737 5789 5842 5895 5947 6000
Number of coefficients for prediction: 
5
Number of formants: 
3
Winner is:
5000 5000 5000
Errors (total,f1,f2,f3): 
76.5 80 117.5 243.5 269.5 258 203.5 176.4 137.3 117.7 107.4 103 102.3 104.8 101.6 100.2 95.8 92.4 87.9 85.2
14.6 15.3 16 16.4 17.5 18 18 17.8 18.2 18.9 17.3 16.8 16.4 16 15.1 14.3 13.4 12.9 12.3 11.8
12.5 14.9 16.3 22.4 21.1 34.2 25 25.5 20.7 19.1 18.8 18.6 19.8 20.3 19.5 18.8 17.9 17.8 18 19.2
49.4 49.8 85.2 204.7 230.9 205.8 160.5 133.1 98.4 79.7 71.3 67.6 66.1 68.5 67 67.1 64.5 61.7 57.6 54.2
Coefficients are (row-wise by formant):
639.8 -5.3 -67.5 -19.4 -13.4 -2.2
1744 406 24 80.1 -21.2 22.3
2899.6 -114.5 -138 17.8 -91.1 23.5
