KLH032a_1971 analysis information:
Number of steps:
20
Cutoff frequencies were: 
5000 5053 5105 5158 5211 5263 5316 5368 5421 5474 5526 5579 5632 5684 5737 5789 5842 5895 5947 6000
Number of coefficients for prediction: 
5
Number of formants: 
3
Winner is:
5789 5789 5789
Errors (total,f1,f2,f3): 
291.9 374.4 429.2 375.1 333.5 123.8 123.7 125.7 125.1 124.7 116.4 114.6 106.3 72.2 54.1 45.2 50.9 49.8 47.7 45.6
46.9 60.2 39.3 23.6 24 33.7 38.6 42.9 47.3 51.7 53.4 54.5 50.6 30.4 21.1 11.1 9.9 7.4 6.7 6.2
57.4 116.7 114.5 80.6 76.8 12.9 13.1 13.4 13.5 13.8 14.3 14.8 14.6 14.6 14.9 13.6 13.1 11.6 10.4 9.9
187.6 197.5 275.4 270.9 232.7 77.2 72 69.4 64.3 59.2 48.7 45.3 41.1 27.2 18.1 20.5 27.9 30.8 30.6 29.5
Coefficients are (row-wise by formant):
553.1 68.4 -76.3 14.2 -41.7 -1.1
1700.1 63.6 16.7 -4 -10 18.9
2972.5 50.2 -1.2 13 -36.7 1.9
