KLH032e_0260 analysis information:
Number of steps:
20
Cutoff frequencies were: 
5000 5053 5105 5158 5211 5263 5316 5368 5421 5474 5526 5579 5632 5684 5737 5789 5842 5895 5947 6000
Number of coefficients for prediction: 
5
Number of formants: 
3
Winner is:
6000 6000 6000
Errors (total,f1,f2,f3): 
206.6 165.8 160.6 127.7 155.4 250.7 272 322.8 299.9 336.4 310.6 254.8 152.8 131.2 121.5 121.1 116.2 102.4 103.4 99.7
38.1 37.9 37.9 38.4 38.4 38.1 37.4 37 36.1 35.5 34.6 38.8 32 31.4 30 29.3 28.6 28 26.5 26.5
78.7 58.7 57.1 51.2 66.2 158.7 173.8 205.6 187.2 217.3 192.3 137.6 45.2 30.5 34.2 41.1 43 42.8 44.8 44.4
89.8 69.2 65.6 38.1 50.8 53.9 60.8 80.2 76.6 83.6 83.7 78.4 75.6 69.3 57.3 50.7 44.6 31.6 32.1 28.8
Coefficients are (row-wise by formant):
436.4 43.6 -3.6 7.7 -17.6 -32.3
2735.4 -293.9 -130.6 -75.4 -49.3 -31.6
3246.3 -182.9 -78.8 -66.2 -32.3 -51.7
