KLH032d_0120 analysis information:
Number of steps:
20
Cutoff frequencies were: 
5000 5053 5105 5158 5211 5263 5316 5368 5421 5474 5526 5579 5632 5684 5737 5789 5842 5895 5947 6000
Number of coefficients for prediction: 
5
Number of formants: 
3
Winner is:
6000 6000 6000
Errors (total,f1,f2,f3): 
207 196.5 189.1 219.3 223.5 230 164.3 123.6 123.4 123 122.7 121.1 120.3 119.7 118.5 116.3 115.9 115.7 111 99.1
8.6 8.5 8.3 8 7.7 7.5 7.3 7.1 7 6.7 6.5 6.3 6.2 5.9 5.8 5.5 5.5 5.3 5.1 5.1
64 61.4 60.3 83.8 83.8 82 80.3 84.4 84.7 83.4 83.5 82.8 82 81.6 80.1 77.9 77.1 75.3 70.4 57
134.4 126.6 120.5 127.5 132 140.5 76.7 32.1 31.7 32.9 32.7 32 32.1 32.2 32.6 32.9 33.3 35.1 35.5 37
Coefficients are (row-wise by formant):
344.3 -60.7 1.1 -12.4 -3.9 -8
914.7 24.9 104.7 23.5 35.6 75.8
3064.2 -74.1 10.9 -73.7 -18.8 6.9
