KLH032e_0479 analysis information:
Number of steps:
20
Cutoff frequencies were: 
5000 5053 5105 5158 5211 5263 5316 5368 5421 5474 5526 5579 5632 5684 5737 5789 5842 5895 5947 6000
Number of coefficients for prediction: 
5
Number of formants: 
3
Winner is:
5158 5158 5158
Errors (total,f1,f2,f3): 
273.8 274.6 251.2 247.5 312.4 392.6 411.9 478.8 488.7 534 496.7 450.9 457.6 546.6 572 596.6 626 622.5 663.3 672.6
16.6 13.9 22 15.2 17.2 14.8 11.4 11 12.5 10.1 9.8 10.5 12.4 9.7 9.3 9 8.4 14.8 11.7 8.2
137 137.9 112.4 114.9 159.4 217.9 236.6 282.6 297.6 340.7 337.7 313.8 330.6 378.9 393.8 400.9 402.8 414.3 440.4 458
120.2 122.8 116.8 117.4 135.8 159.9 163.9 185.2 178.6 183.2 149.2 126.6 114.6 158 168.9 186.7 214.8 193.4 211.2 206.4
Coefficients are (row-wise by formant):
371.5 83.8 -17.8 4.1 4.1 4.3
904.1 -65 265.2 -163.6 82.6 23.5
2702 177.7 108.1 2.7 12.9 -55.8
