KLH032a_2295 analysis information:
Number of steps:
20
Cutoff frequencies were: 
5000 5053 5105 5158 5211 5263 5316 5368 5421 5474 5526 5579 5632 5684 5737 5789 5842 5895 5947 6000
Number of coefficients for prediction: 
5
Number of formants: 
3
Winner is:
5895 5895 5895
Errors (total,f1,f2,f3): 
720.3 803.4 719.1 651.3 648.2 658.1 671.2 626.5 549.6 675.1 561.2 553.5 481.6 281.6 266.8 244.9 229.4 223.4 230.5 234.8
25 23.6 17.5 24.4 21.5 13.5 25.9 20.2 16.3 12.7 17.2 26.7 24.4 13.1 13.6 14.1 14.4 14.8 15.1 15.2
451.4 517 440 410.2 408.7 445 431.9 365 292.3 361.7 257.8 244.9 214.3 96.4 99.5 88.7 81.7 79 77.7 81
243.9 262.8 261.6 216.7 218 199.6 213.4 241.3 241 300.7 286.2 281.9 242.9 172.1 153.7 142.1 133.3 129.6 137.7 138.6
Coefficients are (row-wise by formant):
417.3 -6.2 8 15.4 -1.8 24.8
2345.6 -209.1 -52.2 -96.8 55.1 25.8
3498.4 -195.3 -104.6 19.2 50.3 108.3
