KLH032a_0885 analysis information:
Number of steps:
20
Cutoff frequencies were: 
5000 5053 5105 5158 5211 5263 5316 5368 5421 5474 5526 5579 5632 5684 5737 5789 5842 5895 5947 6000
Number of coefficients for prediction: 
5
Number of formants: 
3
Winner is:
5474 5474 5474
Errors (total,f1,f2,f3): 
59.2 50.9 51.6 57.7 50 44.1 43.6 43.4 36.5 35.5 38.3 45.6 45.4 50.6 47.4 46.4 71 208.4 139.6 71.3
3.5 3.8 4 4.4 4.7 4.7 4.5 4.4 3.7 3.3 3 2.8 2.6 2.5 2.3 2.2 2.1 2.2 2.2 2.2
14.7 13.6 13.3 14.1 14.6 13.8 13.9 13.8 12.9 13.1 14.3 17.2 20 22.5 24.6 25.7 25.6 87.2 36.4 19.5
41 33.5 34.3 39.2 30.7 25.6 25.2 25.2 19.9 19.1 21 25.6 22.8 25.6 20.5 18.5 43.3 119 101 49.6
Coefficients are (row-wise by formant):
373.7 -19.3 3.8 -7 -1.1 0.3
2412.2 320.6 -236.5 107.8 -60.9 16.4
3102.1 296.1 -124.6 16.2 -17 -43.8
