KLH032a_3151 analysis information:
Number of steps:
20
Cutoff frequencies were: 
5000 5053 5105 5158 5211 5263 5316 5368 5421 5474 5526 5579 5632 5684 5737 5789 5842 5895 5947 6000
Number of coefficients for prediction: 
5
Number of formants: 
3
Winner is:
6000 6000 6000
Errors (total,f1,f2,f3): 
185.8 217.9 191.1 140.8 44.7 46.2 48.1 48.9 48.7 48.4 45.5 43.7 42.4 41.5 38.9 38.8 38.7 38.2 37.9 37.8
10.1 9.6 9.6 10.2 10.5 11.7 12.1 12.8 13.2 13.3 13 12.4 11.6 10.8 9.5 9.2 9.2 9.2 9.3 9.7
11 10.2 9.6 8.2 6.9 8.1 9.7 10.2 9.8 8.7 7 6 5.9 6.1 5.8 5.8 5.8 6.1 6.6 7.5
164.7 198.1 171.9 122.4 27.3 26.4 26.3 25.9 25.7 26.4 25.5 25.3 24.9 24.6 23.6 23.8 23.7 22.9 22 20.6
Coefficients are (row-wise by formant):
473.8 13.3 52.7 13 0.3 7.8
836.3 12.1 -1 7.4 6.9 16.1
3059.8 12.1 -8.8 12.1 -25 4.8
