KLH032a_3061 analysis information:
Number of steps:
20
Cutoff frequencies were: 
5000 5053 5105 5158 5211 5263 5316 5368 5421 5474 5526 5579 5632 5684 5737 5789 5842 5895 5947 6000
Number of coefficients for prediction: 
5
Number of formants: 
3
Winner is:
5000 5000 5000
Errors (total,f1,f2,f3): 
82.5 86.4 95.6 102.5 143.4 148 150.1 154.1 157.8 171 173.3 185.9 192.3 189.8 192.1 231.1 235.4 139.2 129.9 149.5
14.1 15.7 18.5 20.3 21.3 21.5 21.1 20.5 19.9 19.5 19.1 18.7 18.5 18.2 18 17.2 17 16.4 16.3 16.4
31.8 29.8 27.3 25 50.8 58.7 50.7 41.2 39.1 41.2 46 49.2 51.5 45 42.8 47.9 41.2 54.7 45.8 38
36.6 40.9 49.8 57.2 71.3 67.8 78.3 92.4 98.8 110.3 108.2 118 122.3 126.6 131.3 166 177.2 68.1 67.8 95.1
Coefficients are (row-wise by formant):
553.1 -15.8 -43.8 11.5 -45.2 10.2
2323.7 -23 38.6 -7.5 -3.3 13.5
2589.2 -1.4 119.4 55.6 55.7 15.8
