KLH032a_1541 analysis information:
Number of steps:
20
Cutoff frequencies were: 
5000 5053 5105 5158 5211 5263 5316 5368 5421 5474 5526 5579 5632 5684 5737 5789 5842 5895 5947 6000
Number of coefficients for prediction: 
5
Number of formants: 
3
Winner is:
5737 5737 5737
Errors (total,f1,f2,f3): 
254.5 263.9 296 300.5 192 172 159.1 148.8 153.8 145.6 125.5 113.1 103.6 101.7 101.2 101.8 107.7 115.4 123.8 135.3
6.4 10.9 9.5 6.2 5.6 5.5 5.4 5.2 5.1 5.3 5.7 5.9 6.5 6.3 6.1 6 5.8 5.7 5.6 5.4
129.8 137.4 181 176.5 75.9 58.6 52.9 49.1 63.1 51.6 44 37.1 36.4 35.8 35.2 35.8 38.4 43.6 48.9 55.3
118.3 115.6 105.5 117.8 110.5 107.9 100.8 94.5 85.6 88.7 75.8 70.1 60.7 59.6 59.9 60 63.5 66.1 69.3 74.6
Coefficients are (row-wise by formant):
351.6 73.3 -23 -22.1 -8.9 -0.2
2414.6 4.2 12.2 -7.6 5.7 -34.5
3184.6 -180.2 92.4 56.2 11.7 17
