KLH032a_1030 analysis information:
Number of steps:
20
Cutoff frequencies were: 
5000 5053 5105 5158 5211 5263 5316 5368 5421 5474 5526 5579 5632 5684 5737 5789 5842 5895 5947 6000
Number of coefficients for prediction: 
5
Number of formants: 
3
Winner is:
5632 5632 5632
Errors (total,f1,f2,f3): 
183.8 174.8 181.1 209.9 192.2 216.6 211.6 218 236.5 228.3 41.1 33.4 32.2 32.5 33.5 34.1 34.6 35.1 35.9 37.3
6.2 6 5.8 5.4 4.9 4.8 4.4 4.3 4.2 4 3.9 3.9 3.9 3.9 4 4 4.1 4.1 4.2 4.4
85.6 81.7 81.8 107.8 95.3 128.5 136.4 145.6 166.6 144.8 20.9 16.7 15.1 15.2 15.8 16.3 16.9 17.4 17.9 18.7
92 87.1 93.5 96.7 92 83.3 70.8 68.1 65.7 79.5 16.3 12.8 13.2 13.4 13.7 13.8 13.6 13.6 13.8 14.2
Coefficients are (row-wise by formant):
421 -48.3 -21 0.6 -5.7 3.6
2402.9 -159.1 55.8 -25.9 -10.9 -3.8
2900.2 -165.1 56.3 -0.4 -7.2 -13.5
