KLH032a_0567 analysis information:
Number of steps:
20
Cutoff frequencies were: 
5000 5053 5105 5158 5211 5263 5316 5368 5421 5474 5526 5579 5632 5684 5737 5789 5842 5895 5947 6000
Number of coefficients for prediction: 
5
Number of formants: 
3
Winner is:
5000 5000 5000
Errors (total,f1,f2,f3): 
15.7 16.9 16.7 17.2 17.4 17.9 18.2 18.9 19.2 20.2 21.6 23.2 26.7 41.3 52.7 56 41.5 31.9 23.7 18.6
5.1 6.6 7.1 8.6 8.9 9.1 9.3 9.5 9.4 9.4 9.1 8.9 8.4 6.3 5.3 4.5 4 3.6 3.3 3.1
6.6 6.5 4.9 4.5 4.3 5.1 5.7 6.4 6.9 7.8 9.6 11.4 14.5 28.1 33.3 32.5 21.9 14.8 9.9 7.5
4 3.8 4.7 4.1 4.2 3.7 3.2 3 2.9 3 2.9 2.9 3.8 6.9 14.1 19 15.6 13.5 10.5 8
Coefficients are (row-wise by formant):
629.5 -17.2 -61.6 -27.5 -22 -2
2140.5 -61.7 -5 -73.1 -43.4 2.4
2768.7 31.6 9.3 -16.9 -11.8 -10
