KLH032a_2853 analysis information:
Number of steps:
20
Cutoff frequencies were: 
5000 5053 5105 5158 5211 5263 5316 5368 5421 5474 5526 5579 5632 5684 5737 5789 5842 5895 5947 6000
Number of coefficients for prediction: 
5
Number of formants: 
3
Winner is:
5368 5368 5368
Errors (total,f1,f2,f3): 
76.4 76.9 76 77.3 76.3 117.7 75.4 74 74.7 74.1 74.7 77.3 80.9 85.9 90.9 97 101.7 101 97.8 94.2
23.6 23 22.6 22.6 21.4 20.7 19.8 18.7 18.5 17.2 16.6 16.4 18.1 20.6 24.9 30.4 36.9 37.6 37.1 35.8
15.2 15.9 15.9 16.7 16.1 45.9 15.9 15.9 16.7 16.9 17.4 18.6 19.3 20.1 19.2 20.2 19.7 19.8 19.8 19.7
37.6 38 37.5 38 38.8 51.1 39.7 39.4 39.5 40 40.7 42.3 43.5 45.2 46.8 46.4 45.1 43.6 40.9 38.7
Coefficients are (row-wise by formant):
940.4 201.8 -103.4 -11 23.5 18
1899.7 -300.7 79.6 -61.7 -2.3 -1.8
2748.3 -60.9 10.9 -50.3 25.5 -34.1
