KLH032d_0045 analysis information:
Number of steps:
20
Cutoff frequencies were: 
5000 5053 5105 5158 5211 5263 5316 5368 5421 5474 5526 5579 5632 5684 5737 5789 5842 5895 5947 6000
Number of coefficients for prediction: 
5
Number of formants: 
3
Winner is:
5000 5000 5000
Errors (total,f1,f2,f3): 
27.4 27.4 27.6 29.7 34.2 36.2 35.3 36.4 37.8 36.1 36.1 34.6 33.1 31.2 30.2 29.2 27.5 29.9 36.9 48.3
3.6 3.6 3.5 3.4 3.3 3.1 3 3 3 3 3 3 2.9 2.8 2.7 2.6 2.5 2 2.4 5.2
5.4 6.4 6.9 7.5 7.7 6.7 6.7 6.6 6.5 6.8 6.8 6.7 6.5 6.3 6 5.7 6.7 7.8 11.4 16.9
18.4 17.4 17.2 18.8 23.2 26.4 25.6 26.8 28.3 26.3 26.3 24.9 23.7 22.1 21.5 20.9 18.3 20.1 23.1 26.2
Coefficients are (row-wise by formant):
513.1 -40.4 -32.2 -22.1 -11 -4.1
982.9 9.1 -30 -12.9 -2.8 -15.4
2494.3 23.2 4.6 -38.5 3.1 39.6
