KLH032a_3270 analysis information:
Number of steps:
20
Cutoff frequencies were: 
5000 5053 5105 5158 5211 5263 5316 5368 5421 5474 5526 5579 5632 5684 5737 5789 5842 5895 5947 6000
Number of coefficients for prediction: 
5
Number of formants: 
3
Winner is:
5105 5105 5105
Errors (total,f1,f2,f3): 
37.8 37.4 34.4 37.7 36.5 144.9 39.1 99.4 84 82.2 94.4 95.4 97 91.4 87 73.2 65 53.7 43.2 39.8
11.7 11.6 7 5.2 5.5 4.5 5.5 5.5 5.3 4.9 5 5.1 5.4 5.6 6 6.4 6.9 6.5 6.7 6.5
6.6 6.4 6.5 7 8.9 9.5 9.8 11.6 12 11.3 11.6 10.7 10.2 9.7 8.8 8.4 8.3 7.4 5.4 6
19.5 19.4 20.9 25.5 22.1 130.9 23.8 82.3 66.7 66 77.8 79.6 81.4 76.1 72.2 58.4 49.8 39.8 31.1 27.3
Coefficients are (row-wise by formant):
556.9 40.1 -112.4 10.2 -42.7 23.6
1745.7 -36.8 -3.8 -15.4 -2 3
2710.8 -8.8 -127.4 -55.4 92.1 58.2
