Regression analysis information for: KLH063c_0698
number of formants: 3
number of coeccicients: 5
6.8 38.9 127.1
446.5 -15.6 -147.2 29.1 23.6 -15.1
1240.4 46.5 -65.7 32 75.2 60.9
2020.4 -312.7 -348.9 -177 86.2 166.9
7.5 30.8 119.8
425.5 -0.3 -123.8 7.5 28.8 -7.1
1215.3 44.8 -44.9 61.3 104.2 39.3
1940.4 -317.6 -370.8 -44.6 237.9 105.4
8.1 26 108.5
417.5 4.5 -107.7 -0.2 22.2 -1.3
1212.2 51.6 -34.9 58.9 115.3 57
1929.6 -283.7 -374 -80.6 293.6 129.1
7.6 28.9 148
414 6 -99.9 -3 17.2 -0.8
1168.8 4.4 -11 117.4 176.6 86.2
1838 -319.8 -226.6 -7.9 294.4 74.8
7.3 48.6 226.4
413.2 6.5 -93.8 -2.3 13 -1.9
1250.3 118.4 -9.4 10.2 33.1 -8.8
1939.1 -58.4 39 -109.4 -178.3 -303.7
6.4 11 153.6
414.9 6.6 -92.7 -3.7 9.1 -2
1272.1 134.8 -21.2 -31.1 1.2 -0.1
2027.5 -19.6 -7.3 -250.6 -283.7 -255.8
5.7 7.9 152
416.5 5 -93.5 -2.3 7.6 -2.1
1277.4 133.3 -16.8 -25.9 -0.8 0
2067.1 -43.9 -16.2 -232 -287 -231.5
4.9 2.5 94.2
420.6 6.6 -94 -1.7 5.2 -2.9
1287.5 138 -9.2 -17.1 1 1.4
2261 123.5 9.3 -213.5 -223.6 -81.1
4 2.4 86.4
422.6 3.1 -97.4 2.7 5 -3.7
1293.1 131.8 -13.2 -11 -1.3 -0.6
2328.9 86.8 -48.1 -145 -219.2 -89.4
2.4 2.3 65.4
425.2 -1.4 -100.7 10.4 5.4 -4.2
1299.4 124.3 -16 -3.7 -3.4 -1.8
2385.1 75.8 -109.2 -104.3 -171.7 -109.5
1.9 2.6 67.3
427.5 -5.5 -103.9 17 3.8 -5.5
1303.7 119.3 -18.6 1.6 -4.4 -2.9
2416.6 82.4 -136.4 -96.1 -129.4 -96.6
4.4 3.1 6.5
434.1 -9.2 -111.7 27.1 1.9 -8.8
1310.9 115 -24.3 8.3 -3.5 -5
2491.6 193.5 -43 -7.5 -12.2 13.6
6.5 3.5 7.3
437.6 -10.2 -117.6 32.6 2.9 -12.6
1314.1 115 -28.6 11 -0.7 -7.3
2492.1 189.8 -41.1 -6.8 -15.2 12.4
4.7 2.6 7.4
433.5 -9.2 -117.7 29.6 8.7 -12.1
1311.5 114.5 -29.9 10.3 3 -7.6
2494.4 191.3 -41.9 -5.2 -15.9 10.9
2 1.8 7
430.3 -6 -116.7 27.6 11.8 -9.1
1310.3 114.8 -28.7 9.1 6.6 -5.1
2497 187.8 -40.3 -6.7 -15.5 9.8
1.5 1.6 6.6
429.1 -4.9 -117.8 27 12.7 -8.5
1309.6 114.1 -29.6 8.2 8.1 -4.4
2498.9 186.2 -39.6 -6.5 -14.6 9.9
2.5 2 5.1
425.9 -1.8 -115.8 23.8 13.6 -5.6
1307 115.3 -27.3 5.1 9.7 -2
2498.2 186.7 -37.4 -10.1 -11.5 11
3.1 2.3 4.9
423.5 -0.2 -116.7 24.4 12.6 -5
1304.9 113.8 -27.1 4.2 9.3 -2
2497.9 185.4 -34.8 -12.5 -9.4 11.8
4.1 2.7 3.6
421.2 2.7 -119.4 25.9 11.7 -5.6
1303.5 112.1 -28.4 3.6 8.5 -3
2498.8 181.2 -32.6 -14 -8.8 13.4
4.2 2.8 4.1
419.9 3.4 -118.5 25.6 9.9 -3.5
1301.7 111.2 -27.8 1.8 6.6 -2.9
2494 182.4 -29.5 -19.8 -8 14
winner is: 17
