Regression analysis information for: KLH063a_4758
number of formants: 3
number of coeccicients: 5
4.6 36.4 13.7
278.3 -8.3 4.3 -2.2 6.2 -0.4
1498.6 58.1 75.4 64.3 -32.1 25.3
2279.4 -3.3 38.4 32.4 -9.6 3.7
7.4 53.9 32.4
277.4 -11.3 1.5 -5.4 3.4 -3.3
1570.3 139.6 141.5 114.5 17.4 63.5
2295.3 18.6 61.7 54.9 15.9 24.9
7.6 42.9 35.2
278.3 -11.4 1.6 -5.9 3.4 -3.7
1642.2 190 170.1 118.4 23.2 55.1
2296.3 8.6 55 49.6 16.6 22.4
12.8 39.6 47.1
276.5 -17.1 -3.9 -11.5 -1.9 -9
1736.2 248.2 188.2 117.6 7 33
2329.6 63.4 108.9 100.8 62.9 55.9
123.9 40.5 79.5
345.3 114.5 130.2 117.5 127 113.3
1818.8 247.1 212.7 162.7 14.2 28.3
2383.7 160.4 198.9 173.9 121 90.5
14.8 54.2 45.5
277.6 -20.9 -6.3 -13.8 -4.2 -11.2
1927.6 159.5 111.2 130.1 -28.5 14.4
2365.6 129.6 161 115.8 58.5 19.8
10.5 83.1 91.9
281.2 -17.4 -2.1 -9.3 0 -7.2
2108.7 28 29.8 167.1 -39.2 42.9
2428.8 82.4 134.5 189.3 13.3 -49.8
8.1 67.5 112.3
283.6 -15.3 0.3 -6.5 2.4 -4.6
2166.7 29.4 -4.9 117.6 -53.3 76.9
2642.3 -45.9 -28.3 278.8 52 -4.5
8.2 50.4 104
284.2 -16 0.2 -6.5 2.2 -4.8
2184.9 28.1 7.2 77.1 -60.3 63.6
2637.4 -35.7 8.9 268.1 13.6 -46.2
7.3 33.9 81.6
285.2 -15.1 0.9 -5.7 3 -3.8
2202.1 33.4 -5.5 46.9 -57.1 77.3
2688.9 5.3 -32.6 188.1 -29.3 -26.8
7.6 28.7 52.6
285 -15.3 0.1 -6.9 2.5 -4.2
2206.8 20.5 9.5 42.4 -46.6 65.1
2757.6 41.9 -104.9 91.9 -38.7 41.1
7.9 25.1 51.3
284.8 -15.6 -0.4 -7.7 2.2 -4.6
2211 11.4 18.3 36.8 -39.2 57.4
2760.1 36.9 -105.8 96.5 -33.5 38
8.2 22.1 54.4
284.5 -16.2 -1 -8.8 1.4 -5.2
2220.6 -5.9 38.3 19.4 -23 42.7
2764.3 33.3 -102.2 88.6 -26.9 38.4
10.1 17.6 56.2
283.2 -18.8 -3.7 -11.5 -1 -7.4
2227.1 -13.8 50.6 9.2 -10.7 33.2
2780.1 12.3 -83.1 59 1.7 25.2
9.7 16.3 59.9
283.3 -18.7 -3.5 -11.5 -1 -7.2
2227.4 -13 52.3 6.6 -10.9 32.9
2804.4 -33.9 -35.8 11.6 31.4 4.6
11 16.1 49.7
282.1 -20.9 -5.9 -13.4 -3.1 -8.9
2228.6 -9.7 54.3 7 -9.4 34.3
2819.2 -55.7 -15 -15.1 52.9 -5.7
10.5 17.1 45
282 -21 -6.1 -13.1 -3.1 -8.6
2230.8 -10.5 54.7 10.2 -8 33.8
2830.8 -71 -12.3 -15.8 60.5 -8.3
16.5 17 38.7
277.6 -29 -14.5 -20.6 -10.9 -15.6
2235.1 -7.8 58.1 16.3 -6.1 33.3
2837.7 -86.7 0.8 -6.9 51.2 -11.7
128.4 35.8 82.2
348.2 109.1 125.1 114.4 124.3 113.1
2256 22.4 90 53.3 22.2 55.8
2877.4 -45.6 78.5 74.9 92.4 37.8
129.9 34.1 79.9
345 103.8 119.3 109.6 120.3 110
2264.2 25.2 92.1 63.3 24.5 52.2
2898.1 -61.6 71.2 89.9 93.3 42.6
winner is: 1
