Regression analysis information for: KLH063b_0059
number of formants: 3
number of coeccicients: 5
6 2.3 6
470 -7.6 -27.7 6.4 -8.2 6.3
1344.2 100.7 -18.5 0.9 4.9 0.5
2419.2 30.6 -6 3.4 12.3 -1.2
5.8 2.3 6.4
467.5 -7.9 -28.6 6 -7.5 7.1
1342.6 101.3 -20.2 0.2 5 0.3
2423.5 32.7 -6.3 2.6 12.3 -2
5.6 2.3 7.4
463.5 -8.7 -25.5 6.6 -8.5 7.2
1339.9 101.7 -19.8 -0.8 4.2 0.3
2426.3 35.5 -8.9 0.7 12.5 -3.3
6.2 3 13.4
457.6 -7.9 -21.8 8 -7.3 8
1332.6 106.2 -17.9 -1.1 4.9 2.1
2411.3 55 -18 -0.9 16 -11.1
6.4 3.5 10.2
456.9 -8.5 -20.4 8.5 -7.6 8.2
1331.6 105.4 -15.7 -1.2 4.5 2.8
2402.9 48.5 -8.7 3.7 14.1 -8.3
6.3 3.4 8.4
457.4 -9.4 -19.9 8.4 -7.4 8.3
1332.4 103.3 -14.6 -1.4 4.7 2.9
2400.7 35.2 -2 6.5 16.2 -4.5
6.5 3.4 6.6
458.4 -10.1 -19.1 8.1 -7.1 8.5
1334.1 101.7 -12.7 -2.1 5.5 3.3
2405.2 25.4 7.6 4.8 19 -0.6
6.7 3.4 3.7
460.1 -10.9 -18.8 7.9 -7 8.9
1337.1 99.4 -11.2 -2.4 6 3.3
2419.3 16 12.9 -0.8 18.1 3.3
7 3.5 4
462.2 -12 -18.4 7.7 -7.1 9.1
1340.7 96.8 -9.9 -2.6 6.4 3.4
2436.3 8.2 15.7 -6 15.4 7.2
7.3 3.8 6.5
464.7 -13.3 -18.3 7.6 -7.3 9.6
1345 94.4 -9.2 -2.4 6.3 3.8
2455.9 2.4 14.4 -10.4 10.5 11.8
7.7 4.1 8.7
467.8 -14.9 -17.9 7.7 -7.6 10.1
1350.1 92.1 -8.7 -1.9 6.3 4.2
2477.7 -1.2 11 -14.8 5.3 15.2
7.9 4.5 10.2
471.1 -16.6 -17.8 8.1 -8.3 10.6
1355.3 90.3 -8.4 -1.3 6.1 4.6
2499.7 -3.4 4.5 -17.8 -0.3 17.4
8.7 5 10.8
474.3 -18.2 -17.9 9.2 -9.5 11.3
1360.3 89.2 -8.5 -0.4 5.9 5
2520.6 -5.8 -3.3 -18.4 -3.9 17.5
9.4 5.8 10.8
477 -20.2 -17.4 11 -11.3 11.8
1364.6 89.5 -8.5 0 6 5.4
2539.9 -8.4 -11.6 -16.9 -6.9 16.2
9.8 6.8 10
478.7 -22.6 -16 13.4 -13.7 12.2
1367.4 91.2 -8.2 -0.2 6.1 5.7
2556.1 -11.4 -19 -13.8 -9.9 14.5
11 9.2 9.3
478.3 -25 -13.6 17 -17.8 13.2
1367.4 95.6 -6.9 -2.1 7.5 6.9
2570.4 -14.8 -26 -9.1 -11.6 12.2
12.6 13.5 8
473.8 -26.6 -7.1 19.9 -23.3 14.3
1363.2 103.8 -3.1 -8.9 11.5 9.3
2582.4 -17.2 -32.8 -4.4 -13.6 10.2
22.3 21.3 6.4
454.1 -16.7 14.4 4.9 -21.9 20.9
1353.8 116.2 5.2 -22.7 18.4 14.8
2590.7 -17.9 -38.7 -1.2 -14.1 8.1
122.2 136.3 68.3
564.3 -140.4 -109.7 224.3 -114.5 -111.2
1433.4 58.4 -128.3 117.8 36 -134.9
2627.6 -38.7 -97.7 50.3 8.8 -56.6
138.7 125 68.8
584.3 -160 -153.3 266.7 -80.7 -167.7
1484.8 20.9 -178.9 170.8 31.8 -122.9
2633.7 -27.6 -109.1 35.4 35.7 -35.4
winner is: 8
