Regression analysis information for: KLH063a_0609
number of formants: 3
number of coeccicients: 5
2.7 14.1 100.4
609.7 -36.8 4.1 27.1 3.9 -2.9
1335.4 150 49.4 14.7 2.8 13.7
2343.9 -106 16.7 42.3 81 82.9
3.1 6.8 5.7
612.2 -32.7 3.9 25.9 4.1 -2.5
1340.3 159.3 52 12.1 -4.4 5.3
2395.9 -24.9 44 7.1 -9.6 -14.5
3.7 7.1 4.8
613.2 -30.4 3.3 24.6 4.5 -1.3
1341 162.1 52.4 12.7 -3.7 5.5
2398.5 -22 47.9 13.2 -7 -13
4 7.5 4.7
612.2 -30.4 5.1 25.9 5.4 -0.6
1341 163.1 53.4 13.2 -2.7 6.4
2402.3 -16.9 48.9 15.8 -5.1 -11.5
3.6 7.5 5.4
612.1 -29.1 6.7 27.1 6.3 -1
1341.7 165.8 54.9 14 -1.9 6.2
2404.5 -11.4 49.5 19 -2 -9.5
2.5 7.7 7.5
608.1 -30.3 12.3 30.3 5.5 -3.1
1338.8 165.6 58.8 15.1 -2.3 5.7
2404.7 -5.1 49.7 17.7 0.2 -9
1.7 7.2 9.5
605.9 -30.9 15.1 31.4 4.3 -5.1
1336.7 165.2 61.8 15.2 -3.9 3.8
2400.3 -1.3 53.7 13.2 -0.1 -11.1
1.6 7.4 9.7
604.6 -32.7 16.1 33 5.6 -4.3
1334.8 162.1 62.9 16.7 -2.3 5.3
2398.4 -4.4 58.9 10.3 -2.9 -8.3
1.2 8 11.6
603.7 -35 16 34.1 6.1 -4.4
1332.6 156.4 61.8 17.5 -0.8 6.4
2396.4 -17.6 57.7 8 -4.5 -9
1.2 8.1 12.1
604.1 -36.2 16.6 36 7.7 -3.7
1332.8 153.5 63.1 20.4 2.3 7.8
2402.2 -26.4 61 13.4 -0.5 -5.8
1.4 7.5 11.1
604.8 -37.2 17.8 38.7 9.1 -3.3
1333.9 151.1 65.3 24.5 6.1 9
2409.5 -35 66.7 24.5 6.6 -2.3
1.4 7.3 9.9
606.9 -36.8 18.7 40.4 10.4 -2.4
1337.4 152.1 67.8 26.9 8.1 9.6
2421.9 -36.1 72.3 33.5 13.2 2.1
1.5 6.9 9.7
609.9 -35.9 19.8 42.2 11.3 -1.6
1342.6 154.9 70.8 28.5 8.9 9.6
2438.1 -34 78.6 42.2 17.6 6.4
1.6 6.8 10.4
613.2 -34.5 21.3 43.9 12.2 -0.6
1348.3 158.7 74.6 30.2 9.3 9.3
2455.1 -29.4 86.5 50.5 21.7 11.2
1.9 7 11.5
616.7 -33.3 23.4 46.4 13.3 0.4
1353.8 162.2 78.9 32.8 10.1 8.9
2471 -25.1 96.2 61.7 26.5 15.3
2.3 7.6 13.2
620.8 -31.6 25 48.2 14.1 1.5
1360 166.6 82.5 33.7 10 8.2
2488.9 -17.6 103.7 69.5 31.4 21
2.7 8.6 14.5
625.1 -29.3 27.3 50.4 15 2.4
1366.4 172.4 86.8 35 9.6 7.1
2506.3 -7.1 113.9 78.8 36.4 26.2
3.3 9.6 14.9
628.3 -27.9 28.2 51 15.1 2.7
1370.8 176 89 34.6 8.5 5.3
2517.9 -0.5 118.5 81.8 39.2 28.8
4.6 11.4 15.3
632.5 -26.5 27.7 51.2 15.2 2.6
1376.7 180.9 90.9 33.7 7.2 3.2
2534.7 9.4 120.8 86.5 45.5 33.8
6.1 13.1 14.4
637.3 -26.8 25.8 51 14.3 0.8
1382.6 184.9 92.3 31.8 4.5 -0.8
2549.5 8.6 115.1 86.8 45.1 30.1
winner is: 2
