Regression analysis information for: KLH063c_0623
number of formants: 3
number of coeccicients: 5
12.5 22.3 47.3
504.9 62.2 2.3 3.1 13.5 -15.1
869.5 -10.6 28.1 2 25.1 4.4
2099.3 138.9 -41.2 -62.7 128.4 16.3
13 22.4 40.7
511.1 61.4 -3.8 4.9 18 -16.7
870.8 -14.3 26.4 3.8 27.3 3.8
2120.4 120.7 -33 -68.5 133.5 8.4
11.1 20.2 40.2
509 54.5 -4.3 6.3 19.9 -13.9
868.6 -19.7 28.4 4.4 26 4
2132.9 97.5 -26.4 -65.9 143.3 15
10 20.3 37.3
509.6 50.6 -5.2 5.8 16.7 -15.2
868.2 -23 29.3 4 23.8 4.3
2146.9 80.1 -22.6 -64.5 141.9 14.4
8.4 20.3 35.3
507.2 44.6 -5.5 2.3 10.9 -15.3
867.4 -25.4 31 2.9 21.7 4.5
2152.8 59.9 -24.3 -70.9 139.3 11
8.9 21.3 31.7
507 44.1 -0.7 1.2 3.7 -17.8
867.3 -27.1 32.4 3.1 21.2 5.9
2160.1 49.9 -17.6 -75.2 131.4 5.8
10.3 22.5 30.4
510.7 44.2 0 0.3 -4.9 -21.7
866.9 -29.7 33.1 4.2 22.1 8.7
2172.5 38.7 -17.3 -77.5 113.6 2.1
11 23.9 32.6
511.9 45.8 8.2 0.9 -17.1 -26.2
866.6 -32.6 32.1 5.4 25.3 13.4
2174.5 30.7 7.1 -73.5 85.7 2
15 27.2 31.5
518.3 49.8 10.7 -0.1 -26 -31.9
864.5 -37.6 31.2 7.9 31 19.7
2186.7 24.3 17.1 -72.2 75.3 3.4
15.8 29.2 30.1
526.4 54.9 13.4 -0.8 -33.6 -35.3
862 -43.1 29.7 9.3 35.2 24.5
2204.5 20.4 24.7 -73.4 65.4 7.2
17.1 30.9 29.8
535 57.1 15.7 4.6 -37.5 -36.8
859.2 -47.2 28 7.5 36.5 28.3
2222.8 12.7 29 -65.3 61.4 13.8
17.5 31 30.3
547.2 62.3 17.7 8.6 -41.3 -35.7
853.2 -53.8 26.6 5.7 37.6 29.6
2247.4 9.4 32.6 -62.1 55.5 21.9
18.3 30.8 30.5
559.4 69.5 18.1 13 -41 -32.1
844.7 -61.6 25.9 3.2 36.3 28.3
2267 17.2 30.1 -59.7 53.7 27.5
17.1 28.8 34.6
570.3 79 21.6 9.6 -35.7 -21
835.1 -74.8 23.4 5.6 33 20.6
2287.3 16.9 38.9 -69.3 56.4 34.9
19.1 28.2 37.4
584.4 77.3 12.1 10.1 -29.3 -2.5
818 -87.1 30.1 8.8 29.5 10.2
2310.9 11.9 41.1 -68.6 57 45.7
31 28.4 42
584 52.7 -9 11.9 -9.2 26.3
800.4 -96.9 41.9 13.8 22.8 -0.2
2330.5 3.4 40.3 -68.8 65.3 59.4
64.6 170.7 182.6
558.6 -2.2 -47.2 13.8 -1.4 29.5
868.8 25.9 82.8 -71.1 -140.8 -153.9
2421.9 139 51.3 -158.1 -89.4 -111.5
30.7 228.6 232.7
584.6 50.5 19.7 57.8 -34.5 -54.1
1085.7 423.9 342.6 9.6 -214.9 -310.9
2673.6 547.9 307.2 -97.6 -182.9 -292.4
84.4 296.8 251.2
556 -17.3 -32.2 4.4 -58.1 -9.5
1191.4 445 31.6 -408.6 -306.7 20.6
2743.4 501.9 54.2 -420.7 -227.1 -3.6
94.2 396.9 308
557 -9.5 -18.3 -1.5 -31.8 47.6
1189.3 383.7 -15.2 -200.5 222.5 484.9
2705.7 391.4 33.5 -206.2 283.9 423.2
winner is: 6
