Regression analysis information for: KLH063a_0145
number of formants: 3
number of coeccicients: 5
16.8 74.3 10117
472.5 -10.2 15.5 16.4 3.2 -9.8
919 26.3 175.1 -44.3 -7.6 45.2
1936.5 -130.8 65.7 54.2 -2.4 114.8
15.9 154.4 222.1
480.4 -9.3 12.6 17.5 -0.3 -9.6
1014 96.8 107.6 -70.2 -2 -27.6
2074.3 -33.3 28.7 18.8 -25.6 89.6
18.6 189.2 249.4
485.7 -9.7 14 18.3 -5.3 -5.8
1068.3 122.2 47.8 -68.9 39.7 -81.8
2211.4 60.5 23.5 34.4 -10.5 42
18.7 177.3 234.8
492 -10.8 11.7 18.2 -4.3 -2.2
1107.3 158.1 30.5 -86 35 -114.2
2309.8 110.9 6.9 -15 -33.7 63.3
23.3 180.3 189.5
493 -9 13.3 14.5 -1.3 -1.1
1132.7 167.7 4.8 -95.4 57.8 -109.5
2392.6 167.1 -28.1 -53.1 -35.6 84.8
24.9 176.4 142.4
502.2 -20.7 12.7 23.6 -12.8 6.9
1138.5 162.1 22.7 -107.5 29 -75.2
2446.7 173.2 -0.7 -56.6 -115.7 92.8
29.6 178.4 156.2
502.3 -20.7 11.4 20.7 -3.9 0.9
1145.9 163.5 15 -122.5 48.3 -58.2
2458.6 156.6 9.8 -47.3 -111.9 99.1
29.3 191.6 137.6
514 -36.4 8.9 35.6 -17 4.3
1156.3 148.6 23.3 -117.1 33.8 -42.4
2483.1 146.4 20.9 -43.7 -145.6 78.9
30.4 205.8 135
514.4 -39 10.2 33.5 -10.9 0.5
1167.3 151.5 2.8 -144.4 79.1 -11
2528.3 155.1 -33.8 -86.1 -83.6 116.9
31.4 181.1 90.4
514.1 -40 13.3 28.4 -4.9 -0.8
1286.2 67.7 -167.6 34.1 111.1 -184.7
2631.5 86.6 -160.9 46 -60.9 -18.3
30 165 48.8
528.7 -57.8 6.9 49.5 -19.4 -1.8
1367 -33.6 -213.5 175.4 8 -195.5
2672.7 48.8 -175 94.9 -86.1 -46.5
30.2 137.1 48.7
531.5 -62.9 9.5 49.4 -18.5 -1.8
1348.5 -26.6 -195.4 144.7 53.4 -198.8
2674.7 28 -169.3 77.8 -70.5 -42.3
30.3 143.6 50.6
534.3 -67.4 13 48.9 -18.7 -0.8
1354 -36.7 -189.6 143.4 62.6 -204.8
2679.7 14.5 -165.9 69.5 -55.9 -39.8
30.9 148.3 50.2
536.3 -70 15.7 47.7 -17.5 -0.7
1358.7 -43 -185.4 148.1 70.2 -209.5
2689.5 16.5 -158.1 67 -52.7 -47.9
32.2 152.6 49.8
537.8 -71.7 18.4 45.7 -15.9 -0.6
1357.3 -39.4 -185.4 142.9 87.1 -218.7
2697.3 15.3 -155.7 64.6 -45.8 -48.6
32 154.9 52.5
536.8 -70.3 20.6 43.9 -15.5 0.4
1355.1 -36.2 -183.4 150.7 79.8 -221.4
2701.5 20.2 -154.7 67.7 -44.9 -50.6
31.8 156.1 57.4
534.8 -67.3 22.9 41.6 -16.8 4.2
1345.7 -24.8 -170.9 139.6 73.6 -214.5
2702.1 21.4 -152.4 67.6 -46.5 -46.4
33.4 191 88.2
533.4 -63.9 25.1 39.3 -17.5 8.2
1344.5 -16.2 -162.1 134.4 64.1 -203.4
2724.7 14.4 -157 96.2 -72.3 -52.2
36.7 178.3 65
528.7 -55.9 28.1 31.7 -13.2 10.6
1311.6 30.7 -126.6 63.7 94.1 -177.8
2716.3 44.5 -139.5 60.6 -55 -47.9
39.1 181.6 65.7
526.2 -48 24.7 34.4 -13.7 8.2
1285.9 57.2 -79.6 28.4 68.3 -134
2718.2 56.7 -128.4 59.7 -63.3 -44.2
winner is: 12
