Regression analysis information for: KLH063a_3152
number of formants: 3
number of coeccicients: 5
11 37.7 111.4
476.1 79.8 18.7 8.5 1.4 16
1132.6 142.2 154.2 -29.4 -36.3 -49.9
2002 439.7 289.6 -115.5 -143.6 -64.4
11.2 40.7 119.9
477.4 77.8 16 7.9 2.8 17.5
1136.7 133.6 157.8 -18.3 -33.7 -64.2
2060.8 329.4 384.3 -180.8 -97.3 -108.3
11.1 41.1 111.4
478 73.4 11.7 6.7 3.6 19.2
1162.8 135.1 121.8 -41.9 -17.7 -35.8
2139.4 253.1 417.5 -242.8 -99.6 -30.6
11.1 47.2 111.4
477.7 67.6 7 7.1 6.1 21.6
1164.8 115.2 109.3 -24.9 -7 -47.6
2173.8 193.8 458.8 -228 -158.3 23.7
10.6 65.8 109.4
473.3 56.6 1.3 9.9 9.3 22.7
1151.4 67.4 66.8 -23.1 28 -3
2223.5 170.7 434.9 -240.9 -194.4 115.3
8.8 39.4 119.8
471.5 50.1 -3.1 12.7 11.5 22.9
1182.1 39.2 -42.3 -15 131.1 26.6
2378 151.3 187.1 -246.3 -15.8 215.1
8.2 32 119.2
473.5 46.7 -10.5 11.8 12 22.9
1187.3 21.4 -73.8 -8.2 128.7 9.1
2420.4 105.5 117.8 -181.2 -5.8 174.5
8.4 27.3 58.4
475.6 45.5 -13.8 13.1 11 21.3
1197.2 19.4 -86.5 -1.8 120.8 -2.4
2507.9 40.4 -13.6 -46.8 7.3 47.1
9.2 27.7 17.1
476.7 45.2 -13.5 16.3 10 17.9
1204.3 21.6 -86.3 6.7 116.1 -15.4
2536.1 26.2 -47.2 -3.5 2.2 2.4
9.5 28.5 21
476.4 45.6 -10.1 19.8 7.7 13.6
1208.3 25.3 -79.5 16.2 111.5 -30.2
2540.2 33.8 -43.6 -4.3 3.2 3.7
9.9 29.2 24.7
475.7 46.8 -5.7 22.5 6.2 10.4
1208.5 28.7 -66.6 25.8 106.8 -45.6
2544 37.1 -39.9 3.4 6.1 -2
9.7 27 27.6
475.7 49.1 -1.6 24.2 4.9 8.3
1209.3 34.9 -53.2 31.7 101.5 -56.7
2548.6 41.9 -35.9 9.9 8.2 -6.1
8.7 22.3 29.2
475.5 51.9 3.6 25.1 3.7 7.8
1207.2 40.9 -34.2 34.3 94 -62
2554.1 45.2 -34.4 16.3 14.3 -9.6
8.9 21.1 30.3
475.9 55.2 7.5 24.6 3.5 7.9
1205.9 48.7 -18.4 30.9 88.8 -63.8
2557.1 49.4 -30.2 17.2 15.2 -12.1
8.6 21.2 31.1
477.1 58.6 10.9 24.4 3 8.8
1206.6 56.3 -5.4 26.4 83.8 -59.9
2560.3 54.5 -26.7 14.2 15.1 -10.1
8.3 21.9 30.3
479.6 62 13.1 24 3 9.9
1210.5 60.3 0.3 22.9 85.3 -54.9
2564.5 58.8 -23.8 5.9 14.1 -2.4
8.1 23 29.4
482.3 65.1 14.5 22.8 2.9 11.6
1213.6 59.6 1 17.5 89.3 -46.3
2569.3 62.4 -24.3 -6.9 13 8.9
7.9 31.4 29.2
486.2 69.2 16.3 21.6 2.5 14.1
1211.8 49.1 -3.4 11.7 98.8 -25.3
2576.4 65.9 -26.2 -22.1 8.9 24.1
26 62.5 35
482.2 57.7 8.3 19.2 11.1 31.9
1204.1 20.3 -24.7 2.2 119.9 11
2590.5 71 -39.7 -45 4.3 40.8
10 164.1 112
496.8 77.8 17.9 17.9 2.3 20.3
1330.7 213.5 53.5 -31.7 13.7 -136.2
2659.2 168.6 -1 -60.2 -53.6 -38.1
winner is: 9
