Regression analysis information for: KLH063a_1939
number of formants: 3
number of coeccicients: 5
12.7 9.2 39.4
699.1 -49.4 -48.8 -30.1 -15.1 1.7
1182.1 10.7 -18.8 -25.2 9.5 -10.2
2133.7 -130.5 190.9 120.2 25.4 29.4
14.2 11.4 37.9
696.1 -49.4 -55.2 -32.6 -14.3 -0.6
1183.6 9.4 -20.3 -31.1 15.2 -11.8
2178.8 -117 120.2 98.1 64.9 52.8
14.8 12.1 59.2
697.3 -49.2 -58.1 -35.5 -14.1 -3.3
1186.5 9.9 -24.1 -34.8 16.5 -13.1
2253.8 -90.9 11.6 60.5 107.6 47.7
14.5 11.3 54.1
700.7 -44.9 -57.5 -36.7 -13.7 -5.1
1188.2 14.8 -29 -35.6 14.6 -13.7
2292.3 -54.3 -19.1 -7.5 77.8 50.1
15 12.5 64.5
700.7 -47.2 -60.3 -40.9 -14.6 -8.2
1191.3 12.4 -28.2 -41.4 17.4 -16.2
2333.8 -8.1 -35.1 -57.6 33.7 34.1
15 12.4 66.5
702.5 -46 -59.4 -43.2 -15.4 -9.8
1193 13.5 -28 -43.7 17 -17.1
2351.5 12 -35.5 -75.2 19.7 15.4
14.8 11.6 59.5
706.4 -40.8 -56 -42.1 -16.4 -10.1
1194.3 18.2 -30 -41.8 13 -16.4
2361.8 18.3 -43.9 -83.4 24.9 9.4
15.7 12.5 56.3
705.8 -43.8 -56.9 -44.3 -18.4 -12.2
1195.7 14.8 -26.6 -44.9 14.3 -18.3
2365.9 22.8 -36.7 -79.1 18.7 10.7
16 12.6 51.9
708.6 -44.2 -55.3 -44.8 -19.1 -13.2
1197.9 14.8 -26.6 -45.2 14 -18.7
2376.8 24.7 -36.7 -82.5 18.1 11.7
16.3 12.5 50.7
712.2 -44.8 -53.4 -44.8 -19.7 -13.9
1200.4 15 -27.3 -44.8 13.8 -18.7
2388.2 23.3 -35 -80.7 16.4 9.2
16.6 12.9 50.5
715.7 -46.9 -52.2 -45 -19.9 -14.4
1203.1 14.4 -28.9 -44.4 14.1 -18.6
2400.5 19.3 -37 -79.3 16.6 6
17 13.7 51.2
720.6 -50.7 -49.5 -45.7 -19.2 -14.8
1206 13.9 -30.4 -44 14.8 -18.7
2414.9 11.4 -37.3 -78.4 19 3.7
18 13.3 49.9
728.7 -52.5 -43.2 -45.1 -17.3 -14.5
1208.3 17.9 -35.4 -40 12 -16.6
2430.9 2.3 -38.2 -81.9 22.1 -6.1
19.2 16.7 52.9
732.6 -65.6 -40.9 -48.1 -16 -13.8
1209.9 13.7 -35.5 -41.3 16.5 -18.3
2441.8 -11.8 -34.8 -76 25.9 3.7
21.1 19.9 53.4
741.8 -76.7 -33.7 -51.6 -14.4 -13.4
1211.1 16.5 -40.6 -39.4 16.6 -18.6
2457.7 -22.8 -33.6 -76.8 28.1 4.6
22.8 21.2 51.3
754.2 -85.8 -21.7 -53.7 -9.7 -12.3
1210.8 25.3 -49.9 -32.4 12.6 -15.5
2473.5 -34.2 -31.8 -79.3 34.9 -1.8
23.4 28.7 56.7
763.5 -103.5 -17.6 -57.1 -14.3 -7.8
1212.7 23.3 -51.1 -37.9 20.6 -24.1
2488.7 -46.1 -31.3 -77.1 32 7.6
24.6 34.8 60.3
775.5 -116.6 -9 -58.4 -17.1 -3.3
1215.4 22.3 -51.2 -42.5 27.6 -32.4
2505.2 -56.2 -26.8 -78.3 31.5 7.6
24.2 41.5 67.3
784.2 -124.9 -4.5 -59.2 -18.4 -3.4
1222.8 12.3 -44.5 -51 35.7 -40.6
2518.1 -62.1 -27.5 -76 26.5 8.5
23.6 53.6 74.7
793.7 -122.8 2.2 -56.6 -16.6 -4.2
1231.1 4.4 -39.2 -55.7 38.6 -45.3
2526.3 -48.1 -37.4 -65.2 16 7.9
winner is: 1
