Regression analysis information for: KLH063a_3583
number of formants: 3
number of coeccicients: 5
6.6 44.6 78.2
477.9 -65 -38.7 -1 -6.4 -5.7
1529.8 110.4 -70.9 -35.3 -16.5 30
2034.3 -265.7 62.9 -45.7 -25.9 104.6
6.4 44.4 77.1
479.1 -65 -39.3 -1.2 -6 -5.3
1541.6 132.3 -51.5 -20.9 -7.6 34
2143.4 -296.7 -5 -60.6 2.9 130.4
6.5 34.6 91.9
480.6 -63.9 -38.9 -1.5 -5.8 -5.1
1549.7 144.2 -48.9 -29.2 -25.8 11.5
2197.4 -249.7 -1.7 -13.6 54.9 151
6.9 5.3 95.8
482.3 -62.2 -38.4 -1.7 -5.6 -5.3
1582.9 204.9 -0.1 3.1 -11.6 8.5
2302.3 -113.7 63 91.9 128.8 134.4
7.2 6.1 47.1
483.7 -60.5 -38.4 -2.1 -6.1 -5.2
1583.1 204.7 -1 3.2 -10.6 10.7
2363.1 -21.4 98.9 88.8 84.3 54.2
7.6 6.5 19.9
485.2 -59.1 -38 -2.7 -6.2 -5.6
1584.3 205.3 -0.9 3 -9.7 11.8
2396.5 30.3 110.2 66.2 32.7 -2.4
7.5 6.5 14.3
485.9 -59.4 -38.5 -4.1 -6.6 -6.2
1585.5 205.7 -0.9 2.2 -9.4 12
2403 39.1 109.9 58.9 22.6 -6.5
7.5 6.6 12.2
486.3 -59.8 -38.4 -4.8 -6.6 -6.9
1586.5 205.9 -0.2 2 -8.9 11.9
2406.9 42.9 110.5 56 18.4 -8.5
7.3 5.9 10.9
486.4 -60.4 -38.9 -5.7 -6.9 -7.6
1586.4 204.8 -1.5 0.2 -9.9 10.7
2410.4 46.5 111 53.2 15.2 -11.5
7.1 5.6 10.8
486.4 -61.7 -39.3 -6.9 -6.8 -7.8
1585.7 201.8 -3.5 -2.5 -11.4 9.2
2413.5 47.8 111.3 49.5 11.7 -14.8
6.8 5.9 10.2
486.5 -62.4 -39.3 -7.6 -6.8 -7.8
1586.1 200.9 -4.1 -3.7 -11.5 9.3
2415.7 48.9 111.1 45.2 8.8 -16.8
6.6 6.1 10
486.8 -62.8 -39.4 -8 -6.7 -7.8
1586.5 200.4 -4.3 -4.1 -11.5 9.5
2417.7 48.4 110.2 42.6 6.6 -17.5
6.3 6.6 9.5
487.1 -63.3 -39.2 -8.1 -6.5 -7.7
1587.2 200.1 -3.8 -3.8 -11 10.5
2419.4 45.7 109.7 42.1 5.3 -16.2
6.2 7.3 8.8
487.6 -63.5 -39.2 -8.3 -6.5 -7.5
1588.8 201.1 -2.8 -2.9 -10.1 12.1
2423.4 45.8 109.1 42 3.6 -13.7
6.1 8.1 8.8
488.4 -63.6 -39.2 -8.4 -6.5 -7.2
1591 202.7 -1.4 -1.7 -9 13.9
2429.2 47.5 109.1 41.3 1.3 -11.4
6.1 8.9 8.6
489.1 -63.7 -39.2 -8.5 -6.6 -6.9
1593.3 204.7 0.3 -0.1 -7.9 15.9
2434.8 49.3 109.3 42.3 0 -8.3
6.1 10 8.7
490 -63.9 -39.2 -8.6 -6.8 -6.7
1596.4 207.4 2.9 2.2 -6.4 18.4
2442.8 52.5 111.5 43.5 -3.2 -6
6.2 11 9.2
490.9 -64.2 -39.1 -8.8 -7.2 -6.7
1599.8 210 5.5 4.3 -5.5 20.7
2452.4 56.6 113.2 43.7 -9.4 -5.6
6.4 11.9 10.3
491.9 -64.7 -39.4 -8.7 -7.4 -6.4
1602.8 211.8 7 6.4 -3.8 23.5
2459.2 55.5 112.1 46.9 -9.2 -0.6
6.6 13.3 11.7
492.8 -65.5 -40 -8.8 -8 -6.4
1607.1 215.4 10 9.7 -1.8 26.9
2469.8 58.7 112.6 49.1 -13.3 2.3
winner is: 14
