Regression analysis information for: KLH063a_5378
number of formants: 3
number of coeccicients: 5
4.4 59.6 198
477.1 -70.2 -12 -24.1 -4.3 -1
1277.8 97.5 59.5 16.6 -68 -41.9
2040.5 73.3 217.5 103.2 -311.1 -52.2
4.9 74.9 226
476.2 -72 -16 -25.7 -0.5 2.6
1281.1 107.4 60.2 -14.3 -73.7 -9.4
2056.6 27.1 132.5 5.7 -273.5 28.4
4.3 64.8 191
474.7 -74.6 -16 -23 1.9 5
1295.1 94.6 30.5 20.9 -57.3 -58.7
2091.5 42.4 166.7 4 -247.4 -7.5
3.7 58.9 149.2
473.9 -75.9 -15.5 -20.2 3.4 6.5
1310 101.5 6.8 3.7 -40.4 -26.3
2153 59.1 153.2 -60.4 -168.3 28.1
4.1 15.4 104.5
473.9 -76.3 -13.9 -22 4.4 7.1
1334.5 105.1 -36.8 -5 9.2 -11
2186.8 74.6 92.9 -97.4 -89.5 71.6
4.2 6.4 46
476 -77.2 -15 -22.3 5.7 7.2
1341.5 102.1 -45.8 -2.6 18.8 -13.5
2244.4 57.6 -15.9 -47.7 -5.2 15.1
4.3 5.9 28.9
477 -78.6 -15 -21.8 4.5 7.6
1343.6 99.2 -45.2 -1.1 16.3 -12
2259.7 48 -41.2 -27.2 8.4 -9.1
4.3 5.4 13.5
477.8 -78.7 -16.1 -21.2 2.5 8.5
1344.6 98.7 -46.2 1.2 12.5 -9.1
2270.2 42.8 -59.4 -15 20.1 -23.8
4.1 5.4 12.5
478.3 -80.7 -15.3 -20.8 1.3 8.6
1346.4 95.6 -45.4 1.8 10.9 -8.1
2271.2 40.4 -58.7 -16 19.2 -22.4
3.5 5.6 11.2
478.5 -81.7 -14.1 -19.1 -1.6 9
1348 93.8 -45.8 4.8 7.2 -5.6
2273.1 39.3 -58.1 -15.6 17.4 -20.4
3.2 5.8 10.3
478.7 -83.1 -13.6 -17.3 -3.9 9.4
1349.9 91.5 -46.9 8.2 3.2 -3.8
2274.2 37.2 -59.1 -14.8 14.3 -18.3
3.2 6.2 9.3
479.1 -83.1 -14.6 -14.4 -6.6 10.1
1351.1 91.1 -49.3 13.1 -1.1 -1.8
2275.3 39.1 -60 -11.7 11.2 -16.1
3 6.2 9.3
479.9 -84.2 -14.3 -13 -8.3 9.8
1353.1 89 -49.7 15.3 -3.4 -2
2276.9 39 -60.4 -11.5 8.9 -16.5
3 6.1 9.2
480.9 -86 -13.4 -11.9 -10 10
1355.1 85.9 -49.2 17.1 -5.5 -1.2
2278.4 36.3 -59.8 -11 7.8 -15.4
3.1 6 9.3
481.7 -87.3 -12.5 -11.5 -10.9 10.2
1356.6 83.9 -48.3 17.5 -6.5 -1.1
2279.8 34.9 -59.1 -11.2 6.8 -15.6
3.1 5.7 9.6
482.4 -89.2 -10.6 -11.4 -11.9 10.4
1358 81.6 -46.8 18.1 -7.6 -0.6
2281.3 33.4 -55.9 -10.1 6.6 -15.5
3.2 5.1 9.7
483.1 -90.9 -8.6 -12.6 -12.7 10.8
1358.9 80.4 -44.6 17.3 -8.1 0.4
2283.1 33.6 -51.2 -10.3 6.2 -15.2
3.3 4.6 10.1
483.7 -93.2 -6.9 -13.6 -13.8 11.3
1359.7 79.4 -42.6 16.8 -9 1.3
2284.3 34.7 -45.8 -9.9 4.4 -14.9
3.7 4.6 10.4
484.7 -96.9 -6.8 -15.7 -14.3 10.4
1361 78.9 -41.9 17 -9.6 1.6
2288.6 38 -42.3 -10.4 4.5 -14.9
4.7 4.9 10.5
485.4 -104 -7.6 -20.1 -15.6 8.5
1361.9 79.4 -42.1 17.7 -10.7 2.6
2293.6 42 -38.9 -10.9 5.1 -13.8
winner is: 17
