Regression analysis information for: KLH063c_0608
number of formants: 3
number of coeccicients: 5
2.2 103.3 88.6
344.2 -62.8 -16.8 9.2 7 -3.3
1725.5 -65.5 -279.5 90.4 104.5 13.2
2274.5 31.8 -94.1 -4.7 136.3 -120.5
2.4 89.4 24.1
345.5 -63.6 -17.5 10.4 7.1 -3.7
1746.8 -41.1 -251.3 112.5 104 28.6
2345.5 -76.8 -51.8 43.7 29.8 1.7
2.7 79.7 23.8
346.2 -63.6 -18 11.3 6.4 -3.8
1787.1 25.5 -216.1 123.7 102.9 40.4
2345.7 -76.8 -51.6 43.9 30.7 2.2
2.6 95.8 17.5
345.9 -63.8 -17.1 11.3 5.6 -4.4
1774.3 21.7 -178.2 150.7 67.5 -26.8
2338.9 -83 -42.4 58.2 29.3 -12.2
2.6 80.9 26.6
345.3 -63.6 -15.4 9.6 4.3 -3.8
1827.5 56.2 -253.3 31.1 3.5 -24.1
2348.6 -79.4 -57.2 46.3 36 5.5
2.6 83 27.1
344.2 -62.3 -13.3 8 3.3 -3.2
1889.9 149.7 -228.9 0.7 -44.3 -61.5
2348.6 -81.9 -59.1 49.6 39.8 5.6
2.7 62.9 67.6
342.9 -61.2 -10.9 6.1 2.3 -2.6
1934.4 212.7 -220.9 -30.5 -73.8 -75.1
2407.2 5.2 -48 -11.4 -62.2 -85
2.6 38.1 46.8
341.9 -59.9 -8.8 4.5 2 -2
1970.9 276.6 -194.5 -23.7 -43.3 -42.6
2435.6 48.5 -42.6 -39.2 -89.9 -95.3
2.6 20.8 33.1
341.3 -59.2 -7.2 3.7 2.2 -1.6
1993.3 335.6 -143.9 11.5 10.3 -9.4
2462.7 97.9 -23.6 -53.5 -90.5 -73.8
2.6 15.4 36.2
341.2 -58.7 -6.3 3.2 2.2 -1.3
1997.2 351.4 -127.6 15.2 28 4.1
2497.2 174.5 52.1 -7.4 -45.7 -14
2.7 15.2 33.8
341.3 -57.9 -5.9 2.9 1.8 -1
1999.2 342.7 -120.9 10.4 23.7 8.8
2493.2 171.9 55.8 -10.9 -54.7 -14.8
2.8 15.4 35.2
341.3 -58.1 -5.6 3.2 2 -0.7
1999.6 341.9 -118 8.3 21 11.8
2493.8 173.9 60.4 -9.7 -56.9 -15.3
2.8 15.8 36.7
341.4 -58.6 -5.4 3.1 1.9 -0.8
2002.1 336 -111.6 10.7 14.4 12.5
2496.5 174.3 63.1 -6.6 -56.6 -14.8
2.8 15.2 38.4
341.5 -59.4 -5.2 3.3 1.9 -0.7
2007.2 327.1 -107.3 15.5 8.5 15.7
2497.8 171.4 65.8 -0.8 -55.6 -15.4
2.8 14.7 39.6
341.9 -60.3 -5.2 3.2 1.8 -0.8
2017.4 315.6 -109 21.1 8.2 17.9
2501.1 167.3 63 2.3 -52.9 -15.1
2.7 15.6 39.7
342.4 -61.3 -5.1 3.3 1.7 -0.9
2031.4 300.6 -114.2 28.9 8.7 22.1
2501.7 159.1 59.1 5.5 -53.3 -19.5
2.5 15.4 34.7
342.8 -62.1 -5.1 3.5 1.5 -0.9
2042.8 284.1 -116.1 38.4 5.2 24.7
2501.4 148 48.4 6.9 -51.3 -26.8
2.5 17.6 28.4
343.5 -63 -5 3.8 1.4 -0.9
2056.7 262.7 -117.8 53.6 -3.2 25.6
2504.9 139.8 34.2 9.7 -43.5 -34
2.4 18.6 22.7
344.2 -63.8 -5 3.8 1.5 -0.9
2070.8 242.5 -117.4 60.8 -10.9 27.8
2513.6 137 12.5 5.4 -32.6 -38.8
2.4 21.7 19.1
345.1 -64.8 -4.8 3.8 1.4 -0.8
2092.5 216.4 -114.6 70.2 -26.4 33.6
2527.2 144.8 -8.6 2.3 -17.2 -43.5
winner is: 20
