Regression analysis information for: KLH063a_0312
number of formants: 3
number of coeccicients: 5
7 13.5 77.2
590.5 -19.3 -35.9 -45.5 -38.3 -16.7
1174.6 185.7 3.1 -20.2 -18 21.4
2353.6 -129.6 102.7 41.6 -77.9 -59.1
7 12 71.3
588.3 -22.3 -36.3 -44.8 -36.5 -15.4
1173 183.6 3.8 -22.1 -18.3 20.8
2345.7 -125.2 105.5 8.6 -97.6 -45.3
7.1 12.1 62.8
587.5 -24.2 -36.7 -43.6 -35.2 -14
1173.4 182 3 -21 -18.8 22.3
2346.8 -128.4 90.8 0.7 -87.8 -40.9
7.1 13.2 63.2
587 -26.3 -37.9 -41.4 -33.2 -11.7
1173.3 182.3 -0.7 -16.7 -20.4 26.7
2368 -129 44.8 -19.4 -63.6 -5.1
6.9 14.7 60.2
587.7 -26.6 -39.1 -40 -32.3 -10.2
1174.7 182.3 -3.6 -13.4 -20.7 29.5
2397.9 -122.2 -6.3 -35.6 -21.1 38.9
6.6 15.2 18.4
588.6 -27.1 -39.7 -38.4 -30.8 -10.4
1176.9 181.1 -4.8 -11.4 -18.4 28.9
2397.6 -138.8 -12.6 18.8 38.1 30.7
6.6 15.3 40.4
590.3 -27.2 -41.1 -36.7 -30.2 -10.3
1179.8 180.2 -7.2 -8.3 -17.3 28.6
2437.2 -122 -60.4 4.3 76.2 75.8
6.8 15.2 58.6
593.2 -27.2 -42.7 -34.5 -30.9 -10.7
1183.9 179 -9.7 -4 -17.8 28.2
2479.1 -91.6 -87.7 -15.2 76 97.2
7 15.9 53.8
597.1 -28.2 -43.8 -32.4 -32.5 -11.2
1189.5 175.8 -10.8 -0.3 -18.9 28.1
2510.2 -66 -93.7 -21.5 61.6 89.8
7.3 16.4 49.7
601 -28.6 -44.7 -30.7 -34.6 -11.7
1194.4 173.9 -11.8 2.9 -20.3 28.1
2536.5 -40.4 -93.6 -26.2 45.3 76.1
7.8 17.7 45.5
604.9 -29.4 -45.7 -30.3 -36.8 -12.4
1199.2 172.3 -12.1 4.8 -21 28.4
2560.8 -15.1 -90 -28 33 61.7
8.4 18.7 41.8
609.1 -29.7 -45.1 -29.7 -39.2 -13.4
1203.1 171.2 -11.4 6.1 -22 28.4
2583.7 11.2 -82 -30 18.7 44.6
9.1 20 39.2
613.4 -30.3 -44.3 -29.3 -41.3 -14.4
1206.5 170.7 -11.1 7.1 -22.2 28.4
2606 36 -76.1 -31.7 9.2 30.9
10 21.3 39
617.8 -31.7 -43.1 -28.9 -43.5 -15
1209.2 170.6 -10.9 8.4 -22.9 28.6
2624.4 55.9 -70.5 -32.3 2 21
10.9 22.6 38.5
622 -33.7 -42.1 -28.4 -45.7 -15.2
1211 171.3 -11.6 9.6 -23.3 28.7
2639.7 70.9 -68.1 -34 -3.3 14.4
11.6 24 38
626.4 -36.8 -41.1 -28 -47.9 -15.4
1211.7 173.3 -13.5 11.5 -24 28.8
2653.1 83.1 -67.1 -35 -6.5 9.6
12.5 25.1 37.6
630.3 -39.8 -40.5 -28 -49.4 -15.7
1210.7 177.8 -16.9 13 -23.3 28
2665.5 94.5 -68.3 -36.9 -7.2 6.3
13 25.7 37.3
634.1 -43.3 -41.2 -28.1 -50.9 -17
1208.2 184.5 -22.3 15.7 -23.8 28.2
2677 104.5 -71.2 -38.4 -6.3 4.4
13.6 27.1 38.1
637.9 -48.1 -41.4 -27.6 -52.8 -17.5
1202.1 197.1 -32.5 22.3 -27.2 30.1
2685.4 111.4 -73.3 -37.8 -4.7 4
14.6 29.3 37.1
640.9 -52.2 -43.2 -28.5 -53.9 -19.5
1192.3 216.4 -48.3 31.9 -31.9 32.2
2694.8 120.4 -78.2 -40.1 -3.1 2.4
winner is: 6
