Regression analysis information for: KLH063a_0970
number of formants: 3
number of coeccicients: 5
9.6 20.3 3.9
530.3 72.3 -8.6 14.2 -6.8 -9.7
1072.3 -164.7 -124.8 44 26.8 -108
2485.3 30.8 -14.1 4.1 -5.8 3.5
11 23.6 3.9
508.2 51.7 -17.3 -1.4 -21.4 -18.4
1049 -170.8 -107.7 43 15.7 -105.6
2488 29 -13.6 4.8 -5.4 2.4
11.2 18.5 4
477.7 26.2 -31.6 -23.8 -27.4 -18.2
1017.1 -150.6 -67 19.6 15.8 -69.1
2489.3 28.1 -12 6 -6.2 1.7
5.6 11.1 4.6
464.9 17.5 -28.1 -20.5 -13.9 -2.9
1002.1 -139.9 -46.3 -1.5 11 -47.7
2485.9 29.7 -9.9 4.9 -6.3 2.6
6.9 11.5 4.8
463.1 17.7 -25.3 -22.9 -18.6 -4.8
1001.8 -137.5 -41.1 -3.6 9.7 -41.7
2481.1 32 -5.9 2.4 -9.4 4.5
5.5 10.8 5.2
462.5 15.1 -26.5 -23.2 -16.8 -1.3
1005.4 -136.5 -41.9 -2.9 10.6 -42.1
2479.5 32.5 -6.7 1.1 -9.5 6.4
3.7 10.5 4.5
462.4 11.1 -28.8 -22.9 -14.2 2.9
1011.2 -135.1 -42.4 -1.3 10.2 -45.3
2479.5 28.6 -9.1 1.1 -8.1 7.9
4.1 10.7 4.5
466.6 12.2 -29.2 -23.7 -14.4 3.3
1013.9 -138.5 -44.5 -0.2 11.8 -48
2483.1 26.8 -9 0.8 -7 7.1
4.7 13.2 4.4
476.8 19.1 -31.1 -27.1 -18.3 0.4
1008.9 -153.3 -49.1 6.4 18.8 -49.5
2490.2 26.3 -9.9 1.8 -6.3 3.3
7.8 21.8 4.3
499.4 34.4 -38.8 -38 -30.4 -6.9
974.3 -205.6 -57.1 28.3 46 -40.3
2501 24.6 -11.5 4.8 -6.4 -0.5
59.7 297.4 128.3
528.9 43.8 -66.2 -60 -50 -18.3
1241.3 256.3 142.2 -104.7 -296 -346
2638.9 223.3 48.2 -69.9 -165.4 -142.7
35.3 361.1 163.4
591.8 132.2 16.6 2.2 -56.4 -22.7
1628.1 708.9 70.4 -141.1 -5.1 -182.1
2698.4 200.6 -82.8 -44.9 74.8 80.7
27.5 130.4 85.9
633.3 125.2 -41.5 -7.5 -38.6 6.9
2054.3 600.6 -468.1 37.3 79.6 -88.4
2656.1 51.1 -162.9 -101.5 -14.5 147.5
39.1 131.4 63.4
646.7 112.7 -48.7 5.6 -48.7 10
2134.9 559.8 -452.2 123.1 -30.9 -65
2618.5 22.5 -89.4 -55 -47.9 95.2
41.3 121.6 55.6
663.9 90.5 -45 17 -67.2 30.6
2207.1 515.4 -414.2 195.8 -102.5 -0.8
2627 32.3 -70.2 -67.7 -66.4 68.2
37 110.1 76.9
683.5 60.4 -30 19.5 -82.8 57.7
2278.5 461.8 -361.6 258.3 -154.7 74.4
2683.7 116.3 -29.5 -87.8 -92.7 9.2
34 116.9 112.8
698.6 34.7 -13 13.5 -85.9 71.5
2332.3 374.2 -322.1 277.3 -207 138.7
2775.4 257 38.2 -90.4 -105.9 -61.9
33.7 122.1 107
695.1 32.7 -4 8.4 -85.4 72.9
2342.7 367.8 -335.1 296.5 -229.4 153.8
2887.2 336.3 54.2 -69.4 -112.4 -31.6
33.4 123.3 123.4
691.2 29.9 3.1 8.7 -87.8 73.4
2341.7 375.4 -342.8 296.3 -229.6 157.6
3005.4 353.3 47.4 -51.6 -137.8 55.6
35.3 121.9 111.9
681.4 30.4 16.3 7.4 -91.9 77.7
2346.5 373.4 -343.8 289.8 -223.5 156
3121.3 358.1 -39 -32.9 -104.2 159.2
winner is: 7
