Regression analysis information for: KLH063c_1088
number of formants: 3
number of coeccicients: 5
7 182.2 63.6
385.1 -114.6 2.2 7.9 5.1 -3.9
1100.7 25.7 -17.3 -20 28.9 -161
2002.6 91.9 -154.5 105.5 -15.2 -65.6
4.5 160.5 74.2
391 -116.7 -5.5 18.5 0.3 -7.9
1277.3 -133.5 -164.4 211.1 -29.2 -276.9
2057.4 41.6 -214.7 186.8 -31.5 -112.8
5.3 176.3 72.9
393.6 -116.6 -7.1 19.2 1.7 -9.9
1287.7 -149.8 -123 190.9 -44.1 -263.5
2056 41.4 -215.2 186.8 -34.3 -109
5.9 134.1 67
397.8 -118.9 -9.7 21.2 0.4 -9.9
1385.9 -208.6 -203.5 260.6 -22.4 -256.2
2090.8 18.2 -254.6 219.9 -30.1 -98.3
5.9 155 64
402.8 -117.2 -11.7 17.4 2.5 -8.1
1383.3 -239.7 -245.2 280.8 63.6 -279.4
2105.3 20.1 -297 217 6.8 -85.9
7.1 179.4 117.8
411.7 -116.9 -14.3 10.4 3.2 -3.4
1772.3 -83.4 -426 -146.5 -292.4 -153.6
2417.9 155.1 -254.7 10.3 -211.7 14.9
8.8 17.5 59.7
420 -114 -16 -1.5 3.3 4.2
1936.6 125.3 -115 53.1 -39.4 12.2
2513.5 172.9 -65.9 41.2 -57.2 39.1
9.6 8.1 5.4
425.2 -110 -15.4 -13.1 4 9.7
1942.7 108.4 -105.3 41.8 -28.7 -2.6
2532.5 120.3 -25.2 -3.3 -14 -9
10.3 8.1 5
426.5 -107.6 -13.5 -20 4.7 11.8
1944.8 106.3 -106.3 42.9 -28.8 -3.8
2533.3 119.1 -26.7 -2.5 -14.2 -8.7
10.8 7.6 4.7
424.9 -107.7 -10.8 -23.7 6 13
1947.8 105.4 -106.1 44.2 -28.7 -3.8
2536.1 120.7 -26.1 -2.2 -13.9 -7.8
9.7 8.2 4.9
417.2 -108.2 -5.7 -19 7.6 10.2
1950.4 105 -106.9 45.1 -28.8 -3.6
2539.2 123 -25.9 -4.5 -13.6 -6.6
8.1 8.4 5.3
408.8 -108.4 -0.5 -13.3 6 4.8
1951.6 107.2 -107.6 45.6 -28.1 -3.5
2541.3 126.8 -24.7 -6.7 -12.6 -5.2
6 9 5.8
401.6 -108.3 2 -7.4 5.4 1.1
1950.7 111.6 -108.9 45.9 -27.2 -3.7
2541.9 132.1 -23.2 -9.7 -11.8 -3.9
5.2 10.4 6.3
396.3 -107.4 3 -3.7 5.3 -1.2
1946.1 119.3 -111.4 45.2 -25.3 -5.8
2539.5 138.4 -22.4 -13.5 -11.2 -3.8
4.5 10.6 6.3
392.8 -107.2 4.2 -1.6 4.9 -2.4
1939.5 126.2 -110.7 42 -23 -7.3
2534.7 143.6 -19 -17.8 -11.8 -4
4.1 11.6 8.9
390.4 -107 3.6 -0.4 4.9 -2.9
1930 130.7 -114.9 39.2 -21.3 -12.4
2526.2 142.1 -22.7 -21.4 -14.9 -9.7
3.8 10.4 9.3
389 -106.8 4 0 4.6 -2.8
1919 132.2 -109.6 35.6 -22 -10.2
2514.8 137.8 -16.9 -20.3 -17.8 -9.8
3.7 10 10.3
388.5 -106.7 3.8 0.6 4.4 -2.9
1912.4 130.1 -109.8 37.7 -24.1 -14.2
2506.2 130.4 -16.1 -14.5 -20.6 -15.5
3.7 9.6 9
388.5 -106.9 3.6 0.8 4.1 -2.7
1910.6 125.6 -111 38.6 -28 -14
2503.1 124.5 -18.7 -13.8 -23.4 -15.6
3.6 9.7 8.7
388.7 -107.1 3.5 1.2 3.8 -2.5
1909.8 119.7 -111.6 43.1 -29.5 -12.3
2500.1 117.5 -20.1 -8.4 -20.8 -13.3
winner is: 13
