Regression analysis information for: KLH063a_2881
number of formants: 3
number of coeccicients: 5
5.3 5.6 4.6
486.9 -26.7 -28.5 21.9 -3.2 2.1
1416.7 6.3 -34.3 -0.1 -0.1 2.5
2057.3 -6.5 5.3 -18.2 -14.5 0
5.1 4.8 4.9
486.7 -26.8 -27.6 21.1 -3.7 2.4
1415.8 5.9 -32.8 -0.7 -1.5 2.3
2055.7 -8.1 7.5 -17.5 -16 -1.6
5.1 4.5 6.4
486.3 -26.4 -26.1 20.6 -4 2.6
1414.6 6.7 -29.6 -0.9 -3 2.3
2053.4 -6.6 13.4 -16.8 -18.3 -2.1
4.9 4.5 6.7
486.5 -27.1 -25.7 19.8 -3.1 3.5
1414.5 6.1 -29.4 -2.1 -1.7 4.1
2053.3 -6.5 14.6 -19.9 -16.5 1.5
4.6 4.9 7.1
487.4 -27.3 -25.3 19.4 -2.2 4.1
1415.9 6.5 -29.5 -2.4 0.3 5.6
2056.5 -4.2 15.5 -20.5 -11.9 5.7
4.4 5.4 7.8
488.9 -27.5 -25.2 19.3 -1.1 4.8
1418.5 6.9 -30.4 -2.3 2.6 7.2
2062.3 -2.4 14.5 -19.7 -6.9 9.9
4.4 6.1 7.7
490.6 -27.9 -25.3 19.6 -0.4 5.5
1421.6 7.1 -31.3 -1.7 4.7 8
2068.8 -1.2 13.6 -17.8 -2.2 12.6
4.6 6.8 7.8
492.4 -28 -25.6 20.5 -0.1 6.3
1425.1 7.3 -32.2 -0.5 6.7 8.6
2076.1 -0.1 12.9 -14.6 2 14.5
4.9 7.3 8
494 -27.9 -26.6 22.2 -0.4 7.3
1428.7 7.4 -33.1 1.4 8.3 9
2083.4 0.6 12.3 -10 5.6 15.6
5.8 7.6 8.7
495.3 -27.1 -28.6 24.6 -1.6 8.6
1432.3 7.5 -34.4 3.6 9.5 9.1
2090.9 1 11.2 -5.3 8.4 16.3
7.4 8 9.4
496 -25.7 -31.3 28 -3.7 10
1435.9 7.5 -35.7 6.3 10.4 8.7
2098.1 1.5 10.7 0.1 10.5 16
10.2 7.9 10.7
495.9 -22.6 -36.1 32.7 -7.5 12.7
1439.4 7.8 -37 8.9 10.7 8.5
2105.5 2.7 10 4.9 11.7 16.3
13.9 8 11.9
494.8 -17.6 -43 39 -12.5 16.2
1442.9 8.5 -38.8 11.7 11.1 8
2113.1 3.6 8.2 9.3 12.6 16
20.7 7.9 13.6
491.2 -8.7 -54 48.7 -21.4 22.1
1445.9 9.4 -40.2 14.6 10.7 6.9
2119.8 4.3 7.5 13.6 11.6 14.7
66.7 50.9 64.9
519.9 -67.3 0.3 -10.9 36.5 -42.1
1468.4 -29.4 -2.8 -23.4 49.4 -34.6
2147.9 -37.6 48.1 -27.2 52.8 -29.1
69.2 51.3 66
516.5 -60.8 -9.6 -6.5 32.4 -43.2
1471.6 -27.4 -5.2 -21.4 49.7 -36.1
2155.4 -35.1 45 -24.8 52.1 -29.2
73.7 52 67.6
506.5 -44.2 -30 5 21.1 -39.9
1474.3 -24.5 -7.3 -19.5 50.5 -37.5
2162.1 -33.5 42.3 -23.8 51.9 -29.7
114.6 74.5 93.2
529 -93.3 15.4 -51.6 77.8 -103.3
1496.9 -62.6 28.1 -57.9 87.9 -75.2
2189.8 -74.2 78.8 -65.1 88.9 -67.2
93.5 60.8 80.4
584.9 -213.1 116 -151.3 146.5 -151.9
1541.4 -141.6 99.5 -117.3 128.4 -95.2
2237 -153 147 -125.9 125.3 -84.6
110.1 60.8 80.3
567.8 -216.6 87.8 -166.9 137 -176
1543.2 -137.7 97.3 -119.4 130.3 -95.5
2238.4 -151.4 140.4 -135.1 123.3 -84.8
winner is: 2
