Regression analysis information for: KLH063a_3360
number of formants: 3
number of coeccicients: 5
2.8 33.2 34.1
360.1 10.8 -1.2 -2.3 2.4 -1.4
1697.7 -91.9 -89 50.3 -54.5 64.5
2112.3 131.3 -13.7 -40.2 88.7 13.8
2.8 35.6 37
360.9 11 -1.1 -2.3 2.2 -1.5
1699.5 -90.1 -86.8 44.8 -51.2 62.7
2138.8 102.2 -22.3 -19.8 66.4 14.7
3 32.6 41.8
361.9 10.5 -0.4 -2.8 2.3 -2.1
1708.9 -104.5 -71.6 30.2 -40 52.5
2168.7 70.1 -19.4 -2.2 43.5 19.8
3.1 24.5 50.7
363 10 -0.1 -3.1 2.4 -2.4
1717.9 -117.4 -59.6 16.9 -27.9 40.2
2207.5 27.9 -14.7 20.1 15.5 33.2
3.3 8.3 73.9
364 9.3 0.4 -3.3 2.5 -2.8
1732.7 -142.8 -36.5 -7.3 -6.1 16.7
2254.6 -28.4 -5.1 51.1 -22.7 58.4
3.5 7 52.8
364.8 8.3 0.8 -3.6 2.9 -3.2
1736.1 -146.8 -34.2 -9.6 -3.1 14
2298.1 -94.9 23.7 47.2 -21.3 41.1
3.6 6.9 3.6
365.6 7.4 1.1 -4 3.1 -3.6
1739.1 -149.8 -33.9 -11.2 -2.4 12.9
2344.7 -171.4 63.6 26 -10.5 11.2
3.8 6.7 2.1
366.3 6.8 1.5 -4.6 3.5 -4
1741.2 -150.8 -33.3 -13.1 -2.1 12.2
2345.3 -166.3 61.5 21.7 -8.7 9.8
12 7.1 2.8
371 -1.5 8.8 -12.5 10.8 -11.9
1746.2 -153.9 -32.5 -14.7 -0.7 11.4
2351.4 -160 54.8 22 -5.8 4.8
4.8 6.6 3.6
368.5 5.3 1.9 -5.3 4.3 -5
1749 -153.5 -35.7 -13.5 -0.3 12.2
2358.5 -158.7 47.7 23.7 -2 4
4 7.3 3.6
368.5 7.4 -0.3 -2.8 2.1 -2.8
1752.4 -152.5 -37.9 -12.1 -1.4 13.6
2368.2 -152.9 44.3 26.5 -1.6 1.1
4 8.7 3.5
369.4 7.4 -0.5 -3 2.1 -2.8
1756.3 -150 -41.3 -11.3 -3.2 16.8
2379.3 -146.4 39.1 25.6 -2.7 1.7
3.8 10.9 3.8
370.3 7.3 -0.2 -3.5 2.4 -3.1
1759.9 -146.7 -44.3 -11.1 -4.9 20.2
2390.1 -137.7 35.2 23.2 -4.3 2.2
3.7 11.9 4.3
371 7.5 -0.2 -3.6 2.6 -3.1
1764.4 -144.7 -45.8 -12.7 -5.5 21.7
2401.4 -128.9 31.8 20.3 -6 2.4
3.7 13 4.4
371.4 7.6 0.2 -3.7 2.8 -3.2
1768.6 -142.6 -46.1 -14.8 -6.3 24
2411.5 -119 31.5 15.8 -9.2 4
3.6 13.2 4.9
371.6 7.9 0.2 -3.1 2.8 -3.3
1774.1 -141.5 -45.5 -17.7 -5.9 24.3
2423.6 -108.9 30.5 12.4 -12.3 2.8
3.6 13.7 5.6
371.3 8.2 0.2 -2.1 2.9 -3.2
1779.2 -140.1 -44.7 -20.3 -6.1 23.6
2435.4 -98.3 30.9 10.2 -16.2 -0.3
3.3 13.5 6.1
370.6 8.3 0.1 -0.6 3.1 -3
1784 -139.1 -43.9 -22.4 -5.7 23.3
2446.8 -88.5 30.6 7.8 -19.9 -2.8
3.2 13.3 7.4
369.4 8.4 -0.1 1.3 3.2 -2.4
1789.4 -138.3 -43 -23.1 -4.2 22.5
2459.5 -78.7 30.6 9.9 -21.2 -6.7
3.1 13.4 8
367.7 8.3 -0.1 3.3 3.1 -2.1
1794 -138.4 -43.8 -23.8 -3.2 21.7
2470.1 -74.1 26.7 11.8 -22.1 -9.6
winner is: 8
