Regression analysis information for: KLH063a_0188
number of formants: 3
number of coeccicients: 5
6.4 155 111.2
323.3 -9.6 20.9 -0.2 -3.9 -0.5
1764.1 -393.7 -86.7 3.8 8.9 11.3
2380.2 -146.4 26.8 -71.1 13.8 -108.2
6.2 72.3 50.2
322.7 -7.9 20.4 -1 -2.1 1.2
1832.5 -373.6 -143 -67.3 -3.4 74
2449.9 -70 85.4 -46.4 53.6 -22.8
6.2 68.3 46
321.6 -5.8 20.1 -2.8 -0.7 1.6
1850.8 -402.1 -142.2 -35.2 -31.2 74.7
2474 -110.6 105.8 -42.9 30.1 11.6
6.8 132.1 48.1
319.3 -4.4 21.6 -5.9 0 3.9
1827.3 -361.3 -172.8 -38.4 -20.6 70.9
2481.5 -117.1 104.9 -30.2 10.7 28.5
6.5 165.3 37.8
317.4 -3.7 22.9 -7.8 -0.1 5.6
1844.4 -379.5 -155.5 -91.4 28.2 96.4
2509.6 -157.5 118.9 -12.6 -18.7 48.2
6.2 193.3 36.3
315 -5.1 23.7 -7.9 -0.2 5.6
1802.1 -366.2 -112.9 -132.1 32.3 125.3
2516.5 -161.7 123.1 -11.3 -20.5 59.7
5.5 216.1 45.6
313.9 -4.8 23.8 -7.7 0.9 5.3
1821.4 -364 -171.8 -139.3 124.9 125
2528.2 -174.2 117.3 -6.5 -19.6 69
5.2 206.5 45.9
313.7 -5.1 23.8 -7.4 0.8 5
1817 -363.1 -167.4 -151.6 129.2 143
2529.1 -176.1 115.7 -5.9 -18 69.4
4.8 120.6 39.9
313.6 -5.1 23.6 -7 0.6 4.5
1892.5 -448.6 -224.4 -5 22.8 92.5
2550.6 -199.5 98.7 30.7 -42.6 60
4.7 151.8 54.5
313.6 -5.2 23 -6.7 0 3.7
1876 -419.6 -256.5 -18.5 92 13.9
2543.4 -184.8 91.6 18.8 -14.4 35
4.4 96.4 58.2
313.6 -4.9 23.1 -6.3 0.5 3.5
1917.2 -450 -294.8 42.5 81.4 -34.9
2551 -189.5 79.8 21 -6.2 29.2
4.5 113.3 74
313.7 -4.9 22.4 -6.1 -0.4 3.1
1891 -407 -326.8 43.1 104.2 -73.6
2547.5 -167.1 52.6 17.8 25.2 13.6
4.5 56.7 44.7
313.8 -4.8 22.3 -5.9 -0.5 3.1
1935.7 -468.9 -304.6 68.7 37.8 -20.8
2569.8 -197.6 55.5 42.8 -9.2 38.8
4.6 44.6 40.5
313.8 -4.3 22.4 -6.3 -0.5 3.3
1951.3 -470.9 -312 75.8 7.2 -7.2
2582.2 -204.4 44.6 61.6 -20.9 45.9
4.5 49 44.4
313.6 -3.6 23.1 -6.7 0.1 3.5
1957.8 -463.2 -306.6 77.4 -4.9 -18.1
2589.5 -207.5 38.6 66.2 -16.1 39.9
4.7 46.6 44.2
313.6 -3.2 23.4 -7 0.1 3.5
1963.9 -456.6 -303.4 73.2 -15 -27.2
2592.9 -206.2 43.2 71.1 -16.8 36.4
4.8 47.1 44.4
313.8 -2.7 23.4 -7.3 0.2 3.3
1976.6 -443.8 -309.6 59.2 -23.4 -26.3
2597.6 -202.7 47.1 72.9 -12.9 38.2
5.1 45.1 44.1
314 -2.7 23.1 -7.6 -0.6 2.9
1986.3 -438 -315.5 42.6 -24.1 -25.8
2603.3 -199 54.8 74 -7.6 36.7
5.2 43.9 48.2
314.3 -2.4 23.1 -8 -0.7 2.5
2007.7 -422.7 -320.5 13 -34.3 -23.1
2612.8 -196.7 57.6 75.2 4.3 34.2
5.2 43.3 50.8
314.4 -1.7 23.3 -8.3 0 2.2
2036.5 -401.7 -323.4 -20.4 -46.2 -18.2
2622.1 -193.4 55.4 81.2 16.6 33
winner is: 14
