Regression analysis information for: KLH063a_0288
number of formants: 3
number of coeccicients: 5
5.5 4 4.9
532.7 -54.6 -30.1 0.8 -6.6 3.3
1207.4 -155.4 -4.7 -6.7 4.6 5.8
2370.8 -39.7 5.5 -29.8 -2.9 1.7
5.3 4 5
532.8 -53.1 -29.7 1.9 -6.1 2.9
1208.2 -153.7 -3.2 -4.8 5.5 5.4
2371.4 -39.8 6.6 -28.8 -2.4 2
5.1 4 5.2
532.6 -52.4 -29.7 2.6 -6.5 2.1
1208.2 -153.2 -2.5 -4 5.2 3.9
2371.5 -39.7 8.4 -26.8 -2.2 0.7
5.1 4.1 4.7
532.3 -51.6 -30.2 3.4 -6.8 2.4
1208.1 -152.9 -2.1 -3.3 5.3 3.9
2370.5 -39.7 12.1 -24.7 -1.8 0.4
5.2 4.2 4
532.4 -51.5 -30.9 3.5 -7.3 1.7
1208.3 -153.1 -3 -3.7 4.1 2.4
2371.5 -39.6 9.9 -23.1 -1.2 -3.6
5.2 4 4.6
532.9 -50.9 -31.8 4 -7.6 1.5
1209.2 -152.3 -3.6 -3.7 3.3 1.9
2375 -38.6 5.3 -20.2 -1.4 -7.1
5.2 4 5.4
533.7 -50.7 -32.6 4.3 -7.9 1.3
1210.4 -151.7 -4.2 -3.8 2.3 1.4
2380.7 -38.3 -0.1 -17.3 -2.8 -8.1
5.4 3.9 5.6
534.7 -50.9 -33.4 4.6 -8.2 1.6
1211.7 -151.6 -4.9 -4 1.5 1.8
2388 -41.1 -5.7 -15.4 -5.1 -5.6
5.4 4 6.1
536.1 -50.9 -33.9 5.5 -7.9 1.8
1213.3 -151.3 -5.1 -3 1.2 2.2
2396.5 -44 -11.1 -9.4 -5.9 -3.4
5.5 4 6.4
538 -50.8 -34.5 5.9 -8 2.2
1215.5 -150.5 -5.6 -3.4 0.1 2.7
2408.6 -46.2 -17.1 -7.6 -8.9 1
5.7 4 6.7
540.3 -50.9 -34.6 6.7 -7.8 2.7
1217.7 -149.9 -5.7 -3.1 -0.9 3.2
2421.9 -49.5 -21.1 -3.1 -11.1 6.1
5.7 4.3 6.7
543 -50.9 -34.6 7.6 -7.8 3.3
1220.2 -149.5 -6 -3.2 -2.3 3.7
2436.5 -54.3 -24.6 1.7 -14.9 11.2
5.7 4.6 6.6
545.9 -50.9 -34.3 9 -7.3 4.3
1222.4 -149.8 -6.5 -2.9 -3.6 4.2
2451 -60.4 -27.4 7.8 -17.7 17.4
5.8 5.1 6.9
549.4 -50.7 -34.2 10.5 -7.3 4.9
1224.8 -150.1 -7.4 -3.4 -5.8 4.1
2467.2 -66.2 -31.7 14.1 -22.4 20.7
5.8 5.7 7
554.1 -49 -33 13.2 -6.4 6.3
1226.5 -151.9 -9.9 -5.3 -9.2 2.9
2485.8 -70.4 -35.2 21.5 -25 25.5
5.7 6.7 7.4
559.7 -46.3 -30.7 17 -4.9 7.9
1226.8 -156 -13.9 -8.7 -14 0.7
2504.7 -76.5 -39.1 29.6 -28.6 28.8
5.7 8 7.7
565.4 -42.7 -27.7 21.3 -2.9 10
1225.4 -162.3 -20.1 -14.1 -20.4 -2.9
2521 -82.4 -43.7 35.5 -31.4 31.3
6.6 11 9.8
574.1 -33.6 -20.3 29.3 2.1 14
1218.7 -177.7 -34.5 -27.6 -33.1 -11
2537.9 -88 -49.5 40.3 -33.3 32.4
7.5 16.2 10.7
585.8 -19.6 -8.6 40.9 7.9 19.5
1204.7 -206.8 -61.4 -51.6 -54.7 -25.1
2554.8 -97.5 -56.9 44.6 -41.5 34.6
33.8 16.2 13.9
572.4 -54.1 -46.9 4.6 -33.9 -19.2
1184.4 -246.1 -95.3 -79.7 -75.8 -34.6
2569.6 -112.9 -72 44.3 -48.8 31.3
winner is: 5
