Regression analysis information for: KLH063c_0465
number of formants: 3
number of coeccicients: 5
16.4 42 37.3
667.2 51.8 -50.1 0.8 -8.5 -10.4
1066.5 -16.4 -49.1 -14.8 21.5 -18.9
2259.9 7 -5.3 17.6 -21.9 17.5
16.1 34.5 38.1
666.5 51.2 -50.6 1.3 -9.3 -10.8
1063 -9.7 -56.7 -6.9 13.8 -12
2267 -1 2.6 9.6 -15 14
16.7 33.3 14.9
663.9 51.4 -49 0.7 -10.8 -10.8
1060.8 -8.2 -56.9 -6.1 12 -11.1
2283.6 -27.6 26.5 -15.5 11.2 -8.8
17.7 33.6 15
660 50 -46.4 -2.1 -12.7 -12
1058.5 -9.1 -54 -8.6 11.6 -11.9
2286.7 -25.7 24.6 -14.1 12.3 -7.9
17.5 32.7 15.2
655.3 48.9 -39.1 -2.3 -13.6 -13.6
1055.5 -11 -47 -11.2 12.9 -14.2
2289.4 -24.2 21.7 -14.6 12.5 -8.1
17.5 32.8 15
649.7 45.4 -32.7 -3.3 -16.2 -15.6
1052.4 -15.3 -39.3 -14.6 13.7 -17.1
2291.5 -22 22 -14.9 12.3 -9.1
17.6 32.9 14.8
642.1 39.5 -27.2 -3.6 -19.6 -19.9
1047.8 -20.5 -32 -16.7 14.1 -21.1
2292.1 -21.2 24.9 -15 11.1 -10.7
17.7 31.7 15.3
635.6 37.8 -24.4 -3.1 -20.2 -21.4
1041.3 -18.4 -31.9 -14.2 12.3 -19.1
2289.5 -22.2 27.8 -14.4 10 -13.1
16.8 29.9 15.5
629.8 35.7 -21.4 -1.9 -19.8 -22
1035.9 -16.9 -31.7 -11.8 11.2 -16.8
2282.1 -27 33.4 -11 9 -15.5
17.2 21.7 15.2
626.1 37.5 -21.5 -0.5 -20.9 -19.9
1026.3 -1.1 -45.7 2.9 -3 -1
2275.7 -28.9 36.9 -9.9 7.8 -14.1
16.8 14.5 15.7
624.9 38.1 -21.7 0.2 -21.2 -17.8
1020.9 8.5 -55.1 12.9 -12.2 10.1
2272.3 -29.1 37.9 -10.1 7.9 -9.4
13.9 19.3 15.9
623 41.1 -24.9 4 -23.5 -12.4
1014.3 21.7 -68.4 26.5 -24.7 24.6
2271.5 -31.7 38.2 -8.2 12.4 -3.4
15 18.5 16.1
624.8 39.5 -23.2 2.5 -21.2 -12.5
1015.5 20.4 -67.5 25.2 -23.2 23.9
2273.8 -31.5 37.2 -7.6 14.2 1.6
13 11.2 16.9
624.7 42.7 -26.7 6.6 -24.5 -6.4
1019.5 13.3 -61 18.6 -16.3 17.5
2277 -31.4 35.8 -5.2 15.7 8.2
13 10.7 17.7
627.8 40.1 -26.9 5.6 -24.1 -5.3
1020.2 13.4 -62 18.8 -16.3 17.2
2283.3 -33.4 31.8 -6.9 15.9 10.4
13.6 11.1 20.5
632 37.2 -25.8 3.5 -23.2 -5
1019.9 15.5 -64.2 20.5 -17.7 17.9
2291.2 -32.3 29.4 -9.4 14.3 11.5
13.2 10.7 21.8
637.3 34.6 -24.6 1.5 -22.7 -4.1
1019.2 18.1 -66.6 22.3 -19.1 18
2300.9 -29 26.9 -12.5 11.5 12.6
12.9 15.2 23.1
645.5 28.8 -21.1 -4.1 -18.6 -7.5
1014.6 27.8 -75.5 30.5 -26.7 23.9
2312.3 -23.3 23.2 -16.1 9.4 10.8
12.2 20.5 24.1
655.2 22 -18 -9.1 -15.8 -8.9
1007.6 40.6 -86.4 40.6 -35.7 30.3
2323.9 -19.4 19.3 -19.3 6.6 10.3
17.3 23.6 26.6
661.4 27.1 -26.8 -2.9 -24.5 1.9
999.2 53.6 -96.2 49.8 -43.2 33.6
2337.3 -12.6 15.7 -22.9 3.2 8.5
winner is: 14
