Regression analysis information for: KLH063a_2921
number of formants: 3
number of coeccicients: 5
4.5 11 173.1
400.3 63.4 30.9 -7.4 24.1 -6.5
1515.4 148.3 51 -49.7 40.1 11.2
2003.4 132.1 76.6 -31.8 -97.6 -3.1
4.4 12.8 155.1
401.5 63.5 30.3 -7.7 23.9 -6.6
1520.4 140.6 55.1 -49.5 35.8 17.2
2117.8 120.6 -21 -37.3 -15 -51.9
4.4 11.7 63.4
402.8 63.5 29.9 -8.1 23.8 -7.2
1522 139.5 53.8 -48.4 35.1 15.2
2232.4 50.4 -5.7 -48 10.5 -37.3
4.4 11.2 26.4
404 63.9 29.9 -7.8 23.8 -7.4
1524.1 137.8 53.5 -47.7 35 14
2280.7 21.4 45 -18.5 2.6 15.1
4.6 11.1 25.3
404.9 65.5 29.8 -7 23.3 -7.6
1525.9 137.3 52.9 -46.4 34.4 12.8
2292.8 9.1 60.7 -12.9 0.2 35.3
4.8 11.2 23.2
405.6 67.1 29.9 -6.3 22.6 -7.7
1527 138.1 52 -44.8 33.4 12.7
2292 8.5 58.8 -13.8 1.3 32.9
5 11.4 23.8
406.1 68.8 30.3 -5.9 22 -7.9
1527.2 140.5 50.7 -43.6 32.5 12.7
2292.9 7.9 58.4 -13.7 0.8 33.1
5 10.9 26.8
406.2 70.7 30.7 -5.4 21.5 -8.3
1524.6 147.1 46.9 -40.4 30.8 12.9
2292.9 10.5 56.6 -12.4 -0.6 34.3
5.1 11.4 28.7
406.7 71.9 31.1 -5.2 21 -8.4
1523.6 151.2 44.2 -37.6 28.5 14
2291.9 15.5 54.1 -10.3 -2.2 34.5
5 11.6 29.2
407.2 72.9 31.6 -5.1 20.7 -8.3
1523.5 153.4 43.3 -36.4 26.9 15.1
2292.6 18 53.2 -8.5 -4.8 35.9
5.1 11.2 28.4
407.3 73.7 32.7 -5.5 20.2 -7.9
1523.7 153.1 47.1 -38.4 25.1 17.3
2294.6 16.8 56.9 -9.1 -7.3 37.8
5 12.1 28.2
407.3 74 33.2 -5.8 20.1 -7.8
1523.6 152.7 50.4 -41 25.6 18
2295.9 15.8 60.3 -10.3 -7.9 38.2
4.8 11.9 25.8
407.4 73.9 33.5 -5.8 20.3 -7.4
1524.4 151 53.1 -42.6 25.9 18.7
2296.7 13.9 63.6 -10.9 -8 39.4
4.9 11.5 22.4
407.1 73.2 32.9 -6.5 20.5 -7.2
1524.7 148.7 54.2 -46.2 29.3 15.9
2294.9 12.8 62.9 -15.2 -3 35.2
4.7 12.4 20.3
407.4 72.7 32.5 -7.3 20.2 -7.4
1527 144.6 55.7 -49.4 29.9 16.2
2297.5 6.6 63.7 -19.1 -3.9 36.6
4.7 13.1 19.1
408.2 72.8 32.7 -7.6 20.4 -7.4
1532.8 138.1 59.1 -52.8 32.3 14.6
2305.3 -0.9 68.3 -23.5 -2.1 36.5
4.6 14.2 17.1
409.1 72.9 32.8 -7.5 20.7 -7.4
1539.2 131.6 61.4 -54.4 33.4 13.9
2313.5 -7.5 71.4 -25.4 -2.1 38
4.6 14.1 17.8
409.9 73 33 -6.8 21.1 -7.3
1544.4 128.6 60 -51.8 30.6 16.2
2320.9 -10.1 71.7 -23.7 -6.2 42.2
4.6 14.4 18.7
410.5 72.4 33.4 -5.5 22.2 -7.1
1552.8 120.9 61.4 -50.6 29.7 16
2331.9 -17.5 75.7 -24.1 -8.1 44.3
4.8 14.4 22.1
410.6 70.9 34 -3.3 23.9 -6.6
1562.8 111.5 62.9 -47.7 27 17.2
2345.1 -27.4 81.5 -23.7 -11.9 48.8
winner is: 17
