Regression analysis information for: KLH063c_1171
number of formants: 3
number of coeccicients: 5
0.9 3.9 8.4
457.7 -13.4 -2.9 6.6 -0.4 -2.7
1614.4 -78 23.2 -32.6 0.3 -6.8
2078.6 30.1 -74.6 31.1 -12.8 -2.5
1 2.9 8.5
458.8 -13.5 -2.7 6.6 -0.3 -2.8
1622.2 -74.8 23.4 -30.9 -1.2 -6.3
2126.3 53.6 -75.3 8.4 -20.9 -15.6
1 2.1 14.7
460.5 -13.8 -2 7.2 -0.4 -2.6
1636.1 -68.9 26.2 -24.3 -3.2 -2.3
2217.8 92.1 -62.1 -5.9 -45.4 -25.9
1.2 2 19.8
462 -13.8 -1.4 7.1 -0.2 -2.3
1646.5 -61.7 25.7 -24.9 -1.2 2.1
2302.5 125.2 -59.8 -27.8 -18.4 1.8
1.2 2.7 12.5
464.6 -13.9 -0.6 7.8 0.1 -2
1663.4 -55.6 24.6 -18.9 0.6 5.1
2366.8 47.1 -47.3 15.6 -18.4 -4.5
1.2 3.3 11.5
467.3 -13.7 0 9 0.4 -1.5
1678.4 -49.5 22.6 -12.5 2.6 7.3
2400.9 -5.7 -14 5.5 -26.1 17.1
1.1 3.9 1.6
470.6 -14.2 0.7 10.2 1 -1.1
1693.7 -48.2 20.3 -6.3 4.4 8.6
2431.9 -53.7 28.5 -33.3 5.2 -1.5
1.1 4.2 1.7
473.9 -15.3 1.7 11.2 1.6 -1
1706.4 -49.2 18.7 -2 6 8.6
2435.8 -46.8 22 -28.5 5.1 -0.6
1.2 4.7 1.8
477 -16.6 2.5 12 2.4 -0.9
1717.3 -49.9 17.2 0.8 7.8 8.5
2441.3 -43.7 18.1 -25.9 5.4 -0.1
1.2 5.2 2.2
479.8 -18.2 2.8 13.1 2.7 -1.1
1726.6 -51.3 15.3 4.5 8.5 8.2
2447.4 -43.2 15.6 -23.8 5.8 0
1.3 5.2 2.2
481.7 -20.3 3.1 14 2.6 -1
1732.4 -55.1 14.9 8.1 9.5 8.6
2451.8 -44.6 14.7 -20.9 6.6 0.4
1.3 5.5 2.3
482.3 -21 2.9 13.9 2.6 -1.4
1735.5 -55.9 14.1 8.5 9.9 8
2454.8 -45.3 14.1 -20.7 7 0
1.2 5.7 2.6
482.4 -21.2 2.9 14.4 2.4 -1.4
1736.4 -57.1 15.6 11.1 9.9 7.7
2455.8 -46.7 15.8 -18.5 7.2 -0.5
1.2 5.1 2.6
482.3 -21.3 2.3 14.4 1.8 -1.5
1737.4 -57.5 14 11.1 8.8 7.6
2457.1 -47 15.2 -18.2 6.9 -0.2
1 4.2 2.8
481.4 -21.5 1.3 13.3 1.3 -2
1734.2 -59.7 10.3 6.1 6.4 5.5
2454.6 -48.9 12.6 -22.2 5.2 -2
1.1 3.6 2.9
481.3 -21 1 13 1 -1.7
1733.9 -57.3 9.2 3.9 5.2 6.4
2454.1 -46.9 11.5 -24.6 4.1 -1.3
1.2 3.4 3
481.2 -20.8 0.1 12.8 0.8 -1.8
1732.8 -56.6 4.1 1.2 3.8 5.8
2452.9 -45.1 6.8 -26.4 3 -1.2
1.1 3 3.3
482 -20.6 0.1 12.8 0.6 -1.8
1736.4 -53.9 3.5 0.6 2.8 6
2455.9 -42.7 5.9 -27.2 2 -0.9
1.1 3 3.5
482.9 -20.9 -0.1 12.8 0.6 -1.7
1741.1 -54 1.4 -0.7 2 6.7
2460.1 -43 4.1 -28.8 1.1 -0.1
1.1 3.1 3.5
484.1 -21 -0.2 12.9 0.4 -1.7
1747.8 -53.2 0 -1.1 0.9 7.3
2466 -43 2.9 -29.8 0.1 0.7
winner is: 7
