Regression analysis information for: KLH063a_2278
number of formants: 3
number of coeccicients: 5
2.4 33.9 89.8
297.9 11.9 -13.3 -4.5 -0.7 3.4
1064.1 8.9 54.6 -12.2 58 44.1
2209.7 -10 18.6 -154.4 -8.2 65.6
2.2 34.6 70.4
298.3 11.3 -13.6 -4.3 -1 2.8
1068 0.7 52 -13.9 56.4 39
2248.8 -39.3 -3.7 -126.3 -43.6 50.9
2 34.8 52.9
298.8 11.1 -13.2 -3.9 -1.5 2.1
1073.1 -1.6 55.2 -12.6 54.8 35.4
2271.5 -38.6 -18.4 -109.2 -43.9 19.1
1.9 37.2 38.2
299.6 11.3 -13.3 -3.7 -1.9 1.6
1079.2 -0.8 56.1 -10.8 53.6 32.9
2302 -49.5 -35.5 -63.9 -47.2 -11.4
1.9 39.5 25.6
300.5 11.7 -13.2 -3.3 -2.5 1.1
1085.2 2.1 58.2 -7.1 52 31
2316 -35.2 -19.1 -48.9 -37.9 -2.3
2 41.7 21
301.3 12.3 -13.3 -2.9 -2.9 0.5
1090.4 6.1 58.5 -3.6 50.8 29
2333.1 -13.1 1.5 -26.4 -22.3 13
2 43.4 40.8
302 12.8 -13.1 -2.5 -3.3 -0.1
1095.6 10.1 60.7 -0.6 51.1 26.4
2356.5 19.8 33.4 6.6 5.6 37.2
2 44.3 37.8
302.7 13.4 -13.1 -2.3 -3.4 -0.5
1099.8 14.1 61.4 1.9 51.7 25.1
2362.1 21.4 31.2 9.2 3.1 33.1
2 46.4 37.6
302.9 14.1 -13 -2.4 -3.5 -1
1101.6 19.7 62.7 2.5 52.8 22.2
2365.5 28.9 31.4 11.9 4.1 28.5
2 46.5 37.9
303.1 14.1 -12.7 -1.9 -3.4 -1.5
1102.8 19.2 65.3 5.9 55 19.6
2368.7 29.8 34.2 16.2 6.8 23.8
1.9 46.5 38.1
303.3 14.1 -12.6 -1.7 -3.2 -1.6
1105.3 19.6 67.8 7 58.6 18.4
2373.5 30.9 37.8 18.6 13.4 20.5
1.9 45.8 37.7
303.7 14.2 -12.4 -1.7 -3.4 -1.9
1108.3 18.3 70.9 6.5 58.6 17.4
2379 28.5 43.2 19.4 12.6 19.1
1.8 44.6 36.4
304.1 14.3 -12.1 -1.8 -3.5 -2
1111.9 15.9 74.2 4.7 60 16.8
2385 23.7 48.7 17.8 14.5 18.5
1.8 42.8 32.7
304.4 14.2 -11.8 -2.1 -3.2 -1.5
1114.8 13 77.3 1.4 62 18.9
2388.6 17.6 54.5 12.2 17.8 24.9
1.8 42.4 32
305.3 14.1 -11.7 -2.2 -3 -1.6
1121.5 8.8 80.8 -1.4 65.4 18
2400 9.9 59.6 9.6 23.1 24.3
1.8 42.2 32.7
306.5 14 -11.7 -2.5 -3 -1.7
1129.4 3.6 84.6 -5.1 69.4 17.2
2414.3 2.1 64.4 6 28.1 23
1.9 42.2 34.3
307.8 13.9 -11.6 -2.9 -2.9 -1.9
1138.3 -3.8 89.7 -9.3 74.7 16.6
2430.7 -7.6 70.7 2.5 34.2 22
2.2 43.4 36.3
309.3 13.7 -11.5 -3.4 -3 -2.1
1148 -14.4 96.6 -14.9 82.1 15.8
2448.8 -19.1 78.9 -2.1 41.4 20.1
2.7 46.1 39.4
310.9 13.4 -11.4 -4 -3.2 -2.6
1157.6 -30.4 106 -22 92.1 14.9
2467.8 -34.2 89.7 -8.6 48.9 15.2
3.4 53 40.1
312.7 13.8 -11.3 -4.5 -3.8 -3.4
1163.5 -48.5 113.3 -27.6 105.3 16.1
2485.1 -47 98.8 -13.9 55.9 9
winner is: 6
