Regression analysis information for: KLH063a_3582
number of formants: 3
number of coeccicients: 5
4.6 7 13.8
596.9 -64.6 -10.1 -7.6 -2.5 -6.2
1272.1 97.8 41.7 36.6 16.2 -3
2362.4 -152.1 -49.5 -10.1 -21.1 -29.4
4.8 7.1 13.1
599.3 -62.9 -8.7 -6.8 -1.8 -6.1
1274.4 99.2 42.4 37 16.4 -3.4
2372 -134.3 -34.6 -2.3 -20.5 -34.4
4.8 7 12.7
600.1 -62.1 -8.7 -6.7 -2 -6.7
1275.7 100.5 42.2 37.1 16.1 -4.1
2372.9 -134 -33.9 -2.2 -20.3 -33.5
4.8 7 12.5
600.9 -61.8 -9 -6.3 -1.7 -7.4
1276.9 101.2 41.7 37.6 16.3 -4.9
2374.1 -133.1 -34 -2 -19.9 -33.3
4.8 7 13.2
601 -62.8 -10.1 -6.4 -1.9 -8.5
1277.5 100.6 40.8 37.9 15.8 -6.5
2375 -133.3 -35.4 -2.5 -20.2 -34.4
4.8 7 13.7
601.2 -63.6 -10.5 -5.9 -1.6 -9
1277.8 99.9 40.4 38.8 15.9 -7.5
2376 -133.4 -36.3 -2.1 -20.3 -35.4
4.7 7.4 13.9
600.8 -64.7 -10.9 -5.9 -1.7 -9
1277.4 98.7 39.8 39 15.7 -7.5
2375.9 -133.5 -36.4 -2.6 -21.5 -36.2
4.6 7.6 14
600.7 -66.1 -11.2 -5.2 -1.1 -9
1276.8 96.6 39.5 40.5 16.8 -7.5
2375.5 -135.1 -36.5 -1.3 -22 -37.5
4.6 7.9 13.6
600.3 -68.1 -11.9 -5.5 -0.8 -8.3
1275.5 93 37.9 40.2 17.6 -5.9
2374.2 -139.2 -38.5 -3.1 -23.3 -36.9
4.7 8.2 12.8
601.1 -69.7 -12 -4.9 -0.1 -8.4
1275.9 90.9 37.2 41.4 19 -5.3
2375.3 -142.5 -38.8 -1.2 -21.5 -36.2
4.9 8.4 12.4
602.6 -71 -11.9 -4.6 0.8 -8.7
1277.8 90.5 37.1 42.5 19.7 -5.3
2378.6 -144.3 -39.3 0 -19.4 -35.6
5.3 8.8 12
604.8 -72.8 -11.6 -3.9 1.8 -9.1
1279.9 89.8 37 43.9 21 -4.9
2383.3 -146.1 -38.9 2.5 -16.3 -34
5.8 9.3 11.7
607.7 -75 -11.1 -3.3 3 -9.5
1282.7 89.9 37 45.4 21.9 -4.6
2389.4 -147.1 -38.4 4.5 -13.1 -31.9
6.5 9.8 11.5
611.5 -77.9 -10.4 -2.6 4.4 -10.2
1285.5 91 37.2 46.9 22.8 -3.9
2396.3 -147.6 -37.7 6.7 -9.9 -29.6
7.4 10.3 11.7
616.2 -81.6 -9.4 -2.2 5.8 -11.2
1288.5 93.4 36.9 48.4 22.9 -3.1
2404.3 -147.5 -37.1 8.2 -7.2 -26.9
8.8 11.1 12.3
621.8 -86.3 -8.3 -1.7 7.2 -12.4
1290.6 97.4 36.3 50.2 22.8 -1.6
2412.2 -147.4 -36.6 9.9 -4.8 -24.1
10.8 12.3 13
629.3 -93.4 -6.6 -1.6 8.7 -14.1
1291.4 104.8 34.9 52.2 21.7 0.5
2421 -146.9 -36.3 10.9 -2.9 -20.8
13.9 14.4 13.8
639.2 -103.7 -3.7 -1.9 10.3 -16.6
1289.2 116.9 31.5 54.6 19.9 3.8
2429.6 -146.5 -36 11.5 -1.7 -17.6
19.8 18.6 15
652.4 -119.1 0.6 -3.1 12.1 -19.6
1282.3 138 25.6 58.4 17.7 9.1
2438 -145.6 -36.4 11.6 -0.2 -13.8
26.5 26.3 16.3
666.7 -134.4 1.8 -1 9.6 -19.6
1270.4 163.4 18.1 57.4 16.3 11
2445.1 -144.7 -38.7 9.3 -0.6 -10.8
winner is: 4
