Regression analysis information for: KLH063c_0015
number of formants: 3
number of coeccicients: 5
1 16.1 28.8
434.5 7.8 -2.5 4.4 -3 0.8
1739 40.5 2.1 17.4 -8.1 12.1
2008.2 -90.6 122.5 -87.2 27.2 -54.8
1 13.3 38.8
436.2 7.6 -2.3 4 -3.3 0.9
1745.3 39.5 -5 11.8 -6 15.4
2120.5 -69.6 172.9 -90.5 17.2 -58.6
1 11.9 69.8
438.2 7.3 -2.1 3.8 -3.5 1.2
1750.5 37.6 -8.3 10.8 -5 15.2
2261.5 -7.3 217.4 -48 -19.6 -19.3
1.1 10.9 63.1
440.3 6.9 -2.1 3.7 -3.7 1.4
1755.5 35.8 -11.1 10.8 -3.8 14.3
2377 -5.5 167.9 3.8 -38 46.3
1.1 10.4 60.1
442.2 6 -2.6 3.5 -4 1.6
1760 33.9 -13.6 10.8 -3 13.8
2449.5 11.6 67 -3.5 15.2 66.3
1.2 10 38
443.9 5.2 -2.8 3.8 -4.1 1.7
1763.5 32.1 -15 11.2 -2 13.3
2473.9 3.5 22.2 6.6 28.6 35.9
1.2 9.7 26.2
445.6 4.5 -3.3 4.1 -4.2 1.8
1766.6 30.8 -16.4 11.3 -1.4 12.9
2482.6 -2.5 11.7 14 25.9 19.2
1.2 9.7 23.3
446.8 4 -3.7 4.5 -4 1.8
1769.1 29.8 -17.6 11.7 -0.5 12.8
2486.4 -6.3 10 16.5 24.5 16.6
1.3 9.4 21.2
447.4 3.9 -3.9 4.9 -4.1 1.3
1770.3 29.2 -17.8 12.4 -0.3 11.8
2490.5 -7.9 7.9 18.1 23.6 14.6
1.3 9.4 19
448.2 3.9 -4.4 5 -4.3 1.3
1772 29.5 -19.1 12.4 -0.4 12.1
2494.7 -7.5 5 18.7 20.5 13.3
1.3 9.1 17.2
448.3 4.5 -4 4.3 -4.1 1
1772.4 29.9 -17.8 11.3 0.1 11
2496.7 -5.2 6.4 15.8 20 10.4
1.4 9.3 16.2
448.7 5.1 -3.9 3.6 -3.9 0.9
1773.1 31 -17.6 9.8 0.7 10.9
2498 0.4 7.8 9.5 19.4 9.4
1.5 9.1 13.9
449.4 5.4 -4.2 3.2 -4.2 1
1774.8 31.2 -18.1 8.2 0.8 11
2503.1 3.5 6.2 2.3 16.1 8.6
1.7 9 12.5
449.8 5.5 -4.7 3.1 -4.4 1.1
1776 30.8 -18.5 6.8 1.6 10.6
2505.7 3.9 4.8 -3.2 16.1 6.9
2.2 8.9 9.9
450.7 6.2 -5.5 3.5 -5.2 1.6
1779.2 30.2 -18.7 5.8 1.9 10.5
2516.4 4 3 -6.2 12.2 5.2
2.8 8.8 7.7
451.3 7.4 -6.9 4.7 -6.5 2.6
1782.9 29.1 -18.8 5.2 2.2 10.5
2528.8 2.5 1.8 -7 8.6 3.8
4.4 8.9 5.4
451.3 10.2 -9.6 7.2 -8.9 4.5
1787 27.9 -18.7 4.8 2.3 10.5
2542.4 0.5 1.2 -6.6 4.6 2.1
7.5 9.1 3.3
450.1 15.3 -14.5 11.8 -13 8.2
1791.4 26.6 -18.5 4.7 2.3 10.7
2556.7 -1.8 0.9 -5.5 0.4 0.9
16.6 9.5 3.8
445.3 27.2 -25.7 22.6 -22.5 17.3
1795.8 25.4 -18.5 4.7 2.3 11.3
2570.7 -4.6 1 -3.9 -2.5 0.5
91.5 57 78.9
482.1 -47.9 47.5 -54.6 53.5 -63
1822.6 -22.9 27.5 -42 47.5 -35.3
2613.1 -69.2 61.5 -62.6 53.5 -61.2
winner is: 17
