Regression analysis information for: KLH063a_4378
number of formants: 3
number of coeccicients: 5
6.2 17.4 16.4
541.3 99.2 3.1 0.7 -0.5 -2.9
1617.2 -74.7 -16 -37.2 16.5 -24.9
2268.9 94.2 29.8 -47.7 29.5 0.9
6.3 16.7 11.9
542.8 98.7 4.1 -0.2 -0.3 -2.6
1628.3 -88.2 -6.9 -41.9 15.6 -22.6
2280.9 106 35.1 -61.4 3.9 -20.8
6.1 17.1 10.7
544.6 97.5 4.8 -0.6 -0.3 -2.5
1641.7 -105.8 -0.9 -39.6 10.4 -18.9
2284.4 98.7 34.5 -59.6 5.4 -17.3
6.1 15 9.3
546.1 96.8 5.7 -1.1 -0.9 -2.3
1652.4 -119.9 6.5 -38.7 3.6 -12.8
2286.2 92.7 36 -59.1 5.5 -12
6.2 15 7.7
547.1 96.7 5 0.1 -2.1 -1.8
1661.4 -127.9 1.2 -25.7 -8.4 -8.2
2289.5 89.5 31.7 -54.4 3.6 -11.9
6.4 13.5 6.6
549.1 95.8 4.9 1.3 -2.8 -1.4
1677.7 -145.7 -0.9 -10.5 -22.1 -1.6
2297.1 85.4 27.3 -47.7 3.4 -12.5
6.6 13.1 6.3
551.5 95 4.3 2.5 -3.4 -1.4
1695.1 -163.9 -4.7 5.5 -34.9 3
2307.1 82.4 20.9 -41.4 3.6 -13.5
6.7 11.1 6.7
554.1 93.8 4.2 3.6 -3.7 -1.4
1713.8 -184.2 -5.1 17.7 -44.9 5.7
2318.7 79.9 15.9 -36.3 4.4 -13.9
6.9 9.8 6.6
556.4 93.4 4.6 4.1 -3.1 -1.6
1726.6 -197.4 -1.6 20.2 -46.1 5
2328.4 81 14.5 -34.2 7.2 -13.5
6.9 8.3 6.4
558.5 93.4 5 5 -3 -1.4
1737.8 -208.5 0.7 25.6 -50.2 6.6
2337.5 82.6 14.5 -30.1 7.4 -11.6
7 9.7 7.4
561.1 93 5 6.6 -2.7 -1.5
1749.9 -220.8 2.1 32.3 -54.2 6.7
2348.2 81.5 12.1 -22.4 7 -10.8
7.1 10.5 9.1
563.7 92.6 5.4 7.7 -2.5 -1.6
1762.9 -234.7 6.6 34.3 -54.4 5.1
2360 79.1 11 -15.9 4.4 -9.1
7.3 10.4 11.2
566.1 92.3 5.7 8.5 -2.2 -1.3
1774.5 -247.1 12.2 33.4 -53.5 4.5
2371.4 76.6 9.6 -11.1 1 -4.6
7.4 9.8 13.2
568.4 92 6 8.9 -2.4 -0.5
1785.9 -259.6 17.9 30.9 -52.5 4.1
2383.6 73.2 7.4 -8 -5.3 3.3
7.6 7.9 14
570.4 93 6.2 9.5 -2.6 0.3
1792.3 -262.9 19.4 31.6 -54.2 7.6
2393.6 74.7 7 -6.6 -9.7 10.7
7.6 8.4 15.2
572.5 93.8 6.3 9.5 -2.7 1
1801.8 -272 25.3 26.6 -51.4 5.9
2404.2 75.3 4.5 -6.3 -15.4 18.8
7.8 8 16.3
574.5 95.3 6.3 9.6 -2.5 1.8
1808.9 -276.1 28.2 22.9 -49.6 5.8
2413.9 79 1.9 -7.9 -18.7 26.3
7.9 8 17.6
576.4 97.2 6.5 9.4 -2.5 2.6
1815.6 -280.3 32.9 18 -47.3 6.1
2422.8 83.7 0.1 -9.5 -22.5 33.8
8.2 9.8 19.4
578.8 99.2 6.1 9.9 -2.5 3.2
1826 -288.7 37.7 12.8 -43 2.5
2434.9 86.4 -4 -7.2 -29.4 44
8.2 12.6 21.3
581.3 101.8 5.5 10.7 -2.9 3.7
1837.2 -298.6 42.7 7.7 -37.9 -3.3
2447.1 89.7 -9 -2.9 -39.1 55.4
winner is: 10
