Regression analysis information for: KLH063c_1044
number of formants: 3
number of coeccicients: 5
5.7 56 11.5
310.8 39.6 40.2 1.9 5.5 -9.7
1483.5 317.6 -39.7 -146.1 -82 -121.4
2257.8 -92.9 9.3 -10.6 14.7 -1
5.9 45.6 13.5
311.4 40.3 40.4 1.2 4.8 -10
1517.7 357.4 -44.6 -213.6 -109 -94.5
2259.8 -90.8 10.6 -12.5 11.8 -3.6
5.3 50.9 10.8
310.9 39.6 40.6 1.8 6 -8.9
1501 340.9 -15.5 -198.6 -96.7 -79.7
2257.3 -94.6 11.3 -10.4 16.7 0.3
4.8 32.1 10.8
309.8 37.1 40.5 2.9 7.8 -7.2
1438.2 219.5 1.9 -101.6 -6 -33.7
2260 -96.2 13.3 -12 14.7 -1.4
4.7 26.7 11.1
310.6 36.6 41.2 3.1 7.4 -7.2
1465.4 201.2 17.3 -88 -24.8 -53.2
2263.1 -99 15.7 -12.5 14.4 -1.7
5 31.4 11.6
312.1 36.8 42.5 3.7 7.1 -7.2
1527.4 193.4 21.4 -68.9 -39 -68.3
2265.5 -103.2 17.2 -13.2 14.4 -0.8
5.4 123.3 32.7
314.6 37.7 44.5 4.3 7.1 -7.3
1662.3 142.3 53.7 -34.4 -85.2 -54.4
2278.5 -134.2 31.1 -15.8 3 23
5.9 135.2 95.2
317.9 39.6 47.2 5.2 7.2 -7.4
1990.7 -82.7 152 81.2 -212 -25.9
2365 -186.1 -0.7 99.6 -91.1 -48.5
6.1 72.4 123.4
321.7 43 50.2 6.2 7.8 -7.4
2145.6 -121.7 140.5 56 -130.4 -34.6
2486.1 -23.2 28.5 126.6 -101.1 -222.5
5.9 18 84.3
324.9 47.2 52.5 7.1 9 -7.5
2242.9 -114 5.6 -6.3 6.7 0.4
2698.4 152.2 -91.8 38 30.1 -68.4
4.8 14.5 30.5
325.7 48.2 51.8 6.6 9.7 -6.5
2247.2 -118.2 10.7 -15.2 11.5 -1.4
2734.9 162.7 -119.5 -2.6 13 -26.2
4.4 13.9 31.5
324.8 47.4 50.3 6.2 10.3 -5.9
2249.6 -120.8 13.9 -17.2 12.8 -2
2753.4 151.3 -118.2 9.4 6.7 -31.7
4.4 13.1 33.9
323.2 45.7 48.8 5.4 10.4 -6
2251.2 -122.3 14.2 -16.7 12.3 -1.1
2773.4 141.5 -123.5 22.2 1.8 -36
4.5 13.6 48.6
321.4 44.6 48.2 4.6 9.7 -7.1
2251.8 -124.1 11.2 -13 9.4 2.1
2785.3 123 -147.2 36.7 1 -39.2
4.6 20.3 52
320.6 44.5 47.9 4.1 8.8 -7.9
2247.4 -118.2 1.4 -4.2 2.9 6.8
2751.5 158.9 -157.6 9.3 28 -30.7
4.6 24.3 45.1
320.3 44.7 48 4 8.2 -8.5
2237.4 -104.5 -11.4 3.6 -0.9 9.2
2706.4 194 -159.4 -25.8 64.4 -39.8
4.6 31.6 30.5
320.1 45.1 48.1 4 8 -8.8
2216.7 -70.1 -32.4 10.9 0.8 6.5
2681.2 218.3 -134.9 -48.6 77.4 -48.2
4.5 24.7 26.7
320.1 45.2 48.3 4 8 -8.9
2214.7 -66.7 -29.9 5.5 10.8 -9.8
2676.3 229.1 -108.2 -42.8 64.9 -58.4
4.3 22.5 25.2
320.1 44.8 48.5 4.1 8.4 -8.6
2232.5 -96.8 -3.1 -8.1 15.7 -12.9
2680.4 236.9 -81 -25.3 33.6 -66.4
4 13.5 40.7
319.9 43.7 48.6 4.4 9.1 -7.9
2252.9 -127.9 19.9 -15.4 12.3 -7
2719.9 209.9 -74.6 -4.8 20.6 -86.3
winner is: 5
