Regression analysis information for: KLH063c_1138
number of formants: 3
number of coeccicients: 5
12.4 213.7 104.8
388.6 -26.9 -9.2 -9.7 1.8 1.2
1875.3 45 -481.2 -66 -104 -59.2
2424.3 16.5 -139.7 8.1 1 -131.6
7.7 178.5 80.2
391.8 -37.7 3.4 -16.6 7.8 -4.1
1744.9 -304 -204.3 264.6 250 -83.6
2420.9 -43.5 -119.3 49.4 92.6 -126.2
8.9 154.5 73.3
391.2 -38.7 6.9 -18.2 8.9 -5.6
1643.2 -220.3 -29.1 186.4 187.3 -187
2374.9 -5 -70.9 3.8 114.2 -143
20.8 262.3 83.3
382.4 -30.9 19.3 -35.7 16.3 5.4
1509.3 -98.6 219.9 28.8 28.3 3.4
2333.9 19.4 5.5 -44.7 78.2 -89.9
9.9 118.6 84
391.9 -40.8 10.6 -19.5 10.6 -6.8
1751.5 -293.1 130 169.2 54 -82.4
2379.3 -17.5 -25 -7.9 94.7 -129.1
10 151.1 86.8
393.3 -41.1 11 -20.3 10.7 -6.7
1800.4 -268.1 172.9 182.1 22.7 -31.8
2413.2 -64 6.2 -2.5 64 -72.6
9.5 118.3 73.3
394.1 -39.5 10.1 -20.1 9.2 -5.6
2086.8 -48.3 4 1.3 -139.8 -92.3
2507.5 -86.2 -49.1 18.6 -37.3 -65.6
7.5 68.5 48.7
393.8 -35.1 6.2 -16.9 5.7 -2.1
2197.4 101.6 36.7 -1.2 -78.8 -23.2
2553.2 -10.2 -9 14.2 -62.7 -102.4
6.7 14.5 21
393.6 -32.7 4.8 -15.3 4.5 -0.5
2230.9 99 -44.6 -34.4 -15.9 20.5
2605.1 26.5 -50.7 5.6 10.3 -42.9
5.8 13.7 19.5
392.8 -30.4 3.5 -14 3.7 1.4
2229.3 93.9 -45.6 -34.5 -19.6 17.2
2612.4 35.5 -43.5 10.6 9.5 -43.1
4.8 14.2 20.1
391.9 -28.6 2.6 -13.2 3.5 3
2230.6 93.7 -45.8 -35 -22 15.9
2618.1 43.2 -40.7 12.9 8.8 -43.9
4.4 16.2 21.9
390.3 -27.5 2.6 -12.1 3.1 3.8
2235 101.9 -50.2 -40.5 -23.9 18.8
2616.5 51.6 -42.9 14.9 13.6 -45.1
4.2 19.4 25.7
389.1 -27.1 2.6 -11.1 3.1 4.2
2238.5 115 -56.1 -50.5 -27.2 23
2604.2 55.9 -41.3 24.7 28 -43.9
4 23.5 30.3
388.2 -27.1 2.6 -10.4 2.7 4.5
2240.4 129.2 -65.2 -61.4 -36.5 29.8
2575.6 31.8 -40.8 46 48.1 -31.7
3.9 21.3 28.8
387.9 -27.2 2.7 -10.1 2.4 4.6
2236 130.1 -66.5 -56.8 -34.8 33.1
2564.7 22.4 -38 52.1 50.1 -26.1
4 20.8 27.4
388 -27.4 3 -10 2.4 4.5
2232.9 124.1 -63 -49.4 -29.9 33.1
2565.3 19.4 -32.3 54.1 45.4 -27.5
4 19.4 27.8
388.3 -27.7 3.3 -10.1 2.4 4.4
2236.5 117.7 -60.3 -46.2 -30.9 31.5
2574.9 18.9 -28.1 55.6 37.3 -31.6
4.1 19.4 28.4
388.7 -28 3.7 -10.1 2.3 4.4
2244.9 113 -52.8 -45.2 -33.4 30.2
2585.7 18.6 -17.8 60.6 28.3 -35.7
4.1 22.5 29.1
389.2 -28.5 4 -10.1 2.2 4.3
2254.5 105.3 -48.5 -44.7 -38.2 28.3
2600.4 15.1 -11.1 66 16.9 -40.7
4.1 23.6 31
389.9 -28.8 4.2 -10.1 2.2 4.2
2267.3 99.1 -46.1 -42 -36.2 27
2628.5 21.1 -9.8 64.9 4.4 -46.2
winner is: 10
