Regression analysis information for: KLH063a_4069
number of formants: 3
number of coeccicients: 5
10.4 69.2 130.6
448.9 -55.3 41.4 -30.6 17.1 18.6
1408.7 -181.6 93.1 -73.8 17.2 214
2127.6 -176 24.1 -132.6 -71.6 82
10.7 83.2 146.9
447.1 -48.1 38.6 -23.6 14.3 21.1
1425.3 -190.2 72.3 -78.2 10.6 201.7
2166.9 -107.8 102.8 -63.2 -42.9 102.4
11.1 70.4 91.5
443.1 -37.3 32.2 -16.2 9.6 24.2
1436.4 -156.7 118.7 -52.9 10.3 190.8
2232 3.2 200.7 22.4 43.4 183.7
14.3 79.1 88.5
431.2 -9.5 9.4 8.4 -9.5 42.1
1451.1 -144.6 104.3 -35 0 181.6
2230 -2.2 212.6 47.4 18.2 149.2
16.2 96 100.9
425.8 2.2 -1.1 15.9 -13.2 44.6
1453 -103.3 39.2 -19 30.7 171
2216.6 31.8 194.9 31.8 51.7 117.9
15.7 85.8 107.7
425.5 3.2 -4.5 16.7 -13.7 43
1513.3 -132.8 -36.9 38.1 13.3 186.6
2265.9 -10.6 181.3 79.8 -13.3 150.5
15.1 66.1 103.1
425.7 2.5 -7.3 17.6 -14.1 41.1
1550.9 -155.7 -108.4 92.5 12.8 167.3
2322.7 -37.1 82 139.5 42.2 116
13.9 57.8 87.5
425.9 2.3 -10.3 17.9 -13.9 39.2
1563.4 -175.4 -126.7 110.9 -0.4 154.6
2440 -56.3 -92.9 152.5 142.6 178.1
12.1 69.1 71.8
424.4 1.4 -12.9 18.6 -14.2 35.9
1559.3 -201.4 -136.4 128.1 -3.4 145
2427.6 -93.3 -64.1 219.3 99.2 118.5
12.4 68.6 82.5
423.8 1 -13.9 14.9 -14.8 34.3
1570.5 -217.6 -146.7 94.9 -28.8 135.9
2461.2 -95.8 -99.7 173.8 105.5 166.2
11.5 70.4 95.2
423.2 3.2 -15.2 13.4 -14.4 32.9
1582.4 -201.2 -153.5 75 -47.2 132
2463.9 -24.4 -156 128.1 126.8 167.9
11 54.4 95
423.6 5.7 -16.9 12.7 -15.6 32.4
1595.9 -154.2 -170 52.6 -68.4 98.2
2505.5 44.9 -210.9 56.5 114.6 164.3
11.5 54.2 90.7
423.7 8 -17.7 11.8 -17.1 32.4
1611.4 -124.3 -164 27.8 -93.2 82.3
2569.3 169.9 -239 -88.7 9.8 110.2
14.7 78 83
423.4 12.2 -20.2 13.3 -20.9 35.3
1626.4 -94.5 -160.4 22.7 -124.2 91.8
2590 225.6 -210.4 -92.9 -35.4 61.2
18.9 101.7 126.3
434.7 -7.9 -0.6 -6.2 -3.8 19.4
1674.3 -147.1 -99.3 -31.7 -80.2 47.3
2628.5 185.7 -163.9 -128.3 17.9 -6
21.2 70.5 140
438.5 -12 4.2 -10.3 -1.2 18.3
1730.7 -214.3 -22.7 -94.1 -34.6 17.1
2683.6 117.7 -103.9 -158.6 43.2 -19.8
24.1 88.4 121.3
441.2 -16.7 9.6 -11.6 1.2 17.2
1726.5 -183.2 -30.7 -58.9 -40.6 5.8
2727.7 80.1 -87.9 -132.9 10.4 8.6
23.8 61.6 115
442.5 -17.2 11.2 -10.8 1.9 18.4
1763.1 -222.2 18.2 -73.7 -17.5 8.2
2835.8 -79.1 24.1 -158.4 -16.4 98.5
31.2 36.1 55.6
443.5 -17.4 11.4 -7.6 -0.3 23
1787.5 -249.9 46.3 -76.9 13.2 -21.3
2890.5 -155.2 60.8 -171.5 25.2 31.3
24.2 35.4 53.4
454 -38.6 32 -25.6 19.1 5.2
1789.1 -259.3 48.2 -50.2 24 -16.8
2897.8 -173.2 42.9 -123.2 29.3 21.8
winner is: 20
