Regression analysis information for: KLH063a_5118
number of formants: 3
number of coeccicients: 5
29.4 40 88.3
628.7 -64.8 -38.4 -6.7 -14.1 2.1
945.1 -52.1 -43.6 -43 -3.7 -7.3
2186.1 36.9 27.7 -81.7 95.5 -57.1
32.2 46.2 88.9
636.6 -67.3 -36.2 -7.6 -20.6 5.5
945.6 -45 -41.6 -53.9 -8.7 -11.3
2213.5 62.4 23.6 -118.2 79.6 -47.1
32.8 73.8 55.6
641.7 -67.5 -34.3 -7.7 -21.4 10.2
986.1 -98.3 -51.5 6.1 -80.6 21.7
2277.6 -20.5 15.1 -25.1 -26.9 4.8
31.9 67.8 51
643.8 -63.6 -29.1 -5.1 -22.5 10.2
982.2 -100.3 -47 7.9 -87.4 18.9
2285.3 -19.5 18 -19.6 -29.6 1.3
31 71.3 45.6
645.8 -58.6 -23.4 -0.7 -22.8 11
990.5 -116 -56.1 29.2 -105.2 11.5
2303.3 -35.4 8.5 12.7 -53.4 -5.4
32.1 71.1 40.5
648.6 -57 -19.7 2.7 -21.8 11.5
991.2 -121 -59 31.9 -109 10.5
2306.2 -34.4 7.6 17 -55.5 -9.7
29.3 67.4 43.3
647.9 -59 -19.1 3.4 -20.9 8.2
989 -117.8 -58.4 34.1 -101 6.6
2310.8 -37.6 6.7 22.9 -61.1 -13.9
30.1 67.6 40.9
651.2 -57.3 -12 8.3 -18.3 10.6
987.7 -121.9 -63.2 32.4 -104.1 2.5
2314.6 -40 12.3 27.1 -64.7 -15.6
29.9 68.6 40.9
654.7 -59.9 -9.7 10.2 -17.7 11.6
989.2 -125.7 -66.7 35.7 -108.1 1.5
2322.3 -46.5 15.5 32.2 -66.5 -15.6
30.7 68.5 42.5
658 -63.9 -9.9 11.3 -16.5 11.1
990.6 -128.1 -69.4 37.9 -110.5 -0.2
2332 -52.3 16.6 38.7 -64.9 -16.4
33.5 68.4 42.7
660.7 -73.2 -11.6 8.5 -14.6 11.2
989 -130 -73.9 39.1 -112.9 0.7
2340.1 -64.5 16.6 39.6 -57.7 -9.3
38.6 67.7 43.3
664 -84 -18.7 0.7 -15.1 7.7
987.6 -128.7 -75.6 38.2 -114.7 -0.2
2351.6 -71.7 14 36.9 -52 -6.9
41.3 110.1 76.3
676.1 -76.2 -11.3 7.8 -3.4 14.6
1018.6 -64.6 -15.2 91.8 -65.6 41.8
2389.8 -26.7 59.6 78.2 -6.6 27.8
47.4 104.9 74.2
677.9 -87.3 -23 -3.4 -9.6 8.6
1013.3 -60.1 -15.6 83 -59.2 40.2
2401.2 -26.7 57.7 71.6 0.7 27.9
41.9 157.4 107.4
697.3 -63.1 -1.9 13.7 10.4 23.9
1074.7 71.4 107.3 188.2 46.8 123.5
2464.5 76.2 155.5 152.2 87.4 92.4
43.1 152 102.9
704.7 -61.7 -3.8 7.8 10.5 22.4
1066.1 74.5 104.4 180.5 55.8 121.9
2473.7 78.7 156 140.5 98.5 89.5
43.6 152.4 104.6
709.6 -59.6 -14.2 1.6 3.2 22.8
1060 70.7 95.1 187.4 52.2 123.1
2487.7 77.3 154.8 136.7 101.4 85.6
44.1 252.7 151.5
723.7 -56.9 -7.6 -7.7 5.6 12.9
1136.7 27.1 247.5 137 176.5 35
2562.1 46.5 271.7 90.7 194.9 13.4
39.3 229.2 129.7
734 -48.7 -9.4 -7.5 3.9 16.1
1163.6 87 314.2 226.9 246.1 112.7
2605.5 98.7 329.8 148.6 249.9 66.7
40.6 281.9 147.9
738.7 -65.4 -6.3 -10.9 17.2 9.5
1207.7 44.6 349.9 146.7 254.1 69.3
2646.5 114.3 325.4 99.3 212.5 50.8
winner is: 8
