Regression analysis information for: KLH063a_3184
number of formants: 3
number of coeccicients: 5
18.1 119.6 152.7
396.1 15.2 -5.2 -20.2 -41.9 -33
1281.4 26.8 208.8 11.2 -27.8 -110
2424.2 13.2 58.6 80 -106.6 -83.6
13.5 44.2 20.1
402.6 14 -11.1 -24.8 -34.7 -26.9
1335.5 49.2 106.7 -35.4 55.2 -28.3
2502.6 44.5 -88.8 3.7 19.5 36.9
14.6 42.8 19.3
402.8 12.7 -10.2 -28.2 -33.4 -26.3
1336.2 50 105.9 -31.5 53.3 -29.4
2504.9 45.7 -92.3 8.2 21.7 35.7
15.5 43.3 17.5
398.8 14.4 -11.6 -31.6 -30.5 -27.9
1338.4 50.1 106.2 -31.9 52.4 -32.3
2510.6 48.5 -92.4 12.5 22.3 32.9
15.1 44.5 14.5
392.4 14.3 -12.6 -31.1 -28.4 -29.1
1340.8 51.5 105.5 -35 52.6 -35.2
2517.4 54.8 -91.4 10.1 21.4 30.7
15.2 46.8 14.9
386.1 17.7 -15 -35.8 -22.4 -27.3
1339 50.6 102.6 -39.1 51.8 -42.5
2524.2 55 -91.2 18.4 18.7 21.7
13.9 51.2 15.8
378.2 21.1 -18.5 -35 -17.7 -22.9
1334.9 53.2 98.5 -44.9 56.9 -49.8
2531.1 55.2 -91.1 19.9 13.4 13.4
12.7 53.5 17.2
370.6 20.5 -15.3 -32.7 -16 -21.6
1327.7 55.6 95.2 -49.4 62.5 -51.9
2540.4 57.3 -100.8 19.3 13.4 9.5
12.2 56.4 18.7
365.9 18.8 -12.9 -29.3 -15.2 -21.3
1321 53.1 93.8 -48.5 68.2 -50.7
2545.7 60.5 -106.5 16.7 13.2 7.6
11.5 59.6 19.9
362.2 17.3 -11.5 -25.9 -15.1 -20.8
1312.1 45.1 92.1 -44 74.8 -46.3
2549.1 63.1 -111 13.5 12.9 6.5
10.8 60.8 20.9
359.3 15.9 -10.3 -23.5 -15.6 -20.6
1300.4 34 91.1 -36.8 80.4 -39.7
2551.5 63.2 -116.1 12.2 14.3 7.1
10.5 60.6 22.7
357 15.7 -8.4 -22.4 -16 -20
1290.5 27.9 96.7 -30.4 82.9 -35.7
2553.3 61.2 -122.1 14.2 16.9 7.3
10.1 58.2 25.2
355.3 15.9 -6.7 -22.1 -16.6 -19.1
1281.7 27.4 104.2 -26.1 80.9 -30.5
2554.7 59.3 -126.5 18.2 20.4 8.6
9.8 55.1 27.2
354.2 16.3 -5.6 -22.2 -17.3 -18.6
1274.2 30.5 109.3 -24.4 75.4 -26.1
2554.9 57.8 -129.9 20.4 21 9
9.3 50.6 28.9
353.2 16.7 -4.5 -22.1 -17.8 -18.1
1266.1 36.1 115.3 -20.2 69.8 -19.6
2554.3 57.5 -130.2 23.7 23.2 11.9
9.2 43.8 28.2
352.6 17.4 -3.5 -22.9 -17.9 -17.3
1261.1 45.9 121.8 -23.3 66.8 -9.9
2553 62.5 -125 20 22.5 16.7
9.1 41.8 27.4
352.2 17.9 -2.3 -22.8 -18.8 -17.4
1258.8 55.2 133.7 -18.4 59.7 -7.4
2550.8 71 -111.4 17.5 17.9 24.3
8.6 34.6 24.6
351.8 18.7 -1.3 -21.8 -19.6 -17.5
1255.7 69 141.4 -3.9 52.2 -4.5
2548.7 79.9 -99 19.9 16.2 27.9
8.4 33.1 23
352.2 19.3 -0.4 -21.7 -20 -18
1261.3 79.3 153.1 1.4 52.4 -5.4
2551.3 89.1 -87.7 21 15.9 26.7
8.4 35 23.3
353.1 20.1 0.4 -21.8 -20.2 -18.3
1272.5 90 165.2 4.5 56 -5.7
2559.5 98.8 -81.6 22.8 15.4 25.1
winner is: 19
