Regression analysis information for: KLH063a_4304
number of formants: 3
number of coeccicients: 5
11.2 31.3 24.3
435.5 19.5 3.1 4.9 -8.7 -7.5
1656.1 66.8 -45.2 -49.9 -17.2 -45.6
2135.7 -64.4 2.2 -73.4 5.5 -22
10.9 32.2 23
434.5 21.9 2 5 -8.5 -6.7
1650.5 83.1 -48.6 -57.6 -3.6 -39.4
2132.1 -54.5 4.1 -80.8 11.9 -16.5
10.7 28.9 21.6
434.4 22.9 1 5.4 -9.4 -6.1
1650.8 89.4 -55.6 -58.7 -12.6 -36.5
2132.9 -46.8 1.3 -82.5 5.7 -15.1
10.6 23.9 20.9
435.2 23.4 0.7 5.2 -9.6 -5.2
1658.6 99.7 -58.2 -61 -13.3 -23.7
2137.8 -37.3 -4.6 -81 -0.9 -8.8
10.7 19.7 20.5
436 23.3 0.5 5.3 -9.6 -5.1
1668.5 99.7 -62.6 -58.1 -12.5 -22.6
2145.3 -34.6 -7.9 -78.9 -3.7 -10.9
10.8 18.6 19.1
437.6 23.5 0.3 5.8 -9.4 -5.2
1689 105.8 -65.6 -47.4 -7.9 -26.2
2157.4 -30.2 -8.8 -79.9 -6.3 -18.9
11 24 22.1
440 23.5 0.3 6.8 -9.9 -4.7
1724.9 108.1 -62.7 -25.5 -8 -20.6
2174.7 -26.9 -6.4 -88.1 -13.8 -25.8
11.5 34.1 22.3
444.3 22.8 0 8.3 -10 -3.7
1784.4 92.4 -82.8 1.8 -5.6 -12.8
2212.9 -17.9 5.4 -84.2 -12.4 -26.2
12 24.9 64.2
450.6 21.5 -1.2 9.7 -10.1 -2.4
1838.7 72 -95.8 -5.8 -0.3 5.8
2361.6 -36.1 -73.6 -3.9 -16.2 -53.2
12.4 19.1 52.4
458.2 20.3 -4.4 11.3 -9.7 -1
1871.1 55.2 -90.8 -9.7 -5.4 17.5
2531.6 8 -211.3 -48.3 31 3.4
12.4 17.5 42.3
465.3 20.2 -8.7 11.4 -8.9 -0.7
1889.5 48.5 -86.2 -12.2 -8.4 19.7
2573.6 31.5 -184 -45.5 10.8 -11.2
12.6 16.9 36.5
470.7 21.2 -13.3 10.8 -8.5 -0.3
1900.7 45.4 -84.2 -13.5 -10.6 20
2601.9 45.7 -174.3 -43.8 -0.5 -21.4
12.8 17 34.5
473 23.1 -15.2 8.4 -8.1 0.4
1907.7 44 -82.9 -15.3 -11.8 19.7
2620.2 55.3 -172 -45.4 -6.7 -30.3
12.8 16.6 37.6
472.6 24.9 -14.3 6.8 -8.4 -0.6
1909.7 47.6 -84.1 -17.6 -10 14.9
2628.3 68.4 -176.1 -51.2 -5.7 -45.3
12.6 17.2 39.5
470 25.6 -10.4 7.6 -9.5 -2.6
1909.7 51.5 -84 -19.5 -8.7 11.8
2632.8 79.5 -177.8 -56.4 -4.7 -53.7
12.3 16.9 39.9
467.9 25.6 -6.5 8.2 -10.8 -4.1
1908.9 54.2 -81.6 -22.6 -7.7 9.2
2635.7 88.7 -172.9 -62.8 -4 -57.2
12.1 16.2 35.7
465.8 26 -4 8.5 -11.7 -4.3
1903 60.3 -78.5 -24.1 -10.3 11.8
2625.8 100.4 -163.8 -72.5 -9.8 -49.1
12.2 16.2 34.7
465.7 25.5 -3.5 8.8 -12.1 -4.6
1901.8 59.9 -77.8 -22.4 -13.4 10.1
2625.3 96.7 -159.4 -70.4 -18.2 -51.3
12.5 16.2 33
466.2 25.9 -3.4 8.5 -11.6 -4.1
1903.3 55.4 -70.1 -21.4 -15.3 12.1
2625.8 97.3 -141.4 -63 -18.5 -50.4
12.8 17 33.9
466.7 26.3 -3.8 7.9 -10.8 -3.7
1905.6 47.8 -61.5 -20.6 -17.5 15.8
2624.5 93.4 -123.3 -53.6 -15.2 -47.1
winner is: 6
