Regression analysis information for: KLH063b_0010
number of formants: 3
number of coeccicients: 5
15.1 59.8 147.2
450.3 6.5 67.3 4 8.7 9.7
936.8 129 28.5 3.8 12 37.4
2316.3 -44.1 108.8 50.6 -24 102.3
18.1 75.2 99.9
453.8 8.7 61.5 5.9 6.2 7.5
957.1 124.6 9 12.7 -0.5 38.4
2411.2 -19.8 22.2 -4.2 -75.7 131.9
20.7 90.9 74.8
457.7 9.4 57.7 5.4 5 5.5
978.4 118.3 -13.2 23.7 -10.6 36.5
2435.9 -9.6 -2.1 -13.5 -99.3 112.2
21.4 99.6 70.1
461.6 7.7 55.3 6 3.5 4.6
994 110.5 -30.7 38.7 -16.6 25.3
2442.5 -15.6 -10.5 -6.2 -90.8 99.4
21.8 109 64.7
466.3 4 56.2 4.6 4.4 1.6
1010.1 104.4 -53 58.3 -16.6 4.2
2454.8 -28.2 -11.9 -10.6 -80 85.3
21.6 110.8 56.5
470.6 -1.5 60.1 2.3 7.4 -2.5
1010.9 106 -56.9 67 -17.2 -6.2
2468 -39.8 -11.6 -13.4 -70 71.5
20.9 96.1 52.1
474.4 -7 67 -4.6 12.1 -4
992.9 129.3 -46.5 40.3 0.2 0.5
2478.6 -51.7 -0.4 -26.9 -57.8 64.2
19.2 67.5 44.4
479.8 -15.8 76.2 -10.8 15.3 -2
957.7 167.9 -15.1 -17.8 27.5 31.1
2492.8 -72.1 23.1 -50.4 -36.1 50.8
18.8 74.8 40.6
484.3 -24.4 85.5 -15.2 19.3 -2.3
954.7 156.2 23.4 -54.2 57.7 7.1
2515.7 -118.7 76.6 -96.1 11.6 6.1
18.6 98 36.6
483.8 -24.8 87.4 -15.4 24.7 -7.6
962.3 129.3 62.3 -82.2 79.1 -13
2510.1 -116.7 82.7 -85.1 14.6 -2.2
17.7 102.5 35.5
484 -21.7 85.6 -14 26.6 -9
966.7 126.5 64.6 -85.9 84.2 -16.9
2515.2 -116.7 83.5 -85 21.8 -0.2
21.4 137.3 38.9
483.5 -17.1 80.5 -10.1 29.9 -12.9
996 102.3 36.6 -55 100.5 -70.6
2534.5 -127.5 58.3 -54.7 37.4 -29.5
27.6 164.1 56.6
483.4 -10.1 71.3 -4 30.2 -15
1021.9 88.9 -1.6 -25.2 123.6 -119.9
2560.1 -136.8 26.2 -31.8 54 -55.5
40.9 187.8 68.6
481.6 -1.3 69.3 -2.5 28 -11.3
1045.7 36 64.9 -76.8 134 -98.1
2582.3 -156.9 40.2 -42.2 60.8 -46.5
31.4 259.7 111.4
496.1 -17.7 84.8 -10 29.5 -5.4
1119 -66 99.7 -98.7 174.5 -114.3
2631.7 -202.3 45 -48.1 85.9 -53
28.4 304 134.2
511.1 -21.9 80 -4.3 35.4 -7.1
1155.3 -38.7 -66.8 10.4 215.6 -144.3
2665.9 -202 -7.9 -16.5 105.3 -64.1
45.9 402.4 171.9
509.8 3.6 73.5 -6.5 53.6 -26
1247 -149.3 -96.3 28.5 260.4 -147.4
2723.1 -244.6 -25.4 -5.1 124.7 -70.3
38.5 463.3 173.9
532.1 -1.9 85.6 2.2 30.6 11.8
1417.1 -411.4 -116.3 261.7 -40.4 75.9
2791 -303.6 -52.4 75.9 30.7 -7.9
46 434 174
539.5 9.2 90.4 -5.6 28.1 8.7
1479.9 -432.1 -112.4 405.5 -60.4 53.6
2836.8 -281.5 -48 129.3 20.9 4.2
42.3 315.9 156.1
564.9 24.9 93 1.7 13.1 11.2
1664.4 -574.1 -196 619.4 -203 183.8
2901.8 -276.9 -60.4 193.6 1 34
winner is: 8
