Regression analysis information for: KLH063a_5014
number of formants: 3
number of coeccicients: 5
3.2 18 94.5
296.6 -5.8 15.1 -11.4 9.1 -1.9
819.1 11.5 24.3 10.5 15.7 6.2
2227.8 -72.2 -133.8 26.4 -68.9 -53.1
3.2 19.7 96.1
298.1 -4.4 16.8 -12.2 10 -2.2
824.1 13.5 29.1 7.4 15.4 6.1
2291.2 -16.2 -124.3 -25.8 -95.5 -66.2
4 24.6 27.2
301.5 -3.8 20.2 -12.2 11.3 -1.3
837.5 23.9 44.2 13.6 21.6 11.8
2365.1 -66.5 -61.6 -46.8 -66.9 -24.3
4.3 27.3 29.5
305.3 -1.1 22.5 -11.2 13.5 -0.2
855.8 47.9 63.2 27.6 33.5 18.6
2382.1 -49 -52 -30.4 -36.9 -17.6
4.2 33.2 7
309.7 2.6 25.2 -9.7 18 1.1
884.7 91.8 99.6 56.9 60.6 32.2
2413.6 6.5 0.6 13 -7.1 0.1
4.7 36.4 6.7
313.1 5.3 26.5 -8.9 20.7 2.2
899.7 115.7 115 71.4 73.7 37.9
2417.3 3.5 0.7 13.3 -6.9 -0.7
6.2 37.2 7.1
315.2 6.2 27.3 -9.4 21.5 2.7
905.9 128.8 120.6 77.5 76.3 37.9
2421.2 0.6 0.7 13.1 -6.5 -2.4
6.7 35.4 7.5
314.2 5.1 24.9 -11.7 21.3 1.9
898.6 122.4 109.9 71.3 72.4 33.6
2424.2 -1.5 0.2 13.8 -6.5 -3.1
6.5 29.6 7.7
311 3.7 20.7 -13.8 21.1 2.6
876.4 89.6 79.4 49.9 61 29.2
2424.3 -2 -2.9 16.9 -7.4 0
6.7 23 8
308 1.9 22.1 -15.2 18 1.4
864.8 73.7 67.9 36.5 47.8 22.2
2421.4 -2.2 -1.8 18.2 -9.6 -1.9
7.2 23.9 6.9
305.5 2.3 20.4 -17.2 17.9 0.6
858.3 61.6 57.3 26.4 42.4 19.2
2419.1 -0.8 -4.4 20.1 -12.4 -2.6
7.4 25.4 7.7
305.6 1 20.7 -19.5 17.3 0.4
860.5 64.2 59.3 26.6 41.8 18.5
2419.9 -2.7 -3.7 17.5 -12.7 -4.2
8.4 26.2 7.9
304.8 3 21 -22.2 19.5 0.2
858.2 64.3 56.9 25.2 43.7 18.8
2422.7 -5 -2.4 16.7 -13.8 -4.1
9 28 8.7
305.2 4.1 21.8 -25.4 21.7 -0.3
856.3 68.8 57.2 27.6 44.7 18.2
2427 -9 0.1 13.7 -12.7 -4.9
12.1 31.4 9.8
305.2 6.5 24.2 -32.1 25.5 0.2
852.2 77.7 60.8 32.7 46.2 17.4
2432.4 -13.2 2.4 10 -11.4 -7.1
18 36 11.3
301.7 15.5 26.7 -44.4 35.8 -0.2
837.7 87.6 59.4 40.6 46.4 14.1
2438.8 -18.4 5.6 6.4 -9.8 -8.8
67 212.8 138.9
334.5 -18.4 16.8 3.3 -20.7 29.3
937.8 -84 34 245.7 -183.9 115.2
2525.1 -129 -6.8 126.6 -153.3 60.4
80.9 287 185
386.6 -63.5 -13.4 73.7 -84.5 44.4
1079.5 -373.4 68.1 445.3 -368.3 112.1
2648.3 -298.1 5.4 227.9 -255.6 66.9
94.4 505 309.8
424.5 -115.4 -5.5 65.4 -64.5 31
1261.9 -612.2 -32.8 375.5 -167.6 178.3
2811.4 -421.9 -62.2 166.4 -133.9 96.6
77.1 670.2 435.8
477.4 -135.6 -25.4 72.4 -17.2 -37.6
1747.3 -515.6 -215.8 164.1 -65.2 -102.8
3155.9 -340.7 -150.3 51.3 -54.7 -104.7
winner is: 10
