Regression analysis information for: KLH063a_5299
number of formants: 3
number of coeccicients: 5
42.4 73.7 257.9
443.4 -30.8 36.1 -17.5 27.4 36.4
880.5 101.1 27.6 17.3 73.9 61.2
2191.5 -23.1 -55.8 -144.6 51.3 42.7
42.9 76.3 174.4
447.2 -34.7 36.1 -17.7 24.6 37
890 107.3 22.9 15 82.5 62.5
2341.9 -11.2 -160.6 -167.2 99.7 45.8
44.4 77.3 157.1
450.1 -40.7 36.7 -18.3 21.9 37.5
893 108.4 21.7 14.1 89.4 61.3
2416.9 -37.3 -139.9 -102 85.4 7.3
46.3 81.2 146.4
452.8 -44 40.6 -17.4 20.7 39.3
892.3 111 31.8 17.5 93.5 58.3
2474.2 -21 -79.8 -90.6 56.2 4.1
48.4 88.3 128.5
457.4 -41.4 49.6 -11.9 26.3 43.7
897.1 122.8 52.4 34.4 107.2 64.6
2532.2 -28.9 -72.6 -54.2 77 14.3
49.2 89.2 104
457.9 -46.9 49.8 -14.5 23.8 41.7
896.7 121.9 56.1 37.4 108.1 58.9
2580.4 -1.7 -62.4 -53.3 44.2 -14.8
49.1 93.2 84.1
461.9 -42 54.8 -9.8 27.8 42.9
907 135.2 68 48.1 120.7 63
2609.4 13.9 -39.5 -18 30.3 -16.7
49.3 91.3 64.3
471.5 -34.5 67.3 1.2 33.5 50.5
916.1 151.6 79.6 60.2 133.6 65.3
2631.8 32.8 -7.5 13.9 40 8.6
51.2 86.3 46.7
474.9 -30.4 72.9 3.6 37.5 51.9
916.5 154.4 78.6 60.5 135.3 61.3
2647.6 40.6 11.1 33.4 39.9 26
52.6 110.3 35.1
479.5 -40.5 74.2 5.7 29.5 57.1
930.2 122.6 72.8 80.7 95.2 82.5
2656.9 26.8 12 42 25.9 34.4
53.1 126.4 33.4
482.5 -44.3 77.4 7.3 27.7 60.5
937.8 114.2 74 97.4 80.3 94.7
2660.6 20.7 14.9 45.3 21.2 36.7
52.9 127.2 43
487.2 -53.1 78.7 11.4 20.7 66.3
938.8 112.1 69.6 102.3 76 95.3
2664.7 6.6 14.2 50.1 10.1 42.2
53.1 112.8 34.6
488 -54.3 79 10.1 20.5 67.3
930.5 125.7 68.3 87.1 94.1 83.5
2662.3 12.1 17.6 38.9 21.4 37.7
54.1 117 33.3
489.1 -54.8 78.7 9.8 20.1 68.2
933.1 126.9 65.7 88.8 92.8 84.3
2668.4 11.8 20.9 37.2 23.7 39.8
60.8 120.9 31.9
486.8 -47.9 72.6 11.7 19.5 66.8
935.1 128.7 61.6 89.5 92.8 84.7
2677.5 13.5 22.7 36.9 28.5 41.2
54.6 197.9 54.6
498.9 -67.1 82.9 4.9 19.1 68.1
991.7 24.4 127.2 49 98.9 93.9
2703.3 -12.1 38.3 34.5 27 48.3
59.8 220.5 56
494 -70.4 74.5 -7.7 21.8 57.7
1000.7 -3 138.2 26.4 107.1 85.8
2714.1 -13.1 39.3 33.7 30.2 47.6
61.3 292.1 96.7
496 -79.7 58.9 -2.1 3.7 59.3
1055.8 -97.3 132 94.7 -10.9 170.2
2753 -52.6 32.3 81.5 -34.7 94.5
64.6 325.7 117.4
495.1 -95.6 46.2 -12.5 -3.9 56.7
1090.6 -175.9 157.1 87.3 -41.5 196.5
2775 -74.1 36.5 84.2 -42.8 95
58.7 443.8 233.8
523.1 -62.1 65.6 18.5 -11.2 46.8
1225.1 -141.3 308 192.6 -53.6 202.5
2875.4 -64 113.3 180.7 -76.2 123.9
winner is: 9
