Regression analysis information for: KLH063a_3375
number of formants: 3
number of coeccicients: 5
3.6 3.2 6.8
306.6 2.4 -10.5 -18 -2.1 7.5
1869.5 55.9 -19.8 -5.9 -9.4 0
2181.6 -89.1 20.4 -7 -25.9 -3.3
3.9 3.2 9
307.1 2 -11 -18.3 -1.9 8
1881.8 67.9 -12.8 -0.8 -7 0.2
2250.3 -81 -34.1 -48.6 -23.5 10.3
4.4 2.9 19.3
307.2 1.1 -11.7 -18.5 -1.5 8.8
1893 77.4 -6.4 5.8 -3.4 2.5
2339.1 -58.6 -104.5 -92.3 -15.2 30.4
5 2.6 17
306.4 -1 -12.5 -18.2 -0.5 10
1900.3 79.3 -5.7 7.3 -3.5 1.7
2413.9 -48.6 -132.2 -85.6 -9 11.3
5.8 2.4 15.8
304.7 -4 -13.6 -17.8 0.5 11.4
1905.8 79.2 -4.7 8.6 -4.8 1.6
2471.7 -43 -121.2 -64.2 -20.1 0.9
6.2 2.5 14.6
303.8 -5.1 -13.8 -18 0.2 11.7
1910.1 75.1 -4.4 10.8 -5.6 1.7
2521.2 -93.3 -121.1 -26.3 -30.9 -1.3
7.3 2.5 20.7
301 -8.2 -15.5 -18.9 0.5 13.2
1915.9 71.8 -2.6 13 -6.2 1.1
2596.8 -141.9 -87.9 14.9 -50.3 2.5
8.7 2.8 14.1
296.5 -12.3 -19.4 -21.6 -0.3 14.3
1921.5 68.7 0.4 15.2 -6 1.5
2665.1 -174.7 -10.2 17.3 -15.9 2.1
11.4 2.9 11.9
288 -21 -28.6 -27.2 -1.4 16.1
1926.6 66.4 4 17.3 -6.1 1.3
2696.9 -124.1 32 52.7 12.5 2.5
18.7 3 10.2
270.7 -42.5 -48.7 -35.1 -1.7 22.3
1931.2 65.7 7.6 16.6 -6.5 0.1
2719.6 -87.6 49.9 64.9 9.2 -1.6
5.8 4.5 12.1
275.6 -10.7 -36.1 -36.7 -34.4 -17.4
1925.3 54.2 8.4 20.9 3.4 3.5
2740.7 -89.8 9.3 52.1 24.6 1
291.5 119.1 39.3
518.9 464.6 301.1 164.5 -17.2 -148
2055.3 277.6 165.6 94.5 -11.3 -69.7
2796.1 17.5 99.7 78.3 -5.3 -34.9
301.4 124.6 37
582.9 592.7 305.8 73.9 -197.7 -312.6
2091.2 327.4 171.8 54.6 -81.2 -135.2
2820.7 39.1 89.6 53.7 -31.4 -56.2
310.5 127.2 32.4
563.5 603.5 303.1 95.5 -195.7 -310.4
2096.8 331.8 172.8 52.4 -84.8 -139.1
2832.5 41.4 76.5 43.4 -30.4 -51.1
351.6 158.4 52.8
697.6 579.3 393 -128.7 -325.2 -397.2
2171.8 306.2 217.1 -60.6 -138.9 -178.9
2871.2 20.5 85.9 -5.6 -36.9 -55.9
220.2 99.5 19.8
696.1 784.4 228.4 -220.3 -485.4 -378
2177.7 421.7 120.5 -100.4 -224.5 -166.1
2869.9 63.6 34.4 -6.7 -54.3 -43.1
158.9 76.9 22.7
883.8 1074.8 371.9 -173.4 -309 -69.4
2274.9 555.6 161.1 -100.8 -161.1 -31.3
2897.5 97.8 45.9 8.6 -20.8 -1.1
157.1 77.7 23.3
889.9 1056 393.1 -177.4 -312 -71.7
2280.1 565.1 163.4 -102.1 -163.6 -32.9
2894.4 99.2 44.2 8.5 -19.4 0.4
176.9 82.8 21.4
957.5 1119.2 281.7 -316.6 -241.5 98.9
2317.9 576.9 91.3 -163.3 -123.8 52.6
2909.7 106.1 30.5 4.3 -9.3 12.5
141.7 77.2 31.7
1364.3 1025.7 -455.2 -34.9 254.6 -184.9
2539.4 532.6 -293.4 -9.9 123.5 -102.4
2949.7 89.7 -37.2 46.1 25.7 -23.6
winner is: 1
