Regression analysis information for: KLH063a_3437
number of formants: 3
number of coeccicients: 5
3.6 3.2 11.6
395.1 64 20 -8.6 5.4 5.5
1550.7 40.1 -12.5 -4.8 0.3 0.6
2209.6 27 -30.5 -4.2 19.5 -8.8
3.7 3.3 9.3
396.5 65.3 20.6 -8 5.8 5.8
1554.3 42.7 -12.2 -4.2 0.1 1
2216.3 21.5 -28.5 -2 18.1 -10.7
3.8 3.2 8.2
398.1 67 21.2 -7.5 6.2 6.2
1558.1 45.5 -12 -4.7 -0.3 1.5
2223.8 16.4 -25.2 -4.4 18.6 -12.2
3.8 3.2 7.2
399.7 68.4 21.5 -7.2 6.4 6.3
1561.7 47.7 -12.4 -5.3 -0.9 1.4
2231.6 10.8 -23.4 -6.2 19.4 -15.1
3.8 3.4 7
401 70 21.8 -7.2 6.7 6.6
1564.5 50.5 -12.6 -6.2 -1 1.5
2235.4 10.9 -23.1 -8.3 20.7 -15.9
3.7 3.5 7.5
401.9 70.9 22.1 -7.2 6.5 6.5
1566.5 51.9 -12.4 -6.6 -2.2 1.5
2238.7 9.9 -22.9 -7.9 18.5 -15.5
3.6 3.9 7.5
402.7 71.4 22.1 -7.2 6.2 6.2
1568.5 52.4 -13 -6.6 -2.9 0.2
2244.4 4 -21.4 -9 20.7 -22.2
3.7 4.3 8.1
403.2 71.3 21.9 -7.3 6.2 6.2
1570.5 51.2 -13.9 -6 -3.1 -0.5
2253 -8 -17.7 -10.4 23.2 -27.3
3.7 5 9.4
404.2 71.9 22 -7.9 5.8 6.4
1574 51.2 -15.1 -6.9 -4.2 -0.8
2263 -18.5 -14.7 -13.2 24 -29.5
3.8 5.4 10.1
404.9 72.3 22.3 -8.7 5.4 6.7
1577.3 50.7 -15.8 -7.8 -5.5 -1
2271.5 -27 -12.6 -14.1 21.9 -28.2
3.9 5.4 9.6
405.6 73 23 -9.6 5 7.2
1581.2 50.8 -16.3 -8.7 -6.2 -0.9
2279.2 -32.6 -12.4 -13.9 20.1 -25.9
4.1 5.2 8.5
405.4 73 23.8 -11.1 3.9 7.5
1585.4 51.1 -16.2 -8.8 -6.5 -0.7
2286.4 -36.7 -12.2 -12.5 18.7 -23.3
4.3 4.9 7.5
403.7 71.6 24.4 -14.3 1.3 7.4
1589.7 50.8 -16.2 -8.5 -7 -0.2
2293.8 -40.9 -12.5 -10.2 17 -20.5
6.1 4.5 6.5
399.7 68.1 24.3 -20.2 -3.5 6.5
1593.9 49.7 -16.4 -8.5 -8 0.4
2300.4 -44.5 -13 -8.3 15.4 -18
9.9 4.1 5.6
391.9 60.3 22 -30.5 -13.1 3.4
1597.7 48.4 -17 -9.1 -9.5 0.9
2305.9 -46.9 -14.1 -7.2 14.3 -16
20.8 3.9 5
374 41.1 13 -54.4 -36.1 -6.2
1601.3 46.5 -18.7 -10 -11.5 1.3
2311.2 -48.7 -16.5 -6.2 13.3 -14.7
92.7 47.2 43.5
414.1 142.1 131.3 37.3 55.6 95.3
1630.7 94.6 31.1 37.1 34.4 47.3
2339.2 -5.5 27.3 37 55.2 26.9
172.5 91.2 65.4
485.1 227.8 158.3 136.1 193.7 120.7
1684.4 136.7 25.8 94.1 114.6 52.8
2378.3 34.1 41.5 81.6 108.9 41.3
284.3 147.4 87
554.1 190.4 -36 179.5 354 44.1
1737.2 125.1 -74.3 124.5 195.9 12.1
2407.2 28.2 -10.8 95.4 149.8 21.8
254.3 127.4 74.4
727.3 221.1 -188.8 379.2 517 -67.5
1838.1 136.6 -161.2 229 266.8 -52.5
2468.5 52.6 -41.1 154.8 193.6 -4.4
winner is: 4
