Regression analysis information for: KLH063a_3940
number of formants: 3
number of coeccicients: 5
9.1 34.1 87.1
424.6 86.9 -15.9 8.4 -3.7 12.2
978 127.8 13.8 -64.4 72.4 -9.9
1657.5 -59.9 206.4 -19.1 -75.8 -0.3
9.2 46.1 162.2
428.6 88.6 -14.1 10.2 -2.4 12
980.5 123.2 24.5 -63.8 69.4 -24.2
1802.1 72.8 201.9 0.4 11.9 19.7
9.1 39.6 183.9
433.2 88.6 -12.1 12.3 -1.9 12.5
995.2 120.3 12.9 -72.5 89.5 -24.2
1965.9 172.5 121.2 -37.5 109.4 85.1
9.2 44.3 166.3
438 85.2 -10.7 13.7 -3.1 12.6
1002.9 114.6 13.5 -77.3 98.2 -33.1
2151.2 255.1 36.5 -69.5 164.7 66
10.3 48.3 151.8
442.6 79 -8.6 15 -5.5 13.4
1005.2 112.4 14.4 -79.1 101 -39.8
2239.5 280.4 33.6 -156.7 113.9 53.6
14.1 60.1 154
448.6 67.4 -3.8 13.5 -8.3 14
1002.9 115.9 11.4 -78.3 105.2 -52.1
2348.9 169.9 14.4 -53.4 68.4 -82.4
19.4 57.6 63.6
455.5 55.7 -0.7 13.4 -11.5 15.4
1015 97 22.5 -88.7 112 -52.2
2498.2 70.4 -117.8 27.3 41.7 -54.9
22.6 47.7 47.8
462.5 43.3 2.9 12.2 -14.5 16.8
1039.1 55.8 51.2 -110.9 122.6 -48.3
2538.4 27.3 -107.5 35.9 -4.6 -24.1
23.4 36.1 41.4
468.6 32.9 7.3 10.8 -17.6 19.3
1059.8 16.8 85.6 -142.8 145.4 -64
2543.9 17.6 -101.2 27.9 -5.8 -24.6
25 40.6 37.2
472 26.1 12.4 9.6 -21.6 25.8
1063.7 5.9 99.6 -153 149 -66.5
2549.6 7.9 -98.2 26.1 -7.3 -22.2
30.3 46 33.9
473.9 21.8 17 8.7 -25.6 33.6
1062.7 3.5 106.7 -156 147.2 -64.9
2554.3 2.8 -97.3 28.3 -10.4 -17.8
30.9 52.9 32.4
472.1 23 19.2 6.6 -24.6 34.2
1058 5.6 111.7 -157.1 145.5 -67
2556.6 0.9 -98.1 30.7 -13 -14.5
26.3 56.5 35.2
466.3 30.9 18.1 3.6 -18.7 28.1
1049.4 15 110.2 -153.6 142.9 -71.3
2554.5 4.2 -99.2 34.9 -14.1 -12.6
19.7 62.5 35
458 45.4 10.4 6.3 -17.3 24.3
989.6 127.2 16.4 -81.9 100 -63.8
2542.9 24.2 -105.9 44.3 -20.2 -3.7
16.2 61.6 40.7
455.1 50.9 7.5 9 -18.5 23.9
991.8 121.4 23.3 -83.7 98.2 -62.5
2536.9 29.6 -99.3 45.8 -18 -5.1
13.5 54.8 41
453.3 56.4 3.9 11.9 -19.6 23.4
998.9 110.9 31.3 -89.7 100.9 -61.1
2538.4 37.7 -98.2 48.3 -16.4 -5.8
12.7 52.4 40.8
453.8 58.6 2.6 13.5 -20.3 23.7
1004.4 104.8 34.9 -94.1 103.6 -60.9
2544 44.8 -97.5 47.6 -10.6 -9.1
12.7 51.6 41.5
455.4 59.3 2.1 14.3 -20.7 24.2
1008.2 102.1 35.3 -97.6 106.4 -61.3
2552.8 50.1 -98.1 47.8 -6.3 -11.5
12.5 42.5 43.5
455.5 63 -0.8 15.7 -19.6 22.1
1018.7 87.7 42.9 -102.5 105 -52
2562.1 54.9 -99.5 49.4 1.2 -15.4
13.5 47.5 43.2
459.1 61.2 -0.2 15.4 -20.1 23.3
1018.7 92 38.4 -105.4 108.9 -55.4
2573.9 58.6 -99 48.3 4.4 -16.1
winner is: 19
