Regression analysis information for: KLH063a_0021
number of formants: 3
number of coeccicients: 5
2.5 21.4 128.5
453.8 -42.2 -28 16.9 -3.7 -3.6
1080 32.6 -12.5 41.2 17.6 9.1
1918.2 -345.8 386.2 87.1 -219 201
2.4 17.5 173.5
461.3 -40.5 -33.9 19.9 -4.4 -3.9
1090.3 24.2 -27.3 51.8 2.4 1.5
2042.1 -395.2 263.1 212.6 -200.7 3.8
1.7 48.7 169.7
464.7 -35.3 -34.8 19.5 -5.9 -6.3
1082.4 39.1 4.7 38.5 -23.3 19.9
2111.7 -314.8 299.8 181.2 -233.4 -8.5
1.8 6.5 145.9
466.3 -29.9 -34.9 18 -8.8 -8.4
1112.6 52.1 -31.2 64.2 14.2 -14.1
2259.5 -163.7 215.5 120.5 -303.1 -146.5
2.2 6.3 145.6
465.6 -21.6 -35.3 15.1 -6.5 -8.7
1110.3 67.3 -29.1 61.2 16.8 -14.2
2254.1 -96.6 138.7 143.7 -347.7 -85.4
3.2 3.5 143.5
467.9 -19.6 -37.2 14.5 1 -5.9
1110.4 64.7 -41.7 57.4 29.7 -11.8
2354 -82.6 -17.8 172.9 -217.8 -127.5
4.2 2.9 19.5
473 -19.3 -45.1 10.7 5.4 -5.6
1117.1 64 -52.7 51.7 35.9 -13
2488.2 -81.1 -152.2 29.8 -69.4 47.8
4.8 2.9 18.8
476.5 -20.1 -49.5 8.2 7.5 -4.9
1127.1 68.9 -50.1 52.7 41 -12.3
2496.5 -126.6 -120.6 -8.9 -38 15.7
3.4 2.1 11.5
479.5 -21.4 -49.1 4.2 6.6 -3.1
1132.1 64.9 -49.3 49.3 39.5 -10.3
2507.7 -144.4 -102.8 -31.3 -19.3 -6.5
2.4 2.1 11.2
478.6 -22 -43.2 1.6 4.7 -2.8
1131.2 64.9 -40.6 45.6 38.5 -8.5
2516 -144.2 -100.3 -33.5 -19.7 -5.2
1.9 2.4 8.4
477.8 -21.6 -34.8 0.2 2.3 -2.3
1125.4 59.4 -33.4 39.7 33.1 -5.2
2530.3 -133.3 -90.1 -30.8 -20.3 0.5
1.6 2.7 8.2
474.6 -21.7 -28.5 -1.2 0.6 -1.4
1118.6 61.5 -21.5 34.4 30.7 -0.6
2536 -134.4 -87.8 -33.1 -20.2 2.2
1.6 3 8.2
472.3 -21.6 -23.8 -2.6 -0.3 -1.3
1112.8 63.6 -12.4 29.5 29.4 2.1
2539.9 -134.4 -85 -36.9 -20.4 2
2.1 4.6 10.6
467.7 -22.7 -18 -4.4 -0.9 -0.8
1108.5 73.9 6.2 27.6 31.8 6.8
2532.8 -143.1 -82.1 -42.7 -14.2 2.8
2.1 4.8 11.3
466.5 -21.5 -16.8 -3.2 -1.2 0
1107.3 76 8 29.2 32.1 8.1
2530.1 -137.3 -78 -40.4 -11.6 6.1
1.8 3.5 6.5
466 -21.2 -14.4 -1.3 -1.6 -0.5
1103.4 67.2 1.8 26.8 27.6 6.8
2526.4 -133.5 -66.5 -30.4 -10.3 3.4
1.8 3.7 9.5
466.5 -20 -15.5 -1.5 -2.6 -0.6
1104.5 67.3 0.2 27.5 27.2 6.6
2526.8 -124.5 -73.2 -31.9 -17.9 1.3
2.2 5.3 11
467.1 -22.3 -15.3 -0.7 -0.5 -0.4
1111 75.8 8.6 33 32.9 8
2527.5 -139.9 -68.4 -24.3 -6.3 6.7
2.2 5.2 10.4
468.9 -22.6 -15.3 -0.4 -0.6 -0.9
1113.7 75.6 8.1 34.2 32.7 8
2534.7 -140.9 -66.2 -22.9 -10.3 5.8
1.7 3.9 5.8
473.3 -22.2 -15.6 0.6 -1 -0.6
1113.1 66.3 -0.3 32 27.4 7.3
2552.8 -137 -62 -22.2 -18.3 8.7
winner is: 20
