Regression analysis information for: KLH063a_1554
number of formants: 3
number of coeccicients: 5
8.8 4.9 172.2
460.2 -82.4 -75.2 0 -0.9 1
1255.1 236.5 31.7 -8.5 3.5 -1.1
2016.6 41.2 -539.7 43.5 242.6 -30.3
9.5 12.9 216.3
464.6 -86.6 -71.9 -3 0.3 -1
1253.3 240.2 25.7 -1.3 -4.2 5.9
2122.4 141.5 -579.1 18.4 133.4 -26.1
6.9 18.9 251.9
466 -85.5 -72.5 -0.8 -3.6 2.3
1250.8 245.4 22.3 -3.2 2.8 -8.3
2281.9 133.1 -487.6 20.6 -21.2 -2.2
5.8 5.7 143
469.1 -90 -67.7 -2.5 -3.5 2.7
1261.7 227 37 -9.4 1.2 0.8
2573.2 -180.9 -92.5 -117.5 46.7 13.2
4.8 6 91.8
473.2 -96.6 -62.2 -4.9 -3.7 3.3
1264.8 222.4 40.7 -9.9 0.7 1.4
2625.4 -199.9 -88.3 -47.7 -20.9 24
5.9 5.5 8
477.9 -101.6 -60.1 -6.6 -1.3 1.4
1268.3 219.1 42.3 -10 1.3 0.7
2691.2 -63.9 13.7 15.8 -13.2 -8.9
6.8 5.2 8.4
479.1 -100.1 -64.3 -3.6 -1.7 0.7
1269.9 219.5 40.4 -7.6 0.5 0.9
2690 -64.7 17.2 12.1 -11 -8.1
8.5 5 9.2
477.5 -95.3 -70.6 -0.2 -1.8 -1.1
1269 222 36.5 -5.6 -0.5 -0.6
2692.2 -67.6 19.9 9.5 -9.1 -7.6
8.2 4.9 8.6
473.8 -87.5 -79.3 6.7 -5 0.9
1265.9 228.5 29.8 -0.6 -3.3 1
2696.5 -73.3 24.6 5.2 -5.8 -9.7
8.4 4.7 8.6
471.8 -84.5 -83 9.1 -6.7 1.3
1263.5 230.8 25.4 1.3 -5.4 0.9
2699 -77.5 27.1 2.5 -4.8 -11.2
8.5 5 12.1
469.7 -81.6 -85.6 10 -6.6 0.8
1261.7 233.8 22.3 1.6 -5.4 0
2698.8 -77.1 25.8 3.6 -7.3 -8.7
8.2 5.3 13.4
469.4 -80.9 -86.7 9.8 -6 0.3
1261.4 234.3 21.8 1.5 -4.9 -0.2
2694.8 -68.6 18.8 8.6 -10.3 -6.5
8 5.8 13.2
469.9 -81.3 -87.5 10.1 -6 0.4
1261.7 233.5 21.4 1.5 -4.8 0.6
2692.6 -63.2 13.8 12.5 -12.1 -4.6
8 6.3 13.4
471 -81.9 -88.2 10.7 -6.1 0.5
1262.9 233.4 21.8 1.8 -4.7 1.4
2693 -59.5 10.3 15.6 -13.5 -1.7
8 6.7 11.4
472.7 -83.4 -88.5 10.8 -6.2 0.6
1264.5 233.2 22.7 1.8 -4.6 2.2
2700.3 -67.6 17.2 9.7 -7.9 -4
8.3 7.5 8.1
474.8 -85.7 -88.3 10.5 -6.4 0.7
1265.9 233.5 24 2 -4.6 3.5
2709.8 -79 26.8 1.2 0.1 -8.2
8.7 8.2 5.2
477.1 -88.7 -87 10.4 -7 1.3
1266.8 234.9 24.9 2 -5 5
2720.2 -90.4 36.6 -7.4 8 -12.6
9.9 9 6.6
479.4 -92.9 -84.2 9.2 -8.1 2.4
1266.5 238.3 25.5 3.1 -5.9 7
2728.4 -96.9 42.3 -12.1 12.6 -13.7
12.3 10.5 7.9
481.2 -98.1 -79.2 7.7 -10.9 4.5
1264.3 244.7 24.4 5.1 -7.8 9.3
2734.9 -100.1 45.2 -14.3 14.8 -12.7
17.4 12.4 8.9
481.9 -104.5 -70.8 5.9 -17.1 8.6
1259.8 255.2 23.1 7.5 -9.6 12
2741.2 -101.1 47.1 -13.8 16.1 -11
winner is: 6
