Regression analysis information for: KLH063a_5523
number of formants: 3
number of coeccicients: 5
17.3 49 62.7
601.7 39.3 -66.5 -15.7 -26.9 23.7
1093.7 38.5 -21 21.7 -36.9 42.7
2107.3 116.2 -297.7 -58 58.6 78
17.3 54 72.8
602.8 39.8 -64.1 -14.5 -28 22.3
1101.2 42.1 -13 26.1 -43.7 39.6
2149.9 136.6 -314.3 -67.9 32.7 33.5
16.8 60.4 71.1
604.7 39.4 -61.6 -14 -27.3 21.2
1110.7 43.4 -4.5 31.1 -49.8 39.9
2176.6 134.6 -310.3 -54 36.4 7.9
16.9 67.6 65.4
606.8 37.9 -59.2 -13.7 -27.6 19.4
1121.6 40.8 4.4 36.5 -59.5 41
2202 127.3 -302.7 -43.6 32.6 -13.1
16.5 74.8 59
608.9 36.9 -56.9 -13.1 -27.4 18
1132.4 38.1 13.3 42.3 -68.2 43.9
2225.6 119.1 -295.3 -29.5 33.1 -30.1
15.1 79.5 53.8
612 33.3 -52.4 -15.3 -24.7 14.8
1140.9 33.6 20 45.8 -74.7 47.2
2253.9 89.9 -267.9 -40.7 51.6 -58.2
12.3 86.9 52.7
616.8 26.1 -44.3 -19.3 -19.8 9
1152.4 27.1 30 52.2 -84.7 52
2287.5 58.4 -238.5 -42.8 59.5 -77.5
10.4 94.1 55
622.6 17.9 -35.4 -24.4 -13.4 3.3
1164.7 20 39.5 59.4 -94.6 59.4
2321.6 31.4 -213 -30.6 53.1 -76.9
11.1 99.9 55.2
626.5 13.6 -30.2 -25.3 -11.2 1.4
1176.8 14.2 48.6 66.7 -104.7 65
2356 4.3 -183.2 -16.8 41 -65.8
13.3 104.2 54.1
627.9 14 -30.8 -21.8 -13.6 4
1187.9 8 55.1 74.2 -112.8 70
2387 -20.2 -152.6 -7.6 30.7 -49.6
16.6 108.2 58.3
628.4 16.1 -34.4 -16.9 -18.1 7.7
1199.5 1.8 60.2 81.5 -122.5 73.5
2414.9 -36.2 -128.5 6.5 16.3 -30.6
17.4 110.9 56.5
629.6 18.4 -35 -14 -19.8 10.9
1209.2 -2.6 65.1 87.3 -132.2 78.7
2430.3 -35 -121.6 25.9 2.2 -14.8
18.3 112.5 52.8
631.7 19.4 -35.9 -11.9 -21 12.8
1221.5 -6.9 69 96.3 -144.2 81.4
2446 -32.8 -118 46.8 -16.2 2
18.5 111.6 52.7
632.8 20.1 -38.4 -11.2 -22.1 13.1
1226.7 -7.5 66.8 99.5 -149.9 76.7
2447.6 -27.2 -125.5 50.3 -23 1.7
18.1 112.4 51.5
634.5 22.9 -39.9 -9 -21.6 15.4
1233.6 -8.4 68.6 104.2 -154.6 77.4
2456.9 -20.5 -124 63.3 -28.1 13.5
18.1 113.8 49.8
636.4 23 -40.9 -10.2 -20.7 16.2
1237.9 -9.9 69 106.6 -158 78.9
2464.8 -24 -121.7 63.7 -30.5 18
18.1 113.2 44.9
639.1 23.7 -42.6 -10.5 -20.1 16.8
1242.9 -10.8 66.4 111.1 -164.8 76.4
2472.3 -27.4 -121.5 63.5 -32 18
18.7 113.9 40.2
643.3 24.3 -43.8 -11.5 -17.7 17.7
1248.6 -11.7 63.7 118.1 -173 76.2
2484.6 -29.6 -116.7 66 -30.7 21.7
20.3 116.3 37.6
648.5 24.4 -44.8 -13.3 -14.5 18.8
1254 -12.3 61.9 124.5 -181.9 76.3
2498.3 -35.3 -110 66.3 -28.7 25.8
24.2 118.5 37.4
655.1 25 -46.7 -17.6 -10.8 20.2
1255.4 -9 58.7 128.8 -187.6 72.8
2508.7 -30.5 -104.5 63.3 -17.9 23.8
winner is: 1
