Regression analysis information for: KLH063a_4536
number of formants: 3
number of coeccicients: 5
4.4 5.6 7.3
689.6 79.8 21.8 16 -5 3.1
1195.7 1 3 4.9 11.3 12.3
2283.8 95.4 60.1 48.7 -28.7 -18.2
3.1 5.6 8
686.2 80.5 28.7 22.7 0.3 7.3
1193.6 0 5.1 7.1 13 13.6
2283 100.7 73.3 41.7 -40.6 -11.9
2.8 4.5 11.1
682 78 33.4 30 5 8.4
1190.9 -2.1 7 10.7 14.9 13.4
2279.6 102.9 89 45.7 -48.8 -17.2
2.6 4.4 14.2
678.1 72.7 31.5 32.4 7.1 10.2
1189 -4.4 6.3 12.4 15.8 14.2
2277.7 101.5 98.7 56.3 -50.6 -26
2.5 4.5 15.1
668.2 56 18.8 29 7.2 11.3
1185.9 -8.1 3.1 13.7 17 15.7
2271.5 87.3 88.3 72.2 -32.9 -26.4
2.5 4.5 19.2
666.6 50.3 12.3 26.3 6.4 11.4
1186.2 -8.9 1.1 13.3 17 16
2277.4 76.2 62.1 74.3 -19.6 -23.9
2.6 4.6 22.4
667.7 47.9 6.7 23.3 5.4 10.4
1187.6 -8.6 -0.4 12.4 17.2 16.2
2293 70.5 26.8 69.9 -6.8 -27.2
2.8 4.7 27.9
671.9 49.3 3.5 21.8 5.7 10.8
1189.7 -8.2 -1.8 11.7 17.6 16.7
2321.5 72.8 -12.2 68 12.9 -29.6
2.9 4.9 37.3
678 52.6 0.4 20.1 5.9 11
1191.9 -7.8 -3.2 10.6 17.9 17.1
2359.5 79.5 -59.9 65.3 40.1 -31.8
3.2 5.2 37.7
685.9 57.7 -2 18 5.6 11.3
1193.9 -8.3 -4.9 9.3 18.4 17.9
2390.1 91.3 -84.7 53 49.7 -21.2
3.9 5.6 31.5
696 65.1 -3.7 16.1 5.2 10.8
1195.2 -10 -7 8.3 19.6 19.1
2411.5 102.7 -86.4 46.5 39.4 -20
5.4 6.6 28
708.4 75.3 -4.3 13.6 3.8 10.6
1195.1 -14.1 -10.1 6.9 21.1 21.4
2433.4 114.9 -85.8 40.9 29.3 -18.9
7.8 8.9 27
723 87.6 -4.2 9.8 -0.7 7.2
1193.4 -21.1 -13.8 6.1 24.3 25.3
2455.3 125.2 -83.9 34.6 17.2 -21.6
11.6 12 27.4
740 103.2 -1.1 6.1 -6 2.9
1189.2 -32 -18.9 5.2 28.9 30.6
2476.2 135.2 -77.8 30.4 7.6 -24
11 12.4 24.6
755.2 112.2 -1.6 4.1 -5.4 5.9
1186.2 -40.8 -23.2 3.3 30.4 31.6
2493.2 135.9 -74.6 29.5 5.4 -18
13.2 14.5 27.2
770.3 123.9 4.7 2.2 -15.3 -2.7
1179.6 -53.8 -28.1 3.2 34.7 35.1
2512.8 145.4 -63 30.4 -3.7 -23.5
20.3 15 32.8
775.8 118.8 -3.4 -16.1 -37.6 -16.7
1174.8 -62.5 -30.1 4.3 38.5 36.9
2530 155.5 -52 25.9 -16.4 -30.6
40.2 128.6 61.4
799.1 147.6 33.3 12.9 -10.6 17.4
1269.2 122.5 158.3 182.3 208.8 183.5
2604.9 277.9 75.8 128.3 68.1 43.4
27.8 113.7 34.8
826.1 182.5 75 40.5 0.3 20.6
1392.4 352.9 324 264.2 190 76.7
2663.6 367.6 151.3 159.6 52.9 2.6
13.6 89.2 42.8
842.7 189.8 86.9 37.8 -17.8 -2.2
1420.1 397 318.1 209 98.6 -16.3
2676.1 369.8 158.5 152.8 33.8 -16.2
winner is: 2
