Regression analysis information for: KLH063a_3047
number of formants: 3
number of coeccicients: 5
7.4 119.3 88.8
315.6 -24.2 25.4 -25.3 18.5 -8.9
1727.5 127 0.9 -411.3 173.8 -63.8
2309.8 -160.7 43.6 -332.8 67.9 -10.8
7.3 119 98.5
316 -24.8 26.2 -25.1 18.2 -8.2
1756.1 103.4 44.6 -388.6 138.5 -9.5
2377.8 -133.9 69.2 -305.9 108.5 72.3
7 149.4 92.9
314.6 -24.7 27.1 -22.8 17.2 -9.4
1697.7 94.9 165.3 -377.2 5.6 -32.2
2352.7 -119.1 120.4 -316.1 29.5 68.7
6.5 185.7 102.6
312.9 -24 26.1 -20.3 15.9 -9.1
1589.6 93.6 283.5 -259.5 -60 -257.7
2297 -103.7 181 -274.5 -23.2 -49.2
6.8 149.1 62.8
311.6 -23.5 25.2 -18.2 15.2 -8.6
1633 101.2 240.1 -271.6 -41.4 -230.4
2228.6 -182.4 227.8 -150.6 68.7 -59.3
6.9 213.7 148.2
311.6 -23.4 24 -17.5 15 -8.4
1718.6 93.8 87.8 -224.7 -46.4 -188
2279 -225.7 158.5 -102.3 48.2 10.3
7 177.5 188.4
311.9 -23.1 22.6 -16.7 14.8 -8
1850.1 9.1 -25.4 -162.2 -93.5 -27.9
2370.6 -263.6 87.2 -83.8 9.7 100.7
6.7 53.5 137.2
312.7 -23.1 21.7 -16.5 15.1 -7.7
1967.7 -111 -61.3 -119.4 -73.1 12.8
2463.6 -289 35.7 -111.7 19.9 109
6.3 19.7 28.4
313.6 -23.5 21.3 -16.4 15.1 -7.8
1993.3 -126.9 -100.5 -72.4 -58.2 -33.3
2602.4 -284.5 -133.8 -81.2 -35.6 9.4
5.9 20.4 18.7
313.8 -23 20.8 -15.9 14.2 -7.5
1994.9 -123.4 -97.7 -70.6 -56 -32.8
2602.7 -269.2 -124.3 -98 -39.6 8
5.5 20.4 21.5
313.4 -22.4 21 -15.8 13.4 -7.6
1996.9 -121.5 -97.2 -70.3 -55.2 -32.3
2610.4 -267.5 -127.6 -98.3 -45.6 5.5
5.1 20.6 25
312.5 -20.8 20.5 -15.1 12.3 -7.3
2000.3 -118.2 -94.4 -68.9 -54.1 -32.1
2624.5 -271.8 -129.6 -96.4 -53 -1.5
4.9 19 34.6
311.3 -19.2 20.2 -15 11.9 -7.4
2001.8 -118.1 -93.6 -68.9 -54.4 -31.5
2643.4 -289.9 -138.1 -81.9 -68.8 -5.7
4.8 18.8 31.7
310.2 -17.9 19.6 -14.3 11.2 -7.2
2000.3 -121 -93.9 -70.7 -57.3 -33.7
2645.7 -295.5 -131.4 -86.8 -66.4 -10.5
4.7 19.4 23.2
309.3 -16.7 19 -13.7 10.8 -7
1997.9 -122.3 -92.6 -72.2 -60 -35.6
2622.6 -278.7 -101.8 -127.5 -42 -9.1
4.7 18.1 19.4
309 -16 18.7 -13.3 10.5 -6.9
1998.6 -116.3 -85.6 -67.7 -58 -34.5
2611.6 -273.1 -83.2 -138.2 -38.6 -17.6
4.7 17.9 27.3
308.9 -15.5 18.4 -12.9 10.3 -6.8
2000.2 -109.4 -81.6 -63.6 -55.3 -33.4
2613.4 -272 -82.7 -137.4 -36.2 -30.8
4.6 17.7 41.6
309 -15.2 18.2 -12.6 10.2 -6.6
2004.9 -99.3 -75.5 -56.4 -50 -29.7
2629.2 -283.3 -96.3 -116.3 -48.9 -40.1
4.6 18.6 60.6
309.2 -15.1 18.2 -12.4 10.2 -6.6
2010.9 -90.7 -71.1 -50.7 -45.9 -27.3
2658.2 -301.9 -122.7 -76 -77.2 -47.4
4.6 18.9 54.2
309.6 -15 18.3 -12.3 10.2 -6.5
2022 -75.5 -60.3 -40 -36.9 -21.3
2676.8 -309.3 -136.3 -68.6 -93 -37.4
winner is: 16
