Regression analysis information for: KLH063a_4585
number of formants: 3
number of coeccicients: 5
14.9 30.8 189.8
586.5 20 -46.1 -7.6 -40.8 15.9
1443.4 -37.7 79 13.5 23 7.6
1868.2 -311.3 301.4 79 -77.7 32.9
14.7 18.8 176.1
587.5 21.1 -46.3 -9 -39.5 15.7
1458.1 -15.6 89.6 10.5 19.4 6.9
1976 -204.8 292 -56.1 -109.1 6.9
14.3 17.9 143.5
589.9 22.1 -48.8 -9.2 -38.1 14.9
1459.4 -17.2 89.6 8.3 20.9 5.4
2110.1 -28.8 279.4 -65.3 -154.4 -42
13.9 17.6 117.9
593.2 22.1 -52.1 -9.4 -36.1 14.3
1461.5 -19 90 5.9 23.2 3.2
2266.7 44.6 209.5 -16.4 -108.1 -77.8
13.4 18.2 59.7
596.6 21.3 -56 -9 -34.4 13.6
1464 -21.2 91 3.9 25.6 0.5
2419.8 19.8 -6.9 15.7 19.9 -35
13.3 19 38.7
599.3 19.5 -59.5 -8.3 -33.5 13.8
1466.2 -23.3 91.9 2.6 27.3 -1.4
2446 -10.1 -11.7 20.9 19.1 -18.2
13.4 19.9 21
601.2 17.6 -61.1 -8.2 -33 14.2
1468 -25.4 93 1.3 28.6 -2.8
2460.9 -36.8 5.2 17.6 7.4 1.9
13.8 19.6 37
600.9 16.7 -62.1 -8.7 -33.2 16.6
1467.8 -25.5 91.8 1.5 28.1 -1.8
2457.2 -83.1 -8.7 3.3 -9.7 24
15.5 18.9 38.5
600 15.4 -59.2 -10 -34.3 20.2
1467.9 -27.4 93.4 0.4 28.6 -0.6
2458.7 -89.9 -11.8 -0.3 -15.7 26.4
16.4 18.6 41.7
599.2 13.1 -56 -9.4 -35.6 21.5
1467.9 -30.7 95.8 -0.3 29.8 -0.3
2456.9 -94.7 -15.6 -2.8 -11.4 32.1
16 18.2 36.1
597.7 10.9 -51.7 -8.3 -37.8 21.7
1467.1 -33.2 99 0.1 30.5 0
2460.9 -88.5 -8.4 2.1 -6.1 35.3
16.5 18.2 28.8
598.1 9.1 -49.3 -7.6 -39.7 22.6
1468.1 -36 102.4 -1 31.3 -1.2
2466.7 -79.4 3.5 7.7 -6 30.4
16.5 18.2 20.5
599.1 7.9 -47.9 -7.6 -40.4 23
1469.9 -38.1 105.6 -2.5 32.4 -2.2
2473.1 -69.6 16.2 13.2 -6.1 25.3
16.6 18.5 16.5
599.9 7.7 -47.3 -7.7 -40.9 23.2
1471.9 -40 108.5 -5 33.5 -4.3
2477.9 -63.3 24.7 15.2 -7 21.1
16.7 19.2 15.9
601.3 7.8 -47 -7.4 -41.4 23.5
1474.5 -40.6 111.1 -6.6 34.5 -5.7
2479.8 -64 24.5 12.7 -8.1 20.8
17.1 20.2 15.3
602.4 8.4 -47.9 -6.6 -42.6 24.1
1477.1 -41.7 112.9 -8.8 35.3 -7.6
2482.8 -63.9 23.1 9.7 -9.3 20.1
18.1 21.1 14.8
603.3 9.9 -49.9 -5.1 -44.4 25.3
1479.5 -42.3 114 -10.6 35.4 -9.2
2486.1 -63.4 20.8 6.9 -10.2 19.5
20.1 22.2 14.6
603.7 12.7 -53.2 -2.7 -47.1 27.4
1481.6 -41.9 114.3 -11.7 35.2 -10
2489.9 -62.1 17.8 4.8 -10.7 19.1
25.4 23 14.7
602.1 19.5 -60.6 3.7 -53.5 33.3
1483.1 -40.3 113.7 -11.6 34.1 -9.7
2493.7 -60.2 14.7 3.8 -10.7 19.4
31.5 22.8 14.8
600.3 26.8 -68.5 10.4 -60.5 40.4
1484.3 -38.4 112.6 -11.3 32.8 -8.6
2497.8 -58.3 11.3 3.6 -10.4 20.3
winner is: 14
