Regression analysis information for: KLH063a_5179
number of formants: 3
number of coeccicients: 5
11.6 15.2 18.7
455.2 99.4 -42 7.6 -7.9 -1
910.7 -22.7 34.4 -13.7 24.7 16
2410.1 183 -149.9 100.4 -66.5 30.2
11.6 15.8 16.4
456.9 101.9 -43 4.7 -7.1 0.5
911.4 -22.8 35.1 -13.9 26.1 16.2
2410.2 178.8 -147.6 98.3 -62.7 28.6
11.9 16.7 15.2
460.4 106 -44.5 0.8 -6.1 1.9
912 -23 36.8 -12.5 28.6 15.9
2411.8 175 -142.3 91.9 -57.7 25.1
13.7 17.7 13.6
465.6 110.3 -47.5 -2.9 -5.7 3.9
911.8 -24.4 39.8 -9.1 30.9 14.2
2416.1 170.8 -135.8 85.1 -52.7 19.3
17 20.1 12.9
472 114.5 -52.7 -6.9 -3.1 8.2
909.9 -27.2 45.6 -3.6 32 10.6
2422.1 164.5 -128.2 78 -46.8 12.4
21.7 23.4 15.4
477.8 116.5 -59 -8.7 3.1 14.5
906.4 -31.2 54.1 2.9 31.1 4.9
2430.5 153.5 -117.6 68.9 -39 3.2
27 26.8 23.3
480.3 114.9 -63.3 -5.8 11.1 19.7
902.9 -34.3 62.3 7.1 28.8 -0.3
2440.6 137.9 -103.9 57.2 -28.2 -8.7
30.1 28.2 27.7
479.2 109.8 -64 2.6 18.5 20.7
901.1 -36.3 67.5 7 27.5 -0.7
2448.3 126 -94.9 50.7 -23.1 -15
32.8 29.2 29.4
479 106.3 -63.5 11.8 23.9 18.9
899.2 -37.3 72.4 4.6 26.8 1
2455 116.1 -87.7 47.2 -20.2 -18.6
36.4 30.3 30.9
480.6 103.7 -65.4 20.7 30.8 18.8
895.4 -37.6 78.9 -0.1 25.1 4.1
2461.1 107.4 -81.5 45 -18.6 -21.2
43.7 31.7 32.9
477.6 95.3 -64.6 40.7 46.3 16.9
888.8 -37.8 87.7 -6.8 21.7 9.3
2467.6 98.6 -74.9 42.3 -17.1 -23.2
57.9 80.6 42
473.4 90.5 -58.3 60.2 57.2 9.8
902.9 -8.7 90.9 -51.2 -28.6 -14.6
2479.3 97.3 -69.7 32.5 -27.8 -29.7
66.5 197.5 64.6
491.7 120.5 -53.7 42.7 26.9 -21
957.9 82.9 94.7 -163.1 -175.1 -103.6
2500.5 112.6 -65.7 9.2 -60.2 -51.1
78.6 255.5 76.2
510.6 164.5 -44.6 1.9 -16.6 -38.9
1032.8 188.2 56.5 -335.3 -338.1 -147.3
2528.7 131.2 -69 -28.5 -98.5 -59.5
119.3 314.6 85.6
502.3 174.7 16.2 25.8 -79.9 -83
1130.1 215.7 62.9 -362.7 -542.3 -161.1
2560.9 132.2 -62.3 -32.5 -142.5 -61.4
93 376.2 108.7
595.6 171.8 -58.3 -50.8 -127.8 103.6
1500.1 218.9 -288.9 -577.6 -637.9 332.6
2655.1 131.7 -142.9 -85.6 -155.7 59.3
103.2 476 129.5
613.1 153.9 -98.2 -39 -130.6 89.8
1739.9 136.8 -590.7 -372 -523.8 149.8
2716.7 104.2 -202 -40.8 -130.7 26
58.1 219.4 71.5
644.4 101.2 -195.4 13 -144.2 24.8
2004.5 0.8 -885.6 -36.2 -495.1 -116.2
2761.7 91.6 -267.4 24.1 -102.4 -58.7
73.6 277.7 80.9
671.5 137.7 -155 20 -126.9 -7.5
2199.7 307.3 -553.5 164.4 -320.7 -91.4
2798.7 163.3 -182 59 -46.6 -61.7
63.3 162.2 70.9
721.9 112.6 -70.9 14.3 -73.9 15.5
2349.5 322.4 -287.8 240.9 -154.7 56.3
2833.8 150.3 -96.2 48.2 17.1 -43.2
winner is: 2
