Regression analysis information for: KLH063a_4075
number of formants: 3
number of coeccicients: 5
5.1 9.4 58.5
613.8 31.5 -31.9 5.9 -2.3 1.4
1252.7 -86.7 -14.2 4.8 9.4 -2.9
2245.9 32.4 165.7 45.5 -138.7 -70.5
4.6 9.3 69.9
617.2 32.4 -29.9 6.4 -1.5 2.3
1256.4 -83 -14.8 5.7 7.6 -1.7
2298.8 38.7 90.9 34.8 -123.4 -74.7
5.2 9.9 54.9
617.2 32.5 -32.8 4.9 -3.3 1.4
1259.1 -85.6 -16.4 4.4 6 -3.8
2335 49.4 22 13 -64.3 -44.3
4.7 9.9 15.9
620.2 32.4 -32.8 5 -2.6 2.3
1262 -83.1 -19.2 4.9 4 -2.6
2383.3 67.2 -55 -13.7 9.5 8.9
5.4 10.1 16.3
618.6 31.1 -37.2 3.6 -3.8 1.1
1262 -88.7 -23.3 3.7 3.6 -5.8
2385 69 -56.8 -16.7 12.7 8.5
5.3 10.1 16.2
619.3 30 -39 2.7 -4 1.4
1263.1 -90.7 -26.3 2.5 2.3 -5.6
2385 66.5 -57 -17.5 9.7 7.2
4.9 10.1 14.4
622 29.2 -37.7 3.1 -3.3 2.1
1265.5 -89.2 -27.4 3.7 0.8 -4.3
2388.2 65 -58.7 -16.6 7.6 10
5.3 10 15.9
620.4 29.3 -40.4 2.3 -4.4 1.1
1265.2 -92.1 -28.9 2.2 1 -6.5
2387.3 61.6 -62.8 -20.9 7 6
4.8 9.7 14.8
622.9 29.1 -37.6 3.1 -4.2 1.7
1267.3 -89.4 -27.8 3.8 -0.8 -4.8
2393.1 65.2 -60.8 -17.3 6.6 9.9
4.5 9.6 14.7
623.4 29.3 -37.3 3.3 -4.6 1
1268.4 -89.3 -27.7 4.6 -1.6 -5.9
2396.6 67.5 -59.9 -15.9 7.1 9.1
4.6 9.7 16.6
621.5 30.2 -39.3 2.1 -5.7 -0.5
1267 -90.2 -27.7 2.3 -0.8 -8.4
2396.1 72.2 -59.5 -19.6 8.3 2.7
4.4 9.7 16.8
622 30.2 -38.6 1.5 -6.4 -0.3
1267.9 -90 -26.5 1.5 -1.9 -7.8
2399.3 73.8 -55.2 -21.2 6.8 3.2
3.8 9.4 14.7
625 30.5 -35.2 2 -5.8 0.5
1270.5 -86.6 -24.4 2.6 -3.2 -6
2407.4 81.9 -45 -15.6 8.8 8.9
3.9 10 17.5
624.6 30.9 -36.7 0.9 -6.7 -0.4
1272 -89.1 -24.2 1.8 -2.7 -7.9
2413.8 84.2 -38.4 -18.1 9.6 2.9
3.6 10.1 16.3
628.3 30.9 -33.5 1.4 -6.1 0.2
1275.8 -86.5 -22.9 3.7 -4.2 -6.6
2425.7 92.3 -28.7 -10.6 12.7 8.8
3.5 10.6 17
630.3 30.7 -32.8 1 -6.1 0.3
1278.8 -87.1 -22.3 4.4 -4.8 -6.5
2435.5 94.9 -22 -9.1 15.3 10.1
3.7 10.9 21.9
630.9 31 -33.4 0.5 -7.2 -0.2
1281.4 -89.7 -21.2 4.6 -4.3 -7.7
2447 98.7 -10 -10.4 15.4 2.6
3.7 11.3 20
635.7 30.9 -30.1 1.1 -6.6 0
1286.1 -87.9 -20.4 7.1 -6.3 -6.8
2462.2 108.5 0.3 0.3 21 10.2
3.9 12.1 25.2
637.6 31.2 -31.2 0.3 -7.7 -0.2
1289.7 -90.5 -20.7 8 -5.6 -8.1
2477.5 109.6 7.7 -4.4 21.9 1.3
4.2 12.6 26.8
641.6 31.6 -29.9 -0.3 -8.4 0.1
1293.8 -90.5 -20.3 9.2 -6.3 -7.8
2494.4 115.8 17.2 -3.9 25 1.2
winner is: 13
