Regression analysis information for: KLH063c_0418
number of formants: 3
number of coeccicients: 5
3.3 14.3 96.7
421.7 -37.3 -16.8 -15.6 -2.6 -9.1
1236.6 70.9 148.6 -10.1 2.1 -6.6
2024.2 -279.2 238.4 -188.5 63.5 100.6
3.8 9.7 112.8
424.2 -39.3 -17.3 -14.9 -3 -9
1250.3 57 140.7 3.5 -6 -4.8
2112.3 -273.3 197.7 -161.7 16.7 133.7
4.2 6.6 119.6
425.5 -39.5 -18.8 -13.5 -3.8 -8.7
1260.6 48 134 13 -10.8 -5.5
2201.9 -255.6 166.5 -135.5 -15.9 138.4
4.7 8.9 88.9
426.2 -38.7 -20.1 -12.7 -3.6 -10
1266.5 44.4 128.3 19.5 -11.1 -9.6
2299.2 -238.8 149.9 -50.9 -51.3 92.3
4.9 10.5 69.4
425.5 -33.8 -23.3 -11.5 -4.8 -9.5
1266.3 53.6 123.2 18.2 -7.7 -11
2454.9 -4 218 -149.2 -78.2 46.6
4.8 14.3 58
425.1 -29.3 -26.3 -10.4 -6.3 -9
1262.5 68.8 112.9 20.2 -6.7 -13.6
2520.6 10 190.5 -152.9 -16.1 86.9
5.1 18.1 82.1
425.3 -25.6 -29.3 -9.9 -6.9 -8.4
1258.5 86.7 96.7 25.9 -6.5 -14
2559.8 16.3 85.1 -114.7 34.8 62
4.6 16.5 54.4
426 -23.6 -32.1 -9.1 -6.4 -7.5
1259 96.1 83.1 32.5 -6.4 -13
2601.7 -13.8 20.6 -37.6 30 -0.8
4.3 14.7 44.7
426.1 -22.9 -34.1 -8.4 -5.6 -7.2
1257.8 103.1 72.5 37.9 -5.5 -13.3
2622.6 -22.7 -27.9 27.7 3 -32.9
4 13.9 42.4
426.3 -24.1 -34.5 -8 -4.7 -6.8
1261 97.6 73 38.4 -3.5 -12.9
2644.4 -60.3 2.9 3.8 19.5 -43.4
3.6 14.5 36.2
426 -25.4 -34.8 -7 -4.3 -6.6
1262.9 92.4 72.2 42.1 -3.5 -13.5
2644.1 -60.7 3.3 2.2 21.2 -39.4
3.2 15.6 20.5
426.2 -26.7 -34 -6.5 -5 -6.5
1266.4 83.6 76.9 43.8 -7 -11.8
2652.5 -77.8 14.5 -1.3 18.4 -27.7
2.8 15.1 8.9
426.7 -28.4 -33.1 -5.9 -5.4 -6.6
1272 72.5 82.6 45.9 -10 -10.1
2661.1 -97.1 26.6 0.2 12 -15
2.6 14.4 9.1
427.7 -29.8 -32.2 -5.8 -6 -6.1
1278.9 61.2 88.9 45.5 -13.3 -6.1
2668.3 -110 34.2 0.7 6.4 -6.9
2.4 13.7 11.6
428.7 -31 -31.5 -6.1 -6.4 -5.6
1285.9 51.1 94.9 44.2 -16 -1.2
2675 -118.4 39.2 0.1 2.9 -2
2.3 14 13.7
429.8 -31.9 -30.9 -6.6 -6.5 -5.2
1292.5 42.5 100.9 41.2 -17 2.6
2682.1 -124.4 43.2 -1.9 1.3 1.4
2.3 14.3 15.1
430.9 -32.5 -30.7 -7.2 -6.7 -4.5
1298.2 36.5 105.1 39.4 -19.1 7.4
2689.6 -128 45.9 -4.3 -0.2 5.4
2.5 13.4 15.5
431.6 -32 -31.5 -7 -7.1 -4
1300.1 38.9 101.5 42.4 -22 10.1
2695.6 -125.7 43.3 -3.7 -2 8.9
2.4 13.6 16.5
432.4 -31.6 -32 -7.9 -6.7 -3.8
1301.9 40.7 101.8 39.1 -19.4 9.7
2702 -122.9 42.4 -7.9 -0.1 10.5
2.6 12.9 16.6
433.1 -30.6 -33.1 -8.5 -6.5 -3.3
1302.5 45.7 98.8 39.1 -19.3 10.3
2706.3 -114.3 37.2 -9.3 -0.5 13.1
winner is: 14
