Regression analysis information for: KLH063a_4347
number of formants: 3
number of coeccicients: 5
5.1 5.3 4.3
383.5 28.4 -28.2 10.3 -2.9 14.4
1384.1 -58.3 -0.6 6.5 3.9 13.7
2250.3 70.4 -15.5 11.1 -18.6 -5
5.7 5 4
385.4 23.9 -26.9 8.2 -4.1 13.4
1385.5 -62.6 -0.1 2.2 2.8 12.5
2251 70.7 -11.5 9.4 -15.6 -4.8
5.4 4.6 3.8
385.5 22.3 -26.2 9.4 -3.6 13.5
1386.5 -66.4 2.2 3 4.3 12.3
2250.8 71.3 -10.1 7.9 -13.2 -5.3
4.8 4.5 4.1
384 25.5 -26.6 12.3 -3.5 14
1388.1 -67.4 6 5.9 5.2 12.9
2249.8 71.9 -10.8 7.8 -13.4 -7.6
4.5 4.3 3.9
383.6 25 -26.8 11.9 -3.7 13.8
1388.1 -68.9 6.6 5.5 5.3 12.5
2249.8 70.4 -9.8 8.8 -13.4 -8.4
5.4 4.2 3.7
384.8 21 -26.3 8.3 -4.8 12.9
1387 -69.9 4.5 0.6 4 11.2
2251 66.8 -8.5 9.6 -14 -7.8
5.3 4 2.9
385 21.3 -26.5 8.1 -4.9 13
1387.1 -69.6 4.4 0.1 4.3 11.3
2250.6 66.7 -8.9 8.9 -13.1 -7.5
4.4 4.4 3.2
383.9 24.7 -27.7 10.8 -4.3 13.8
1388.9 -70.2 6.3 3.2 4.9 11.9
2248.5 66.6 -11.8 5.5 -15.1 -9.6
4.4 5 3.4
384.4 25 -28 10.5 -4.4 13.9
1389.8 -69.3 5.6 2.2 4.6 11.5
2250.5 69.4 -13.8 2.2 -15.2 -8.5
4.4 5.4 4.5
385.3 25.2 -28.4 10.4 -4.5 14.1
1392.3 -69.5 5.3 0.9 4.2 11.4
2255.8 72.1 -15.8 -0.1 -15 -5.9
5.2 5.1 5.7
387.6 21.5 -27.5 7.7 -5.4 13.6
1393.6 -69.4 3.3 -3.4 2.1 10.6
2263 73.6 -15.8 -1.3 -15.7 -2.8
5.2 5.3 7.1
388.1 21.5 -27.6 8 -5.2 13.9
1396.4 -69.8 3.9 -5 2.2 10.6
2269.2 77.1 -16.7 -4.3 -15.5 -0.1
5.3 5.9 8.6
388.4 21 -28 8.7 -4.9 14.2
1399.9 -71 4.2 -6.8 2.4 10.4
2276.9 79.6 -19 -6.8 -15.3 2.5
4.3 7.3 10.7
386.5 24 -29.6 12.9 -3.5 15.3
1405.4 -73.9 8 -6 5.8 10.6
2285 84.9 -20.9 -8.8 -11.1 6
4.3 7.8 11.8
385.1 22.9 -30.1 15.2 -2.7 15.6
1409.1 -76.3 9.6 -7.9 7.2 10
2293.2 88.3 -21.2 -10 -9.4 8.3
5.4 7.2 12.3
383.6 16.3 -29.6 16.5 -1.4 16.9
1410.2 -76.1 7.2 -11.2 5.7 9.3
2301.9 90.5 -22.5 -13 -11.8 10.1
6.4 7.9 13.2
379.3 11.6 -30.9 20.9 1.7 19.5
1412.1 -77.8 7.9 -11.6 7.7 8.9
2308.3 94.8 -22.3 -13.2 -10.1 11.1
8.8 10 14.8
368.7 8.6 -34.4 32.7 7.7 22
1416.9 -85.3 14.8 -11 15 8.7
2316.6 103.3 -19.4 -11.3 -2.3 16
15.4 12.1 15.5
353.5 -4.1 -41.9 46.3 18.5 32.8
1419.1 -92.4 17.3 -11.2 19.4 8.4
2324.3 106.6 -17.2 -7.3 -0.7 17.8
104.6 100.5 79.7
379.5 47.9 -66.7 -21.7 -97.2 -31.5
1466.4 -29.3 2.5 -93.9 -98.1 -72.8
2373.4 158.6 -32.6 -77.7 -103.8 -50.5
winner is: 8
