Regression analysis information for: KLH063c_0621
number of formants: 3
number of coeccicients: 5
1 85.5 55.3
282.9 1.5 -4.6 -5.4 0.2 -1.6
1581.1 0.5 380.4 -86 -33.3 -48.4
2159.4 39.8 45.4 22.4 -2.1 -19.5
1 105.8 61.1
284.1 1.4 -5.2 -5.5 0.6 -1.5
1648.7 -20.8 328.4 -95 -50.8 -7.2
2211.4 -16.9 96.4 -27.7 22.7 -17.6
1 75.3 38.4
285.1 1.3 -5.7 -5.6 1 -1.4
1750.8 1.6 192.7 -168.4 -14.7 96.9
2253.8 -52 128.6 -69.3 33.9 -5.4
1 98.9 28.4
285.9 0.9 -5.9 -5.3 1.2 -1.7
1842.9 -13.8 54 -146.6 69.8 118.8
2269.8 -48.6 125.2 -69.9 33.7 17.4
0.9 94.2 32.8
286.5 0.8 -6.7 -5.1 1.4 -1.6
1890.1 -46.8 -2.2 -89.5 78.5 92.4
2289 -59.9 122.8 -60.3 26.1 36.8
0.8 80.7 31.8
286.8 0.7 -7.2 -4.6 1.7 -1.9
1915.4 -66.8 -30.4 -48.2 69.8 59.3
2293 -53.1 125.5 -58.9 30.8 36
0.8 58 33.6
286.7 0.3 -7 -3.6 1.7 -2.3
1944.1 -87.9 -58 -12.4 52.5 47.2
2305 -61.7 125 -42.4 23.6 39
0.8 40.7 37.1
286.6 0.1 -7.1 -3.3 1.7 -2.1
1959.6 -103.6 -73.5 14.3 40.1 40
2317.9 -81 122.1 -20.4 4.3 51.9
0.7 24.6 38
286.7 0 -7.2 -3.1 1.7 -2.2
1972.2 -115.2 -89.4 37.6 33.3 26.7
2322.6 -86.8 118.2 -11.4 -0.9 53.2
0.8 9 38
286.5 -0.3 -6.8 -2.7 1.3 -2.3
1984.9 -128.5 -105 60 24.5 19
2355.7 -128.9 86 59.3 -36.2 23.8
0.8 9 50
286.5 -0.4 -6.7 -2.5 1.2 -2.3
1984.3 -129.2 -103.4 61.6 28.5 19.4
2369.1 -141.6 77.7 88.6 -49.2 13
0.9 8.8 44.9
286.5 -0.5 -6.5 -2.3 0.9 -2.6
1982.1 -127.3 -96.8 62.9 26.6 19
2369.1 -131.9 87.7 88.6 -43.6 14.8
0.8 9 43.3
286.4 -0.8 -6.2 -2.1 0.6 -3
1972.2 -132 -74.2 75.5 19.8 6.8
2372.7 -126.4 99 94.2 -42.1 14.9
0.8 11.3 42.7
286.4 -1 -6.3 -2.4 0.3 -3.1
1974.2 -130.3 -65.6 75.8 16.3 5.2
2382.5 -116.6 109.7 100.2 -40.3 16
1 11.6 43.7
286.4 -1.4 -6.7 -2.8 -0.3 -3.5
1981.2 -127.2 -61.7 69.5 17.1 5.8
2395.4 -107.3 121.3 107.7 -40.5 15.8
1.3 12.2 43.4
286.1 -2 -7.6 -3.5 -1.1 -4
1991.4 -123 -59.9 60.2 17.8 7.1
2410.6 -94.7 135.1 115.9 -40.2 13.7
1.7 10.6 43.3
285.6 -3 -9.2 -4.5 -2.4 -4.7
2005.9 -118.5 -63.8 49.8 23.8 7.5
2430.4 -80.1 148.9 129.8 -39.9 7
2.5 10.9 41.9
284.4 -4.6 -11.8 -6.2 -4.6 -5.7
2020.4 -114.6 -66.2 37.8 28.7 6.7
2448.8 -59 168.4 139.8 -36.7 1.1
3.9 11.9 39.4
282.5 -6.4 -15.2 -8 -7.4 -6.7
2032.3 -113.9 -62.5 26.4 30.7 3
2455.7 -31 202.5 129.5 -34.1 11.2
6.9 13.8 33
279.3 -10.3 -22 -11.3 -12.6 -9.1
2051.2 -110 -69.5 5.5 42.5 9.1
2489.3 -17.6 198 162.1 -21.6 -20
winner is: 10
