Regression analysis information for: KLH063a_0704
number of formants: 3
number of coeccicients: 5
45.5 141.1 176.6
647.1 15 -23.1 -48.6 19.4 -11.2
1190.2 18.5 146.6 -131.6 65.6 -28
1815.9 7.2 496 55.4 182.6 -186.9
31.2 123.9 198.8
658.6 -1.2 -15.2 -46.7 5.9 -1.3
1246.7 -40.3 167.1 -117.7 11.8 -3.5
1920.1 -8.9 499.2 29.9 71.5 -215
14.7 104.4 234.9
671.6 -7.2 -40.3 -29.4 11.7 -28.5
1320 -92.8 68.1 -30.9 61.4 -76.7
2120.8 -8.1 252.6 24.2 114 -280.8
30.4 81.1 90.5
667.2 0.1 -35.8 -49.6 22.8 -18.1
1357.5 -103.9 33.4 -48 73.8 -13.1
2309.6 -4.1 48.6 -94.8 84.7 -16.1
3.4 11.7 25
683.3 -19.1 -45.8 -23.6 -2 -14.2
1396.1 -153.1 18.5 13.7 9.2 3.3
2345.4 -50.8 37.6 -33.2 17.7 -3.9
3.3 11.2 26.1
682.7 -18.9 -47.8 -22.7 -1.4 -13
1396.8 -154.9 18.4 12.7 10.5 4.3
2348 -52 39.3 -33.8 16.5 -3.8
2.8 10.2 24.8
679.2 -16.1 -52.7 -16.7 -4.9 -8.3
1396.4 -158.4 18.7 12.3 12.8 5.1
2350.1 -55.9 38.8 -37.4 20 -5.6
3.2 9.7 22.4
674.9 -12.6 -55.5 -11.3 -8 -3.7
1395 -160.1 18.4 14.2 14.1 6.8
2352.4 -59.6 36.5 -36.4 23.5 -3.3
4.4 10.1 20.8
670.4 -8.9 -56 -7.6 -8.9 -1
1392.8 -160.6 18.8 17.8 14.6 8.3
2355.1 -62.9 35.8 -32.6 26.9 0.8
5 10.6 20.6
665.7 -3.8 -55.8 -5 -10.2 1.1
1389.9 -158.8 19.4 21.7 13.7 9.4
2358.6 -64.6 37.9 -28.1 30.1 4.7
5.3 10.9 21.4
661.7 0.5 -54.4 -4 -10.3 2.2
1386.4 -155.5 20.6 25.3 12.2 10.2
2360.5 -63.6 42.8 -24.1 32.9 8
5.3 11 22.5
658.9 4.1 -52.2 -3.6 -9.4 2.8
1383.5 -152.2 22.8 27.7 11.3 10.9
2360.7 -59.1 52.4 -20.3 36.2 12.6
5.2 10.8 23.9
657.3 7.2 -50.4 -3.7 -8.7 3.3
1381 -148.6 24.8 28.2 10.3 11.9
2358.1 -52.1 65.3 -22.1 36.2 19.4
5.1 11 25.6
656.7 9.9 -48.8 -3.7 -8.1 3.6
1379.6 -145.2 26.9 28 9.7 12.3
2354.9 -42.2 80.4 -26 35.1 25.8
5.4 10.8 26.4
655.8 12 -49 -3.8 -7.6 3.2
1378.3 -141.9 26.3 28 9.8 11.6
2350.9 -34.6 84.8 -31.7 38.2 23.8
5.9 10.9 27.3
656.6 15.5 -48.7 -3 -7.8 3.3
1378.7 -137.4 25.3 29.1 8.8 11.7
2354.3 -20.4 89.2 -32.1 43.4 18.5
6.2 11.1 28.7
658.6 19.4 -47.1 -1.8 -7.4 3.3
1380.6 -133.9 25.6 29.3 8.7 11.1
2363.1 -5.4 94.8 -27.5 47.6 14.4
6.9 12.2 29.5
660.9 25.4 -45 1.7 -7 4.4
1380.7 -127.6 23 33.1 6.3 11.6
2372.1 13.2 101.3 -18 53.6 9
7.2 14.2 34.3
665.8 33.3 -40 5.6 -5.1 5.4
1383.5 -124.8 22.7 33.3 5.3 10.2
2388.5 33.1 110.3 -6.1 57.6 5.4
7 17.1 43.9
674 46.1 -30.7 12.5 -0.7 7.9
1386.5 -124 21.1 31.2 2.9 6.7
2409.9 56.1 121.4 7.7 59.2 -0.4
winner is: 8
