Regression analysis information for: KLH063a_0047
number of formants: 3
number of coeccicients: 5
14.7 13.1 91.1
704.6 28.4 -5.6 1.8 -21.6 6.3
1318.7 -81.6 73.4 -16.3 18.6 1.6
2201.9 -91.6 130.5 74.8 -92.7 -102.9
14.2 13.1 95.7
702.3 28.4 -4.9 -0.3 -22.4 8.4
1316.2 -83.3 74.9 -20.8 18 3.6
2189.4 -102.7 143.6 67.5 -107.8 -116.4
14 13.2 107.5
700.9 28.7 -5.5 -0.9 -22.9 10
1314.5 -84.8 75.3 -23.8 17.6 4.9
2173.5 -133.8 125.1 50.3 -88.2 -86.6
13.4 12.9 118.7
699.1 30.1 -7 -0.2 -22.2 11.9
1312.5 -85.1 75.4 -25.8 19.2 6.7
2180.5 -137.6 109 25.5 -63 -69.1
12.9 12.6 107.3
698.3 32.3 -8.5 0.7 -22.6 13.7
1311.7 -83.5 75 -26.2 19.5 8.5
2206.1 -116.5 93.3 -0.4 -45.5 -52.4
12.8 11.8 107
698.9 34.7 -9.4 3 -21.8 14.9
1312.4 -80.4 74.1 -23.1 20.4 9.4
2251.3 -74.8 74.6 -3.4 -21.2 -62
12.7 11 107
700.6 36.9 -10.4 6 -20.6 15.1
1314.5 -77.1 72.9 -18.4 21.5 9.3
2319.4 3.1 61.2 -0.5 -18.4 -110.2
13.2 10.6 114.3
702.5 39.5 -11.1 9.9 -19.5 15.6
1316.1 -72.5 69.7 -11.6 21 10.2
2361.9 55.3 30.5 13.7 -7.9 -94.7
13.5 11.6 115.1
705.4 39.7 -12.7 13.2 -18.7 15.2
1320.4 -73.4 67.1 -6.5 20 10.1
2439.8 70.4 -53.6 -8.6 11 -39.2
14.3 13.7 85.9
710.3 41.1 -13.4 18.6 -16.4 15.9
1327.3 -73.8 65.6 0.7 19.9 10.4
2547.4 102.3 -137.8 -22.3 32.1 17.5
15.9 16.2 75.2
715.2 41.7 -14.7 23.6 -14.8 15.6
1334 -75.4 63.5 6.6 19.2 8.8
2610.8 107.7 -166.8 27.7 61 11.8
17.6 18.7 67.5
719.6 41.5 -16.2 27.6 -13.4 14.1
1340.6 -78.5 62.3 10.8 19.2 5.5
2646.1 112.7 -154 41.4 49.2 -6.4
19.4 20.4 58.5
723.9 42.3 -16 31.8 -11.2 13.6
1346.3 -81.7 62.2 13.4 19.5 2
2677.2 122.6 -131.8 40.1 34.5 -25.6
20.6 21 53
726.9 43 -14.9 34.5 -9.6 13.6
1350.4 -84.2 63.9 13.9 19.8 -0.3
2702 125.7 -113.8 37.7 30.8 -36.5
21.4 21 53.8
729.4 43.9 -13.3 36.2 -8.1 14
1353.6 -86.4 66 12.9 19.8 -2.3
2721.5 123.3 -97.2 36 34.6 -41.3
22.2 20.9 53.4
732 46.2 -10.6 38.3 -6 15.2
1356.2 -86.7 68.9 11.8 19.9 -3.4
2732.4 116.8 -89.1 32.8 37.3 -43.7
23.1 21.2 52.7
734.6 48.4 -7.5 40.5 -4 16.5
1359.2 -87.3 72.2 11.2 20 -4.4
2741.3 107.6 -81.1 29.8 38.2 -44.9
24.2 21.9 52
737.4 50.7 -4.9 43.2 -1.9 17.7
1362.1 -88 74.4 11.2 19.6 -5.4
2749.9 100.5 -75 28.7 38.4 -45.9
23.8 22.2 52.2
738.8 50.5 -5.3 44.2 -2.2 16.7
1364.4 -87.8 75.6 13 19.1 -5.5
2753.4 95.2 -74.3 33.3 34.9 -47.2
25 22.9 49.4
741 52.4 -4.5 46.4 -0.2 18.1
1365.7 -88.6 74.9 13.1 17.9 -5.6
2758 97.8 -77.2 35.6 33.3 -42.6
winner is: 14
