Regression analysis information for: KLH063a_0179
number of formants: 3
number of coeccicients: 5
4.4 125.8 17.6
266 13.1 -4 -9.4 -10.8 0.6
1276.2 281.9 -30.5 -172 -166 -13.2
2364.5 67.7 -11.2 -2.7 -14 28.6
4.3 108.1 16.3
267.2 14.5 -3.2 -9.2 -11.2 -0.1
1344.2 372.5 3.8 -176.6 -192.4 -48.3
2378.8 84.6 -7.8 -3.7 -14.1 32.3
4.1 62.6 23.1
268.5 15.7 -2.5 -8.7 -11 -0.5
1493.8 597.7 136.1 -111.5 -183.2 -95.2
2403.9 112.5 3.8 2.3 -14.4 23
3.9 57.6 17.2
270 16.3 -2 -8.1 -10.7 -0.6
1567.9 671.9 168.1 -70.5 -128.7 -54.7
2441.8 158.8 40.9 37.6 15.9 46.6
4.1 50.9 34.7
270.9 15.4 -2 -7.2 -9.7 0.1
1619.7 675.3 114.5 -90.1 -105.9 -36.8
2473.8 189.5 55.6 42.9 8.5 33
4.2 76.4 60.2
272 13.9 -2.1 -6.6 -9 0.4
1714.7 673.2 -17.9 -84.7 -2.2 -38.9
2502.2 214.1 68.2 48.1 2.1 19.4
4.2 123.2 82.1
272.2 11.9 -1.8 -5.7 -8.5 0.4
1720.1 615.1 -41.1 10.3 59.3 -78.9
2508.4 218.2 85.8 72.1 13.2 17
4.2 147.2 68.5
272.9 9.2 -1.7 -5.6 -8.3 0.6
1741.2 557.9 -130.7 108.4 196.5 -28.7
2503.6 179.5 52.7 93 61.2 53.5
4.4 169 103.4
273.6 6.5 -1.3 -5.2 -9.1 0.8
1763.2 378.3 -44.5 85.2 273 -108.3
2512.4 40.9 70.4 10.7 144.2 26.2
4.7 233.2 166.1
274.4 4.6 -0.7 -4.9 -9.9 1.3
1885.8 70.3 106.7 84.5 93.7 -69.7
2592.7 -147.4 130.2 21.1 18.2 11.9
4.9 231.6 166.3
275.4 4 -0.6 -4.6 -10.9 2.1
1962.8 70.7 80 56.2 42.9 -27.1
2599.6 -175.1 124.9 22.4 -12.8 30.2
4.5 249.9 184.9
275.4 5.2 -1 -5.2 -11 2
2041.4 186.7 -12.1 -33.8 98.5 -67.3
2600 -137 139.9 16.9 -5.3 -20.8
4.3 249.4 270.4
275.9 5.6 -0.8 -6 -11 1.8
2143.3 241.3 -105.5 -52.9 60.9 -85.2
2701.5 -51.9 112.9 22.8 -43.2 -75.6
4.1 230.1 264.4
276.3 5.7 -1 -6.4 -11.4 2
2227.3 233.9 -145.7 -44.4 75.7 -119.2
2823.4 -25.5 99.8 -61.2 -73.3 -11.6
4 24.6 81.2
276.5 5.8 -1.3 -6.8 -11.7 1.8
2383.9 42.3 -23 15.4 -6.2 39.4
3074.7 -63.5 -50.9 -49.4 -96.3 -63
3.8 25.3 53.7
276.5 5.7 -1.7 -7 -12.3 1.7
2387.3 49.3 -18.3 19.8 0.1 43
3121.6 -0.4 -14.8 -16.8 -65.2 -65.6
3.9 26.3 53.5
276.4 5.2 -2.2 -7.2 -12.7 1.7
2388.1 51.2 -18 20.2 0.4 42.4
3143.9 48.2 43.1 31.4 -32.4 -45.8
3.7 25.1 36.6
276 4.6 -3 -7.8 -13.2 1.4
2389.7 51.8 -13.9 22.5 0 42.2
3164.1 58 16.8 8.2 -13.5 -16.8
3.6 24.1 25.8
275.5 3.9 -3.8 -8.7 -13.8 1.1
2392.5 52.4 -11.4 24.7 1.2 42.3
3173.8 58.9 5.5 -2.3 -8.1 -7.2
3.5 22.5 16.1
274.8 3.4 -4.8 -9.1 -14.3 0.7
2394.5 50.9 -7.3 25.3 3.1 44.3
3187.4 60.9 -5 -16.5 4.7 7
winner is: 20
