Regression analysis information for: KLH063a_2971
number of formants: 3
number of coeccicients: 5
6.8 39.3 30.7
306.3 24.1 -7.1 -5.8 -0.1 0.6
1355.4 -412.7 0.9 -150.2 -70 11.9
2221 -92.1 -31 32 -34.1 -12.3
6.8 171.1 78
309.7 27.6 -4.7 -3.9 1.5 2.1
1526.6 -293 143.3 -50 89.8 218.3
2279 -2.6 73.3 138.3 48.3 60.9
6.9 151.9 127.9
313.3 31.3 -2.2 -1.8 3.2 3.7
1791.8 -16.7 247.9 -33.6 116.4 202.7
2444.3 80.8 153.3 82.8 13.6 133.9
6.9 137.5 120.1
316.4 34.3 -0.4 -0.3 4.1 4.6
1904.9 13.9 170.4 -54 96.1 139.6
2517.6 88.7 161.8 0.9 -23 102.7
7 62.6 54.1
318.2 35.6 0 0.5 4.1 4.6
2049.9 63.6 33.7 -85.9 49.4 8.2
2605.9 130.5 64.8 -49.5 -14.6 46.4
7.1 46.5 31.1
318.9 35.6 -0.4 0.6 3 3.8
2076.7 32.8 16.5 -46.6 25.7 -0.9
2626.8 110.4 30.5 -21.1 7.6 16.1
7.3 30.6 16.9
317.9 33.4 -2.4 -0.3 1.1 2.3
2108.1 1.3 -3.7 -2.8 -6 -8.7
2641.7 99 14.4 -3.4 13.3 -0.7
7.2 29.3 15.4
315.9 29.2 -5.9 -2.5 -1.3 0.7
2125 -10.4 -15.9 20.4 -17.3 -20.5
2648.1 101.4 16.5 -0.3 10.7 -1.4
7.2 28.9 14.5
314.8 26.9 -7.8 -3.1 -2.1 0
2130.4 -12 -18 23.8 -20.5 -21.5
2653 103.7 17 -0.1 6.7 -2.5
7.2 30 14.2
313.2 24.4 -9.8 -3.8 -2.8 -0.2
2135.2 -13 -17.3 26.4 -21.7 -24.5
2659.6 108.4 21.1 -0.7 4 -7.3
7.2 31.8 13.6
312.4 23.2 -10.9 -4.2 -3.3 -0.4
2136.9 -14.2 -17.2 29.2 -21 -28.7
2662.8 110.7 23.5 -0.5 4 -11.1
7.2 32.3 13.4
311.9 22.9 -11.5 -4.5 -3.9 -0.2
2138 -14.4 -17.2 27.5 -19.7 -29.3
2664.3 112.1 25.8 -1.9 5.2 -12.4
7.2 34.6 14.5
311.1 21.5 -12.5 -5 -4.4 -0.1
2135.5 -15.1 -22.2 26.4 -21.4 -36.1
2666.7 120 28 0.3 3.8 -18.3
7.1 33.3 20.5
310.6 21.2 -12.7 -4.1 -4.6 0.3
2131.8 -25 -14.4 38.2 -26.8 -46.1
2668 118.4 33.3 4.6 -1.4 -29.1
7.5 33.8 21.1
310 22.2 -13.3 -3.5 -5.6 1.4
2125 -25.7 -1.4 21.2 -28.9 -35.5
2664.6 111.7 37.7 -3.6 -0.3 -25.4
7.9 32.9 17.2
309.6 23.7 -14.6 -2.6 -6.7 2.1
2133.5 -30.4 -2.4 14.3 -33 -27.1
2668.2 105 36.7 -10.1 -1.4 -21.6
8.8 31.4 13.7
308.6 26.6 -16.8 -0.7 -8.3 3.4
2146.3 -37.5 -3.7 12.3 -38.5 -22.3
2675.2 100.3 37.9 -16.4 -3.4 -19.6
8.4 29.5 12.3
307.6 29.1 -18.8 0.5 -9.1 3.5
2157.9 -40.6 -3.1 8.7 -42.3 -13.1
2682.8 99.7 40.2 -20.4 -5.7 -16
8.8 31.3 11.7
305.5 33.8 -22.8 3.2 -10.8 4.7
2177.1 -49.5 -14.2 12.3 -42 -8.9
2692.1 96.3 40.2 -23.6 -4.9 -13.7
10.3 31.8 12
300.5 44.2 -31.7 9.9 -15.2 7.8
2197.6 -59.5 -23.3 13.7 -39.2 -2.9
2702.8 91.1 42.5 -27.9 -2.6 -10.5
winner is: 18
