Regression analysis information for: KLH063a_3172
number of formants: 3
number of coeccicients: 5
7.2 83.9 45.5
409.8 159.8 54.7 -12.2 6.5 -9.7
1562.1 155.8 13.5 98.5 -14.3 -82.1
2251.6 -233.3 -48.1 -5.1 33.5 24.6
6.9 85.4 44.9
408.9 159.6 56.1 -11.5 6.3 -10.1
1536.4 157.5 44.1 105.3 -19.9 -100.7
2248.4 -233.3 -39.5 9.5 51.5 41.8
6.9 80.2 45.4
408.2 159.4 56.9 -11 6.5 -10.3
1509.9 158.4 66.5 99.4 -8 -97.8
2241.6 -237 -36.6 17.1 60.9 49.4
6.9 85.5 46.6
408.3 159.9 57.3 -11.2 6.6 -10.4
1496.9 185.6 88.2 56.7 -8.9 -84.3
2244.6 -221.4 -26.9 20.5 65.2 47.6
6.9 83 43.9
408.5 160.1 58 -11.6 6.9 -9.9
1492.1 195.6 107.4 21.2 -21.6 -58.1
2254.7 -202.3 -5.5 29.4 76.3 57.8
6.8 84.7 42.4
409.6 160.8 58.5 -12 6.8 -10
1518.4 197.5 97.8 14.1 -35.6 -67.5
2283.3 -164.5 21 34.8 72.2 53.5
6.9 84.3 40.2
411.4 161.5 58.2 -12.3 7 -10.1
1562.4 182.4 60.1 26.4 -34.3 -75.9
2330.6 -108.6 41.2 11.7 30.3 24.8
7.1 111.7 69.5
413.9 162.5 57.1 -12.6 7.5 -10
1658.6 130.3 -48.8 104.9 -31 -110.3
2395.1 -75.7 39.6 16.5 -46.8 -29.5
7.8 126.1 73.7
416.7 163.3 55.3 -13.2 8.7 -9.3
1833.2 58.1 -273.9 200 33.4 -103.2
2435.8 -82 18.8 44 -69.4 -55.3
8.8 100.6 72.5
419.2 164.5 54.1 -13.8 9.6 -8.7
1892.5 24.9 -315.7 216.1 20.2 -74.2
2457.1 -90.5 6.9 53.4 -67 -49
9.4 88.1 81.3
420.8 165.5 54 -14.3 9.9 -8
1923.2 3.2 -318.2 212.5 -3 -38.2
2478 -100.4 -2 67.1 -72.3 -46.5
9 84.4 92.2
421 166.3 55 -14.3 9.3 -7.8
1944.2 -9.4 -318 199.2 -11.5 -11.5
2496.5 -115.3 -7.6 88.6 -83 -49.8
8.7 83.9 110.3
420.5 166.9 55.7 -13.8 8.6 -7.5
1951.3 -11.4 -312.9 188.1 -24.5 6.2
2510 -127.8 -11.6 112.1 -104 -60
8.7 79.7 92
419.8 167.4 56 -13 7.6 -6.6
1946.6 -18.6 -287.6 189.5 -59 20.1
2487.9 -113.9 20.1 80.5 -97.4 -34.1
10.3 81.7 58.8
417.5 172.1 52.3 -8.6 3.6 -2.8
1936.3 -12.8 -275 194.2 -77.3 10.2
2451.9 -71.6 52.7 12.7 -52.1 -27.6
25.1 107.6 82.3
426.8 153.9 70.6 -26.7 20.8 -19.1
1959.2 -58.7 -209.2 105.4 -4.6 -44.4
2465.7 -102.6 98.3 -34.5 -17.6 -53.5
35.3 115.5 99.8
435.1 138.9 85.2 -41.2 33.8 -30.7
2002.6 -99.5 -201.3 70.5 22.8 -49.8
2489 -126.4 107.1 -41 -16.8 -74.1
36.5 109.9 114.9
436.2 139.4 85.4 -41.9 34.2 -31
2048.3 -139.1 -200.9 41.6 51 -52.5
2518.3 -149.4 114.2 -50.1 -10.9 -100.7
37 106.7 138.7
435.9 142.5 83.1 -40 32.7 -29.4
2070.8 -147.9 -214.7 39.6 43.5 -27.6
2563.4 -167.4 65 -4.8 -21.7 -124.5
40 88.3 153.5
441.9 134.8 91.6 -48.2 39.9 -34.7
2107.4 -186.5 -191.3 1.6 58.6 -18.4
2628.4 -191.7 22 -15.5 20.3 -142.4
winner is: 7
