Regression analysis information for: KLH063c_0930
number of formants: 3
number of coeccicients: 5
28.3 5.3 62.4
718.7 -72.1 -1.3 -73.8 1.4 -46.7
1091.5 65 14.9 -13.9 8.1 -10.9
2024.5 -179.9 132.4 177.1 -23.4 -130.3
28.4 5.6 72.5
723.4 -69.3 -3.2 -77.4 4.7 -43.9
1093.1 67.9 12.9 -15.4 8.8 -8.6
2070.4 -145 105.9 161 -21.2 -139.4
26.8 7.7 86.1
724.8 -59.2 -8.4 -78.9 6.9 -41.2
1092.9 71.5 13 -15.9 10.8 -10.4
2185.2 -50.9 1.4 55.8 23.5 -54.6
26.4 6.7 47.2
722.1 -41.9 -17.3 -75.3 6 -36.7
1094.4 77.1 10.4 -20.2 13.1 -8.8
2265.8 43.8 -24.3 -25.9 -0.8 5.2
24.6 6.9 36.9
709.4 -3.3 -44.5 -49.8 -14.9 -13.5
1095.3 80.5 10.3 -21.9 14.3 -9.2
2292.5 90.6 -1.9 -20.1 -3 3.3
28 7.3 30.1
697.3 32.1 -66.9 -26.6 -32 5.2
1095.8 82.8 11 -23.2 15.3 -9.5
2301.9 116.3 8.9 -13.4 -5.3 -3.8
26 7.5 31.4
697.2 44.4 -66.7 -21.8 -31 6.4
1096.2 84.1 11.5 -24.2 15.5 -10.6
2301.6 127.6 6.7 -13.2 -7.1 -8.8
25.9 7.8 31.6
707.1 67 -43.7 -2.1 -11.8 22.8
1096.1 84.2 12.5 -24.4 15 -11.7
2299.2 131.5 4.4 -14.4 -5.5 -6.5
31.8 8.4 32.6
713.8 82.2 -26.3 12.2 1.2 33.2
1095.7 83.5 13.4 -24.4 14.4 -12.8
2297.9 134.6 4.4 -15.7 -4.9 -5.9
33.1 8.6 33.3
715.5 84.9 -19.3 15.8 1.4 33
1095.4 82.9 14.5 -24.1 13.1 -14.2
2297.5 133.7 7.3 -14.7 -7.7 -4.4
29.4 8.5 32.7
710.4 72.1 -25.5 7.9 -10.3 21.2
1095.1 82.2 15.9 -23.2 12.7 -15.6
2297.2 130.5 11.5 -10.7 -13.9 -5
27.1 8.7 31
710.1 66.6 -27.5 7.5 -15.3 18.3
1094.8 82.5 15.7 -22.1 12.4 -15.7
2300.2 124 14.9 -6.9 -16.8 -6.1
30.5 8.7 28
700.9 44.4 -50.6 -10.7 -42.1 -1.4
1094.6 84.8 15.5 -20.7 12.4 -15.3
2304.1 117 16.3 -4.1 -20.1 -7.3
34.4 9.3 26.5
701.5 48.9 -56.4 -0.4 -50.8 7.1
1093.7 88.2 14.3 -19.5 12.9 -14.8
2309.2 110.3 14.6 -0.4 -23.6 -6.5
59.3 10.6 25.9
689.7 74.8 -88.3 35.6 -83.4 39.4
1091.6 92.7 12.8 -18.8 14.7 -15
2313.1 103.1 10.1 7.8 -26.4 -3.2
49.5 102.4 111.4
734.2 -5.9 -13.5 -36.1 -13.4 -34.3
1143.3 -12.1 118.5 -127.8 120.6 -118.6
2378.1 -19.2 120 -103.7 80.8 -110.3
48.4 104.5 117.3
753.8 -31.7 6.3 -49.6 -2.2 -46.9
1156.3 -39 147.6 -159 147.4 -139.3
2405.4 -60 149.8 -133 106.3 -131.2
40.3 101.1 112.6
774.2 -57.6 25 -61.9 3.6 -51.6
1170.4 -68.7 177.5 -188.6 168.9 -152.2
2433.3 -99.7 178.7 -160.1 124.4 -141.5
45.8 100.8 111.8
780.5 -52.7 16.6 -53.8 -3.3 -50.8
1165.4 -62.9 175.3 -191.1 169.9 -153.6
2441.4 -99.1 170.9 -158.8 122.8 -140.3
35.7 101.5 101.1
800.2 -73.6 27.3 -64.6 -2 -52.6
1181.2 -100.7 209.4 -221.4 184.9 -157.8
2470.2 -137.2 197.4 -183.6 136 -140.3
winner is: 7
