Regression analysis information for: KLH063a_5032
number of formants: 3
number of coeccicients: 5
8.1 3.5 24
624 -99.3 -58.9 -25.6 0.3 -7.7
1404.2 45.4 -20 12.6 -8.1 -0.5
1817.1 -81.8 186.2 98.8 67.1 -19.2
8.7 3.2 33.8
634.1 -95.1 -62.8 -30.9 -0.2 -7.4
1406.7 45 -19.8 13.8 -7 -0.6
1897.1 -63.9 215.7 123.5 88.1 -32
32 73 71
627.9 -112.7 -54.4 0 34.9 5
1371.5 -0.1 6.8 94.7 68.4 18.1
1993.1 -67.7 297.8 199.3 144.3 -34.6
10.2 2.9 79.6
655.7 -92.4 -69.8 -42.3 -1.8 -3.5
1412 41.9 -18.3 15.1 -6.6 0.2
2279.8 75.8 174.4 -88.6 -108.8 -23.5
10 2.7 41
667.7 -92.2 -75.4 -46.8 -0.8 -1.5
1414.7 40.1 -18 15.8 -6.4 0.7
2413.5 -10.3 70.8 -53.3 -71.8 39.2
9.4 2.7 16.6
674.3 -93.5 -76.6 -44.6 1 -0.3
1416.4 39.5 -17.5 16.8 -6.4 1.2
2444 -12.9 11.8 -39.6 -19.7 22
8.7 2.8 8.8
679.5 -100.4 -80 -41.6 5.6 1.9
1417.9 37.6 -17.5 17.2 -6.4 1.6
2449.4 -9 -0.6 -41.8 -6.6 26
8.8 3.2 8.4
680.7 -107.6 -77.9 -36.7 9.9 1.5
1418.8 35.9 -17 17.5 -6.1 2
2450.9 -10.1 -0.5 -41.7 -7.9 26.5
9.3 3.2 8.1
682.2 -113.6 -77.3 -33 13.6 1.9
1419.4 34.8 -16.8 17.9 -5.7 2.1
2453.1 -12.7 -0.3 -41 -8.2 27.1
10.1 3.4 8.1
682.7 -117.8 -75.6 -30.5 15.1 -0.1
1419.8 33.9 -16.5 18.1 -5.5 2
2455.3 -15.4 -0.5 -40.5 -7.8 26.8
10 3.3 8.1
680.9 -118.4 -75.5 -27.9 16.3 -2.5
1419.7 34 -16.6 18.4 -5.4 1.6
2456 -15.8 -1.5 -39.7 -6.3 26.2
9.9 3.1 7.5
679.5 -118.5 -75.9 -25.4 18.3 -6
1419.4 34.1 -16.9 18.7 -4.8 1
2455.6 -14.9 -3.6 -38.6 -3.4 23.3
10.3 3.2 7.4
678.7 -118.7 -74.2 -24.9 17.5 -7.4
1419.3 34.1 -16.7 18.6 -4.9 0.8
2454.9 -14.4 -4.2 -38.7 -2.8 21.8
10 3 6.8
677.5 -121 -68.9 -25.1 15.8 -7.7
1419.2 33.8 -15.8 18.4 -5.1 0.7
2453.8 -16.5 0.7 -39.9 -3.3 22.2
10.3 3 6.6
678.6 -122.8 -67.5 -25.5 15.2 -8.5
1419.6 33.4 -15.4 18.5 -5.2 0.8
2455.6 -19.3 2.9 -39.1 -4.2 22
10.6 3.1 6.7
680 -125.8 -65.6 -27.5 14.3 -9.2
1420 33.1 -14.9 18.6 -5.4 1
2457.9 -22.2 7.6 -40.2 -5.1 22.2
10.5 3.2 5.7
681.6 -128.9 -63.1 -29.4 13.1 -8.4
1420.2 33 -14.6 18.6 -5.8 1.3
2460.3 -26 12.7 -41.5 -9.1 24.9
10.8 3.2 5.5
683.6 -134.9 -64.8 -32.4 11.6 -9.3
1420.7 32.8 -14.9 18.9 -6.2 1.4
2466.5 -30.3 14.3 -39.7 -11.2 24.7
11 3.3 5.2
685.9 -142 -67.2 -35.5 10.6 -9.8
1420.8 32.9 -15.7 19.4 -6.7 1.5
2473.9 -35.6 13.6 -37.8 -12.4 25
11.2 3.4 5.2
686.2 -154.3 -74 -41.7 7.6 -11.8
1420.6 32.9 -17.1 19.8 -7.4 1.5
2482.4 -40.5 11.6 -35.3 -13.3 24.9
winner is: 17
