Regression analysis information for: KLH063a_2718
number of formants: 3
number of coeccicients: 5
8 26.8 30.5
506.9 29 -69.4 9.8 -25.9 14.9
1024.2 61 -34.8 101.6 -54.6 -10.5
2354.6 -47.8 -157 -80.9 -88.7 -50.1
7.4 26.8 31
506.3 30 -69.7 10.7 -24.9 15.5
1023.9 62.5 -36.5 103.4 -53.4 -11
2358.1 -44.8 -154.9 -78.8 -88.1 -49.8
6.9 27.1 31.4
505 30.6 -69.5 11.2 -23.9 15.9
1021.3 64.9 -35.8 102.2 -51.5 -11.4
2360.4 -44.7 -154.6 -77.3 -90.2 -51.1
6.5 26.7 31.6
503.6 30.7 -69.3 11.3 -22.5 17
1017.2 68.4 -33.6 98.1 -47.7 -10.8
2362.4 -45.1 -155 -76.3 -92.8 -52.5
5.8 25.4 27.5
501.3 29.5 -68.7 11.9 -20.7 18.4
1011.1 72.2 -29.3 92.5 -43.5 -9.1
2361.9 -49.3 -158.7 -76.8 -93.2 -49.6
5.8 23.6 26
500.6 29.9 -67.4 11.7 -19.2 19.2
1005.5 78.3 -24.1 84.5 -37.7 -7.3
2363.6 -48.8 -156.7 -73.5 -90.6 -46.7
5.8 21.4 26.4
500.3 31.2 -65.5 11.4 -18.3 19.8
999.7 85.5 -18.3 76.7 -32.3 -5.5
2366.3 -45.2 -152.2 -68.5 -86.5 -44.3
5.7 19.8 27.2
499.6 32.8 -61.2 11 -18.8 20.4
992.1 94 -8.1 66.6 -29 -1.1
2370.9 -37.1 -145 -64.7 -82.7 -42.7
6 20.6 29.6
501.1 35.3 -58.8 11.2 -17.8 21.7
992.1 98.3 -4.6 65 -25.7 1.4
2375.9 -27.3 -135.5 -60 -80.6 -43.8
7.1 22.9 37
503.1 38.5 -55.2 12 -15.9 22.9
991.6 106.1 -0.1 63.5 -18.2 3
2379.2 -16.9 -127 -61.2 -79.2 -49
9.3 22.6 56.6
507.5 43.8 -51 14.1 -11.5 26.6
992.8 107.5 -2 62.7 -17.1 3
2378.6 -19.1 -131.3 -72.2 -91.8 -66.5
15.5 29.3 47.4
514.3 52.9 -43.9 18.8 -3.3 33.9
997.4 116.6 3 69.1 -8.1 10.4
2402.5 27.9 -87.3 -37.8 -56.6 -39.9
21.4 32.5 27.3
520.9 59 -39.2 21.1 3.1 40.2
1000.1 118.4 0.3 73.1 -6.4 13.2
2428.4 71.6 -44.3 0.6 -22.2 -11.1
33.9 35.8 16.8
530.5 68.9 -30 27.4 15.1 52.1
1001.2 118.1 -5.9 77.9 -8.3 16.5
2444.2 91.5 -23.3 19.9 -9.4 -0.3
49.5 37.2 11.7
527.9 53.9 -41.5 16.3 14.7 56.8
999.6 115.2 -15.6 82.1 -13.4 18.5
2454.2 99.1 -13.6 30 -6.5 2.7
68.4 102.9 30.5
576.7 132.2 33.5 68.6 57.4 76.5
1062.4 244.3 76.5 165.5 12.2 15.8
2472.1 120.1 6.7 44.7 -6.3 -3.3
67.2 111.5 75
604.3 160.1 63.9 69.3 52.1 48.2
1074 285.3 69.5 172 -39.3 -28.7
2499.3 154.4 29.9 51.1 -31.5 -40.9
59.1 142.6 101.2
630 202.4 76.9 62.9 10.5 4.7
1105.4 347.4 80.1 168.7 -102.8 -96.7
2515.7 163.3 24.7 29.1 -80.3 -82.4
73.2 129.3 63.2
621.6 217.9 53 79.4 -6.7 22.2
1096.8 343.2 65 192.9 -98.5 -76.2
2501.5 122.7 6 36.4 -63.4 -45.1
80.5 230.1 140.9
630.3 194.9 64.6 63 11.7 12.4
1171.3 155.7 211.1 71.4 43.3 -158.6
2555.6 -67.7 125.2 -72.3 77.5 -88.2
winner is: 8
