Regression analysis information for: KLH063a_1967
number of formants: 3
number of coeccicients: 5
1.4 8.5 28.2
379.4 2.4 9.7 -2.3 11.6 1.7
962.5 -28.3 172.3 53.3 54.1 10
2119.5 150.9 -97.6 -23.2 89.1 -38.9
1.3 6.6 37.9
379.5 0.2 6 -4.6 8.7 0.1
960.8 -49.6 155.5 46.6 49.4 11.9
2197 37.3 -68.3 -14 52.1 -49.7
1.5 5.8 3.9
380.9 -2.1 4.7 -5.9 6.6 -0.4
968.9 -66.6 148.7 44.5 39.3 10.6
2276.1 -91.2 -22 1.4 -23 21.9
2 7.3 3.8
384.2 -2.4 6.8 -5 6 0.5
990 -65.2 157.7 55.5 29.1 10.4
2279.2 -83.9 -24.5 2.9 -22 21.2
2.1 7.3 3.9
385.9 -1.8 7.4 -4.4 5.1 0.8
998.3 -64.7 160.8 61.8 25.4 11.3
2285.4 -79.3 -22.3 4.2 -22.3 21
1.6 6.2 4.4
386.2 -0.1 6.6 -4.7 4.1 -0.3
994.7 -64.4 158.8 61.4 31.5 15
2294 -73.4 -15.5 2.9 -24.2 21.9
1.5 6.1 5.5
385.2 0.4 7.1 -4.2 5.6 0.3
990.4 -58.5 162.2 60.6 36.8 17.2
2290.4 -75.5 -10.1 6.3 -21.4 26.2
2.6 6.9 6.5
388.4 5 11.5 -1.7 8.4 2.9
1005.3 -38.2 177.1 70.9 38.7 17.6
2297.6 -62.9 -6.4 13.4 -14.7 30
3.4 6.1 7.5
390.8 9.5 13.5 -0.7 9.8 4
1013 -20.2 187.1 80 48.4 22.1
2304.5 -49.7 -5.4 14.1 -10.5 32
3.7 6 9.2
391.5 11.3 12.5 -2 9.6 3.7
1011.7 -16.2 183.1 77.7 49.6 18.4
2303.8 -41.4 -14.9 8.2 -9.2 28.2
2.5 8.8 7.7
391.7 12.3 8.7 -5.3 6.2 1.1
1005.6 -16.9 177.2 77.6 57.5 22.7
2309.7 -33.9 -19.6 2.3 -13 28.7
2.9 10.6 7.5
394.9 16.3 9.2 -6.2 5.6 1.2
1012.8 -6.4 187.2 89 67.2 29
2317.2 -27.7 -22.9 0.1 -12.7 29.3
2.9 8.3 7.1
396.7 17.2 7.1 -8.9 4.1 0.8
1011.9 -12.5 183.7 88.4 66.6 26
2323.2 -28.8 -27.5 -4.1 -11.5 28.8
5.1 9.4 7.6
402.6 22.4 10.4 -8.3 6.2 3.9
1027.3 -1.5 202.1 103.4 67.9 22.1
2332.2 -32.7 -29.5 -3.3 -7.6 28.6
5.3 11.8 7.4
406.1 24.6 9.4 -10.7 4.3 3.5
1030.1 -2.8 212.5 117.1 78.1 26.7
2341.5 -38.9 -28.3 -4.7 -6.6 30.4
3.5 20.5 8.5
409.2 26.5 5.6 -15.6 -1.5 -1
1013.3 -29.2 213.2 138.6 115.4 54.9
2350.4 -53.8 -30.1 -13.8 -7.8 32.1
6.2 145.9 137.1
413.3 27.5 5.3 -13.4 3.5 3.4
1059.6 48.7 265.4 137.9 42.4 -59.3
2415.2 23.3 -7.7 -64.4 -117.2 -96.1
5.8 219.2 184.4
424.4 35.5 6 -16.8 0.7 3.5
1204.2 232.2 251.5 -88.2 -270.7 -247
2530.1 147.9 -42.3 -248.5 -344.6 -224.6
16.1 213.3 140
422.1 18.4 -13.8 -30.4 -8.2 -0.7
1257.3 259.6 138.8 -327.1 -475.2 -298.5
2658.3 296.9 -24.9 -345 -430.5 -236.7
4.9 202.4 151.2
437.2 34 -4.5 -17.4 -0.3 0.6
1437.3 497 152.7 -448 -400.9 -50.9
2821 472.8 -14 -407.8 -332.3 -50.1
winner is: 3
