Regression analysis information for: KLH063c_0817
number of formants: 3
number of coeccicients: 5
4.5 12.5 62.3
481.8 57.6 -46.5 -0.7 -8.9 13.4
1001.6 -65.6 -4.3 -26.4 10.4 -10.5
2228.2 -79.3 52.2 49.1 54.6 -24.2
4.5 13.5 54.9
482.1 57.6 -47.6 -0.8 -9.7 12.8
1002.9 -66.9 -7.4 -24.1 7.2 -12.2
2246.4 -87.8 41.4 56 36 -28.3
4.7 15.7 40.2
482.6 57.9 -48.8 -1.1 -10.3 12
1004.3 -67.3 -10 -22 4.6 -13.8
2272.6 -98.9 26.5 65.3 2.8 -23.6
4.8 16.9 33.5
483.5 58.9 -49.5 -1 -10.6 11.3
1006 -66.2 -11.7 -19.4 3.4 -15.2
2289.4 -94.8 16 63.3 -16 -24
5.1 17.8 28.3
484.8 60.2 -50.1 -1.3 -10.7 10.9
1008 -64.8 -12.7 -17.6 2.6 -15.7
2309.7 -84.3 0.6 53.2 -32.3 -19
5.6 18.6 23.6
486.4 61.9 -50.2 -1.7 -10.5 11
1010.2 -63.3 -12.2 -17.2 2.3 -15
2330.4 -70.6 -13.5 39.9 -44.3 -13
6 18.6 18.9
488.7 64.1 -50 -2.1 -10.1 11.3
1012.8 -62.3 -11.1 -17.4 2.6 -14
2351.2 -55.7 -26.2 21.3 -47.1 -5.3
6.6 19.4 16.6
491.4 66.8 -49.7 -2.4 -9.6 11.6
1015.9 -62 -10.4 -17 2.2 -13.3
2373.3 -40.3 -39.1 -0.8 -48.4 4.9
7.1 19.5 17.4
494.8 70.1 -48.5 -2.2 -8.5 12.3
1019.3 -63.1 -9.2 -17.3 2.2 -12.1
2398.8 -31.3 -49.6 -20.6 -47.3 20.7
8 19.8 19.5
498.9 74.3 -47 -1.7 -7 13
1022.5 -65 -8.7 -17.8 2.1 -11.3
2422.2 -22.1 -59.5 -37.5 -43.1 32.4
9.2 20.1 20.1
503.7 78.9 -45 -0.7 -5.2 14.2
1025.4 -68.8 -9.1 -18.2 0.7 -9.4
2443.9 -18.6 -66.6 -48.2 -38.9 45.4
11.1 20 21
509.1 84.8 -42 0.5 -3.4 14.9
1027.1 -73.8 -9.7 -20.4 0 -7.9
2463.3 -14.5 -70.1 -58.1 -35.2 53
13.1 20.4 21.6
514.3 90.4 -39.7 1.7 -1.5 15.5
1027.6 -79.6 -11.6 -23 -1.3 -6.9
2479.8 -9.9 -74.9 -66.8 -31.4 58.1
15.2 22.3 22.7
519.1 95.2 -37.8 2.2 -0.7 16.1
1027.6 -88.6 -15.7 -25.1 -5.2 -6
2494.2 -7.8 -78.3 -72.7 -33.5 63.8
16.9 29.7 22.7
523.1 98.1 -38 1.7 -0.6 15.6
1022.1 -107.6 -28.9 -34.6 -14.4 -8.8
2508.3 -5.7 -83.3 -78 -35.2 65.1
17.6 45.8 21.7
527.5 101.7 -36.4 3 0.4 15.2
1040.2 -81.7 -1 -9.8 0.9 1.3
2520.5 -7.9 -87.6 -82.5 -37.4 63.3
18.6 113 19
531.6 104.5 -36.3 3.6 1.1 14.5
1089.6 6.2 82.3 60.1 46.8 27.4
2532 -8.6 -92.9 -86.2 -40.5 61
19.1 135.8 21
533.3 102.9 -39.3 2 0.3 13.7
1100.7 20.9 99.2 75.3 53.8 31.9
2544.2 -4.8 -93.5 -86.9 -43.8 59
19.7 159.9 32.7
538.4 107.1 -38.4 3.1 0.9 11.3
1122.2 57.4 133.9 100.3 63.5 30.9
2561.1 7.1 -86.2 -82 -40 56.4
21.4 168.2 55.1
541 105.3 -43.2 1 1.3 11.2
1124.8 59.3 140.3 103.7 60.7 29.3
2590.1 40.6 -61.3 -62.4 -23.4 65.7
winner is: 8
