Regression analysis information for: KLH063a_4931
number of formants: 3
number of coeccicients: 5
11.3 24.7 71.1
496.5 -158.8 13 -33.6 -31.7 -7.2
1025.7 172.5 89.8 -105 90.4 -41.2
2282.3 70.5 -19 -44.2 94.7 -76.1
15 27 32.2
503.4 -164.8 7.9 -25.3 -38.6 -6.9
1036.7 154.1 102.7 -110.1 84.5 -23.1
2319.1 13.7 5.5 -23.5 46 -15.7
16.7 30.9 34
504.4 -168.4 9 -21.9 -40.9 -7.2
1040.3 146.8 109.7 -110 79.4 -12.3
2321.8 9.7 4.9 -20.6 41.8 -14.4
17.1 32.7 3.5
504 -168.1 11.3 -23.8 -40.5 -4.9
1048 136.4 114.9 -104.1 67.5 3.5
2338.6 -16.8 12.8 -6.4 14.4 16.2
16.7 38.5 3.5
502.8 -167.6 15.8 -28 -39.7 -4.2
1036.9 159.4 98.7 -89.3 58.7 9.5
2338.7 -17.1 13.2 -6.6 14.9 16.7
16.5 61.8 3.5
502.4 -166.7 15.4 -23.9 -45.6 -2.9
1020.5 196.3 64.8 -47.6 16.8 49.5
2339.2 -16.4 13.7 -6.4 14.3 16.9
24.7 111.3 72.3
492.7 -147.2 -1.6 -6.3 -61 9.5
1036.4 155.6 115.8 -120.8 106 -63.7
2367.4 -73.8 70 -64.2 69.6 -41.7
29.7 27.2 3.3
479.1 -118.8 -28.4 22.3 -89.4 36.7
980 272.1 10.8 -17.9 14.6 25.2
2339.2 -12.7 13.5 -4.2 11.5 17.7
28.6 23 2.9
479.6 -118.8 -28.5 20.7 -88.5 34.8
976.5 280.1 8.1 -19.3 20 18.2
2340 -10.3 13.2 -4.2 10.2 17.4
29.5 21 2.4
477.7 -115.3 -31.4 22.4 -88.5 33.4
974.5 283.2 7.7 -21.7 23.4 14.9
2339.9 -9.4 13.2 -4.4 10.1 15.7
32.2 21.7 2.4
476.6 -112.5 -35.7 25.8 -91.5 36.2
975.2 283.7 8.1 -22.1 23.5 16.8
2340.8 -9.3 13.3 -4.5 10.4 15.1
29.7 22.1 2.3
478 -113.9 -35.9 25.4 -90.5 34.5
974.4 284.9 8.6 -23.5 23.6 18.1
2342 -8.9 12.4 -5.5 9.2 14
25.8 118 73.5
490.7 -141.1 -9.8 -3.8 -60.7 2.1
1023.6 183.5 105.7 -123.5 118.2 -78.7
2370.3 -67.2 69.4 -65 65.7 -46.2
28.4 119.3 74.2
489.7 -138.3 -16.2 2 -64.4 6.4
1022.3 185.8 106.4 -123.2 117.5 -77.1
2372.9 -67.8 69.9 -66.4 66.9 -47.9
25.1 163.5 103.8
501 -163.3 0.3 -16 -43.1 -14.6
1069.3 85.6 208 -222.3 204.8 -155.8
2405 -127 126.4 -123.9 119.3 -99.5
25.2 165.4 104.7
498.9 -166.8 -4.2 -12.6 -41.8 -11.4
1065 88.1 212.2 -223.4 205.2 -154.3
2408.4 -127 127.1 -125.5 120.4 -101.3
24.8 166.3 104.6
493 -174 -7.4 -10.8 -35.6 -6.9
1058.9 89.5 218.7 -224.4 205.1 -152
2410.9 -125.3 126.6 -125.5 120.3 -101.8
28 168.4 105.3
479.2 -187.7 -10.7 -7 -23.6 3.4
1048.8 91.6 225.9 -224.1 205.7 -153.5
2413.9 -124.9 127.3 -126.6 121.3 -102.9
48.3 171 105.9
439.3 -213.2 -22.6 12.4 0.3 32.4
1034.6 93.3 235 -223.9 206.1 -158.4
2416.7 -125 128.3 -127.6 122.6 -103.9
163.2 270.3 183.8
465.9 -98.3 21.5 -33.8 -106.3 -101.9
1104.4 235.9 290.3 -272 71.1 -331.2
2481.9 -16.9 168.2 -163.2 18.5 -230.7
winner is: 10
