Regression analysis information for: KLH063a_2359
number of formants: 3
number of coeccicients: 5
4 64.9 156.2
285.3 3 0.6 2.1 0.3 -1.8
938.2 -288.1 196.9 -127.9 13.2 32.5
2003.3 -141.4 84.1 -2.6 33.1 -128.7
4.2 70.7 143.7
287.1 4.4 0 2.3 1.2 -1.4
951.5 -286.3 192.7 -124.4 11.3 33.6
2093.3 -125.1 36.4 7.7 24.9 -122.6
4.5 76.4 124.4
288.9 5.4 -0.7 2.3 1.4 -1.3
966.4 -287.8 188.7 -119.9 3.5 35.6
2240.9 -125.4 -67.1 14 27.4 -124.1
4.5 79.9 60.3
290.7 7 -1.3 2.5 1.1 -1.2
979.9 -284.8 186.3 -115.3 -6 33.8
2377.6 -20 -128.1 -58.7 26 -105.3
4.3 87.7 38
292.4 8.3 -1.4 2 0.2 -1.3
996.6 -288 189.4 -109.3 -26.4 37.8
2410 -4.6 -121.8 -67.9 -10.5 -98.5
4 91.1 38.9
293.7 9.9 -1.9 1.8 -0.7 -0.8
1005.5 -286.3 188.4 -105.5 -38.7 41
2420.6 -4.1 -107.6 -63.9 -6.1 -98.4
3.5 87.1 38.1
294.6 11.3 -1.8 2.2 -0.9 0.1
1007.4 -283.1 182.8 -97.6 -49.6 44.8
2428.2 11.3 -103.3 -54.4 -3 -91.5
3 84.2 27.7
295.4 12.7 -1.3 2.7 -0.8 0.8
1004 -274.4 177.9 -92.8 -55 45.9
2423.2 54.4 -123.6 -19.9 -22.2 -61.1
2.9 83.2 26
296 13.8 0 3.9 -0.3 1.6
1004.6 -278.1 179.9 -88.3 -60.9 47
2435.4 63 -109 -15.9 -10.5 -59.6
2.8 78.1 23.6
296.2 14.2 1.1 5.2 0.8 2.5
999 -279.6 180.9 -90 -53.1 45.8
2441.9 68.8 -98.8 -11.3 0.4 -54
3.1 76.2 24.7
296.5 14.9 2.7 6.7 1.7 3
996.5 -283.4 182.8 -96.9 -50.6 39.2
2449.6 68.1 -81.2 -9.6 13 -54.9
3.2 80.2 31.6
296.6 15.8 5.4 9.1 3.2 3.5
991 -299.3 178.8 -114 -55.2 22.5
2458.1 59.9 -38.1 -5.3 39 -69.6
3.4 104 58.5
297.2 16.9 7 10.1 4.3 4.2
1032.9 -226.2 262.3 -44.5 26.3 91.2
2489.7 100.3 31.5 34.8 97.9 -36.4
3.3 112.5 62.8
297.3 16.1 6.3 9.9 3.9 3.8
1044.9 -219.3 279.8 -32.5 40.3 105.5
2491 84.5 30.2 26.8 98.6 -41.2
3.6 110.6 64.9
298.3 16.2 6.1 10.2 4 3.9
1048.2 -235.6 279 -41.9 32.6 100
2504.2 81.4 39 22.7 107.4 -40.8
3.9 109 67.2
299.8 16.9 5.8 10.8 4.3 3.9
1046.7 -250.2 272.4 -53 22.5 89.5
2520.9 92 46.4 23.9 116.7 -39
4.6 115.2 76.8
302.5 19.4 5.8 12 5.8 4.6
1075.6 -191.9 336.5 0.7 79.4 130.7
2551.1 127.4 68.4 40.3 145.3 -19.1
5.8 113.8 83.1
306.4 21.8 4.3 12.7 6.4 5.1
1107.2 -132 415.7 68.2 126.4 165.2
2582.8 161.2 80.6 50.7 162.9 -3.8
18.2 131.6 82.5
303.9 16.9 8.8 27.3 11.2 -5
1091.6 -161 444.2 84.2 128.5 165.4
2608.5 172.9 76.7 39.5 170.3 2.3
38.7 311.2 222.1
338.2 43.4 -27.4 -27.5 -8.4 26.7
1326.7 84.5 349.4 -233.5 37.7 438.2
2745.4 299.8 -14.7 -149.6 121.6 124.9
winner is: 11
