Regression analysis information for: KLH063a_1918
number of formants: 3
number of coeccicients: 5
1.1 61.3 10.9
292.7 12.4 1.9 3.2 0.2 2.1
1309.4 -107.6 109.9 -39.8 -50 88.8
2263.7 -48 -40.8 -26.4 11.5 6.2
1.2 63.3 13.1
292.9 12.7 1.7 3.4 0.3 2
1327 -84.8 87.7 -22.3 -54.4 67.2
2268.5 -42.6 -44 -26.7 9.8 2.6
1.1 75.7 14.4
293.4 13.2 1.4 3.4 0.3 1.9
1378.9 -55.5 49.6 -32.2 -70.5 69.8
2274.7 -37.2 -46.6 -27.3 6.9 -1
1.1 87.5 14.9
293.9 13.6 1.3 3.4 0.3 1.7
1443.4 -31.8 19.3 -16.9 -91.4 34
2279 -35.4 -47.4 -24.3 8.7 -3
1.1 75.8 16.1
294.3 13.9 1.5 3.7 0.6 1.6
1483.8 -16.7 8.8 17 -64.1 1.3
2281 -35.1 -48.2 -22.7 12.2 -3.1
1.1 69.2 19.4
294.8 14.4 1.9 4.1 0.8 1.4
1549.2 23 22.6 75.9 -69.5 -67.1
2276.9 -44.1 -51 -18.2 20.6 2.7
1.2 70.4 29.5
295.3 15 2.3 4.3 1.1 1.3
1618.4 118.8 69 99.9 -74.3 -110.8
2275 -46.4 -47 -8.3 30.7 4.2
1.2 67.8 46.2
295.7 15.3 3.1 4.5 1.4 1.4
1656.5 186.3 167.8 119.3 -56.4 -83.8
2282.5 -33.9 -33.7 -1.9 28.9 -6.6
1.4 43.3 12.7
296.3 15.7 3.8 4.9 1.9 1.7
1745.2 217.4 170 127.8 -103.2 -146.3
2325.4 37.4 8.9 8.7 24.4 -8.5
1.5 39.3 13.2
296.8 15.9 4.4 5.1 2.3 2.1
1770.9 189.4 171.7 126 -115 -129.2
2326.1 39.2 9.9 8.6 26 -8.2
1.5 55.8 14.3
297.1 15.6 4.4 5 2.4 2.3
1835.3 139.1 139.1 151.6 -128.4 -115.9
2325.2 42.5 9.8 7.1 29.8 -8.5
1.5 70.3 15.5
297.3 15.2 3.8 4.4 2.3 2.3
1926.3 122.6 46.3 133.2 -103 -75
2324.5 43.9 8.6 5 31.1 -8.6
1.4 98.9 35.6
297.5 14.5 3.2 3.7 2.1 2.2
2064.6 86.8 -104.3 107.3 -16 -20.8
2356 26.2 -36.4 32.8 30 -8.9
1.3 87.3 88.9
297.7 13.6 2.9 3 1.9 2.2
2126.4 27.7 -110.7 64 7.8 -10.9
2431.6 -49.2 -110.5 136.2 -34.9 -7.1
1.2 69.6 112.2
297.8 12.9 3 2.9 1.8 2.1
2159 -39.3 -100.3 65.3 31.9 -22.8
2502.8 -127.6 -154.8 222.5 -94.8 8.6
1.2 56.2 117.1
298.1 12.1 3.3 2.7 1.9 2.2
2190.4 -106.4 -72.5 35.3 57.9 -33.1
2561.8 -208.2 -128.1 207.5 -88.6 47.9
1.2 57.6 74.1
298.4 11.6 3.6 2.6 2.1 2.1
2190.5 -111 -65.4 34 61.1 -32.9
2687.4 -381.1 -65 148.4 14.3 8.5
1.1 56.5 27.7
298.5 11.3 4.2 2.4 2.2 2
2187.1 -110.5 -56.2 47.6 61.2 -41.1
2677.6 -440 57.4 114.2 -22.2 -18.2
1.1 54 27.6
298.8 11.1 4.5 2.4 2.3 2.1
2191 -104.3 -52 50.9 65.8 -34.7
2681.4 -437.2 46.1 120.3 -11.6 -25.1
1.2 46 35.5
298.8 11.2 4.7 2.5 2.4 2
2191.9 -99.3 -39.5 59 65.7 -34.7
2669.5 -446.6 77.4 132.1 -43.3 -44.3
winner is: 10
