Regression analysis information for: KLH063c_0846
number of formants: 3
number of coeccicients: 5
25.2 20.4 158.2
678.9 -63.3 -17.8 -63.9 5.6 -37
1253.1 197.4 47.4 5.7 3.6 -1.9
1919 122.9 -56.8 -97 28.8 -46.4
26.9 16.4 134.5
682.1 -70.2 -11.9 -68.5 10.2 -41.3
1257.5 190.2 57.3 0.5 13.7 -7.1
1945 28.7 18 -146.3 80.5 -102.9
25.3 14.1 134
685.2 -75.2 -8.7 -68.7 9.4 -40.3
1261.6 193.3 64.3 5.3 19.5 -2.1
1954.5 1.2 33.6 -144.1 49.4 -88.8
23.5 16.9 134.8
689.7 -81.2 -5.8 -68.3 7.4 -37.9
1267.9 200 73.6 13.4 26.9 6.9
1987.3 -29.8 19.1 -142.2 28.2 -86.2
22.2 18.6 134.7
694.7 -86.5 -2.5 -67.1 5.2 -35.5
1271.9 204.4 77.4 18.1 28 12.1
2051 -78.4 38.6 -149.7 27.9 -97.3
21.4 20.3 133.4
701.9 -99.3 3.7 -70.5 3.9 -34.5
1278.8 206 85 17.3 29.8 11.5
2136.5 -138.8 76.9 -139.2 26 -97
20.1 19.8 143.9
707.6 -102.8 5.7 -67.8 0.5 -30.9
1282.7 210.3 85.7 19.7 27 13.5
2221.8 -149.1 62.3 -107.9 4.2 -84.1
19.7 19.2 126
712.4 -103.4 6.3 -64.8 -2.2 -28.3
1285.4 218 83.5 24.3 22.1 17.8
2325.8 -119.2 64.5 -78.2 6.9 -33.4
20.3 17.3 98.2
716.5 -101.1 3.9 -59.4 -7.8 -24
1289.2 224.6 82 27 18.1 20.6
2459.9 -71.8 19.9 -54.9 1.9 8.3
20 18.1 52.7
721.6 -101.5 2.5 -56 -12.5 -21.2
1292.6 228.9 80.5 27.8 15.3 21.1
2544.4 -46.7 -5.4 4.2 14.4 7
20.8 17 38.1
722.3 -94.3 -3.8 -50.7 -17.4 -19.9
1296.4 232.5 80.8 26.3 15.4 18.9
2561.9 -16.5 19.9 33.8 32.1 6.9
19.9 16.9 38.5
725.1 -92.7 -3.9 -53.3 -15.6 -24.3
1298.8 236 79.9 24.7 15 17
2561.5 -17 20.2 34.1 30.4 8.2
19.4 16.7 38.2
728.5 -93.5 -1.4 -57.1 -12.9 -28.6
1300.3 239.8 78.9 24.3 14.2 15.9
2562.7 -17.5 20.2 32.5 30.1 8.3
19.4 16.7 36.9
731.4 -95 1.6 -61.6 -9.3 -33.5
1300.7 243.3 77 24.2 13 15.6
2565.1 -18.3 19.8 30.6 31 7.3
19.4 15.9 35.4
732.8 -96.6 3.1 -66.2 -6.1 -38.5
1300.7 244.1 75 22.5 11.6 14.3
2567 -18.8 18.9 28.3 32.4 5.1
19.8 14.4 34.5
733.6 -96.7 4.2 -67.4 -5.4 -39.9
1301.2 244.1 75.7 21.3 11.9 13.3
2568.5 -19 18.4 26.8 33.5 3.5
20 13.8 33.2
735.1 -98.7 6.2 -68.5 -4.4 -41.1
1301.6 244.1 76.1 20.8 12.2 12.7
2570.4 -20.2 18.6 25.8 33.9 2.3
20 13.4 31.9
736.3 -102.1 7.5 -68.4 -3.8 -40.4
1301.1 242.7 76.4 20.6 13.6 12.8
2572 -23.5 19.2 26 34.3 3
20.5 13.3 30.7
737.6 -105.1 8.3 -68.3 -3.6 -40
1300.6 241.4 76.1 19.9 14.5 12.7
2573 -27.1 19.3 26.7 34.6 4.1
19.5 13.2 29.5
739.5 -102.2 9.4 -63.7 -5.4 -36.9
1298.6 240.4 73.6 20.2 13.4 13
2573.8 -31 18.5 26.8 31.2 4.7
winner is: 20
