Regression analysis information for: KLH063b_0003
number of formants: 3
number of coeccicients: 5
1.7 14.6 10.9
320 29 -11.7 -2 -3.1 -1.3
1678.9 137.4 -88.3 -62.2 -17.2 0.8
2231.2 -45.1 -50.1 -25.1 28.6 6.4
1.9 24.6 16.7
319.6 28.2 -11.2 -1.6 -2.9 -2
1672 92.8 -79.1 -47 -7.8 -22.4
2224.2 -56.4 -41.2 -12.6 32.7 -2.9
1.6 28.8 12.7
319.2 27.6 -10.4 -1.6 -2.6 -1.9
1644.5 52.4 -33.2 -38.2 13.3 -12.7
2219.8 -59 -28.8 -10.1 28.1 -3
1.6 22.1 12.2
319.6 27.3 -9.4 -1.5 -2.8 -2.3
1664.8 21.6 25.7 -30 -3.8 -46.6
2222.2 -58.4 -21.9 -9.1 22.5 -5.2
1.5 36.6 13.9
320.4 26.9 -8.5 -1.3 -3 -2.3
1722.1 -23.8 91.3 -39 -3.4 -63.5
2224.5 -54.6 -23.6 -10.1 20.2 -2.5
1.5 43.8 17.6
321.8 26.7 -7.8 -0.9 -3.1 -2
1835.3 -77.7 161.4 -31.5 -7.2 -52.8
2225.6 -65.9 -23.2 -31 37.8 -18.3
1.6 25 49.2
323.7 26.5 -7.2 -0.3 -3.2 -1.7
1985.5 -104.6 196.1 31.6 -61.9 -21.2
2269.8 -162.2 45.3 -70.3 63.6 10.4
1.8 29.2 66.8
326 26.6 -7.2 0.6 -3.3 -1.5
2067.5 -102.5 55.2 46.8 -41.6 -57.4
2446.9 -184.5 208.8 88.9 -5.4 98.3
2 17.1 54.2
328.3 27.4 -7.7 1.5 -3.4 -1.2
2111.3 -84 -14.3 4.1 4.4 -14.5
2671.3 -115.1 89.9 235.8 -13.2 -94.3
2.2 13.5 16.1
330.6 28.7 -8.4 1.9 -3.3 -1.1
2112.2 -84 -9 6.8 2.8 -17.8
2806.1 6.6 -63.9 40.9 -58.2 -3.5
2.3 12.1 15.3
331.9 30.1 -9.5 1.2 -3 -1.6
2116.4 -82.5 -9.5 6.7 2.6 -17.6
2805.1 7.9 -67.2 62.7 -55.6 6.5
2.2 11.5 19.9
332.2 31 -10 0.3 -3 -2
2119.6 -79.8 -12.3 6.8 2.7 -17.3
2818.6 1.5 -61.5 56.6 -42.3 -3.3
2.2 11.7 20.2
331.8 31.6 -10.1 -1 -2.8 -2.2
2121.1 -76.4 -15.3 5.2 4.1 -18.6
2829.5 -1.7 -58.7 48.7 -31.2 -13.5
2 12.9 25.1
331.4 31.6 -9.8 -1.5 -3 -2.1
2121 -73.7 -16.5 3.2 5.2 -19.7
2835.4 -2.6 -53.8 36.4 -20.1 -25.8
2 13.9 31.3
330.9 31.3 -9.6 -1.6 -3.1 -2.1
2119.9 -72.1 -16.4 0.6 6.4 -21
2839.4 -8.5 -42.4 17.6 -6.9 -38.7
2 14.6 36.7
330.6 31.1 -9.3 -1.6 -3.1 -2.1
2118.6 -72.1 -14.3 -1.4 6.4 -21.3
2841.3 -16 -28.1 1.8 0.2 -44.9
2 14.5 35.1
330.5 30.9 -9.1 -1.4 -3.1 -2
2118.3 -75 -11.2 -2.8 6.2 -21.2
2843.8 -28.4 -15.7 -7.7 2.1 -46.4
2.1 13.8 33.4
330.4 30.7 -9.1 -1.1 -3.2 -2
2118.8 -78.6 -6.9 -2.1 5.3 -20.6
2847.6 -40.2 -2 -8.4 2.7 -47.1
2.1 12.6 29.9
330.3 30.7 -9.1 -0.9 -3.3 -1.9
2121 -83.2 -3.6 -0.8 5.8 -19.7
2855.9 -56.2 9.9 -7.5 6.9 -47
2.2 11 27.9
330.3 30.8 -9.4 -0.7 -3.4 -2
2124.7 -87.2 -0.5 1.3 4.9 -19
2868.6 -69.7 21.3 -2 7.7 -46.6
winner is: 1
