Regression analysis information for: KLH063a_1197
number of formants: 3
number of coeccicients: 5
10.1 7.5 78.3
523 116.4 -43.3 13.6 9.2 -0.7
1352.4 -190.7 19.9 19.8 17.9 -12.4
2384.9 57.3 -51.9 4.8 9 41.8
10.4 7.2 38.2
525.7 122 -42.4 14 11.1 0.6
1354.5 -187.2 19.5 19.2 17.2 -12.4
2421.6 60 -118.7 27.2 63.2 16.7
10.4 7 36.7
528 127.8 -40.6 15 13.1 2.2
1355.8 -182.9 19 19.5 16.8 -12.1
2416.6 80.5 -122.4 38.7 61.2 13.3
9.9 6.9 36.6
529.3 130.1 -39.9 15.7 14.7 3.7
1356.2 -181.6 18.4 19 16.8 -11.8
2416.8 98.8 -120.2 41.6 63.5 8.8
9.6 6.6 34.6
530 130.9 -38.8 16.2 16.1 5.4
1356.6 -181.8 18.2 18.5 17.2 -11.8
2422.8 103.8 -112.3 40.4 65.5 8.1
8.9 7 36.8
528.2 127.7 -40.2 14.7 15.4 5.7
1355.7 -184.7 18.3 17.2 18.2 -11.1
2429.5 95.8 -105.7 35.3 69.7 6.7
8.1 7.4 39.3
526.8 124.2 -41.6 13.8 14.7 5.3
1355.2 -188.1 18.3 15.8 18.9 -11.4
2435.2 79.4 -97.4 27.2 75.9 8.8
8 7.3 43.8
524.6 120.3 -40.9 15.3 14.4 4
1353.7 -192.8 20.1 16.7 20.4 -12.4
2433.5 40.8 -93.7 21.4 89.4 18.7
8.2 7.6 45
525 120 -39.3 17 15 4.5
1354.2 -195.2 21.9 16.6 21.1 -13.3
2441.4 15.1 -77 24.4 98.2 22.8
8.3 7.8 42.8
526.3 120.3 -38.9 17.3 15.1 5.2
1356 -196.6 22.9 15.3 21.5 -13.6
2456.6 -3.2 -64.2 20.8 89 26.1
8.5 8.2 38.7
528.2 121.2 -38.7 17.7 15 5.7
1358.1 -197 24.1 14.2 21 -14
2479.3 -16.7 -49.7 19.6 71.5 33.3
9 7.7 31.8
531.3 124.6 -37.6 18.7 16 7.4
1360.7 -197.3 23.5 12.4 19.3 -14.2
2514.7 -29.9 -28.2 19.9 44.8 55
9.4 7.7 23.9
534.1 128.8 -37.3 18.8 16.6 7.8
1364.1 -197.3 23.7 10.1 17.7 -15.3
2547.5 -31.8 -5.2 7.2 26.6 52.7
10 7.5 20.6
537 135 -36.9 18.8 17.5 6.6
1367.1 -197.5 22.7 7.3 14.4 -17.7
2581.3 -9.5 19.5 -1.6 9.9 33.5
11.9 8.2 26.3
538.3 141.7 -38.8 17 16.6 1.9
1369.4 -199.3 21.1 2.7 10.1 -22
2610.3 26.6 41.6 1.2 -0.6 17
32.2 89.9 25.1
556.2 186.1 -6.9 49.1 50.3 27.2
1415.4 -115.9 105.9 82.2 90.4 54.2
2629.6 47.3 56.4 7.4 0.4 15.9
30.7 56.6 22.7
554 198.1 -12.5 47.5 50.1 18.2
1399.5 -152.7 69.9 45.1 54.7 19.2
2643.5 59.9 66 11.4 1.5 14.8
41.5 111.1 48.4
562.8 239.3 4.6 70.3 72.6 29.2
1446.8 -65.1 157 124.6 130.7 84.6
2677.8 113.5 116.3 54.8 41.2 48.3
43.3 92 19.6
557.6 257.2 -5.6 73.4 71.5 24.6
1433.3 -95.4 128.5 97.1 107 62.1
2662 71.7 72.5 11.6 0.7 10.7
52.4 97 18.5
542.7 273.3 -29.6 73.5 64.1 17.6
1435.3 -94.8 130.7 99.6 111.4 64.7
2667.8 73.7 73.2 12.3 1.2 9.4
winner is: 14
