Regression analysis information for: KLH063a_4645
number of formants: 3
number of coeccicients: 5
3.3 4.4 14.7
474.9 -47.1 15.7 5.6 -5.3 -1.9
1509.2 -9.3 -17.3 2.7 -1.8 -4.6
2261.3 -119.2 14.1 -34.2 -22.4 6.3
3.2 3.9 13.8
475.1 -47.8 16.7 4.8 -4.3 -2
1508 -9.6 -14.3 7.8 2.1 -4.7
2261.3 -117.8 17.4 -27.3 -19 7.4
3.1 4.5 13.1
475 -47.7 17.4 4.2 -3.8 -1.8
1509.7 -6.6 -10.5 11.6 6 -2.5
2263.3 -113.4 22.8 -20.1 -13.2 10
2.8 4.9 12
475 -46.9 17.1 4.5 -4.1 -0.9
1513.7 -0.8 -6.4 14.7 8.7 -0.9
2268.3 -104.4 30.2 -14.6 -8.6 10.2
2.6 5.9 11.2
474.3 -45.5 17.2 4.8 -5 0.4
1518.2 6.7 -0.4 18.2 10.9 2.3
2275.8 -92.9 40.1 -6.6 -3.1 12.9
2.5 7.4 11.8
471.7 -41 16.4 4.3 -4.9 1.6
1520.9 17.5 6.8 20.6 14.3 8.2
2284.8 -79.9 54.3 3.2 3.6 21.7
2.5 8.1 16
470.1 -37.6 15.7 4.1 -4.7 2.4
1524.7 31.8 12.8 19.1 15.7 13.8
2295.3 -58 72.5 9 10.7 33.7
2.6 9.3 19.4
469.5 -35.1 14.5 4.6 -5 2.7
1529.8 45.2 14.9 18.3 15.6 17.3
2305.9 -37.4 86.1 13.8 15.8 42.8
2.7 10.9 20.4
469.1 -32.8 13.2 5 -4.7 2.3
1535.8 59.9 15 17.7 15.6 17.2
2317 -17.4 94.8 18.3 18.9 45.7
2.7 12.7 20
469 -31 12.4 5.3 -4.5 1.9
1541.6 73.7 14.8 17 14.5 14.8
2326.4 1.2 100 22.3 19.1 43.7
2.9 14.1 19.2
469.5 -30.2 12.2 5.1 -4.2 1.7
1549.3 84.9 15.1 14.7 13.7 13.8
2336.4 17.4 104.3 24.3 19.8 41.3
2.9 14.1 17.3
470.4 -29.8 12.1 5.1 -4.2 1.4
1558.3 94.7 16.2 12.7 10.5 10.7
2348.5 31.9 108.9 26.8 17.2 35.6
2.9 13 15
471.4 -29.5 12.1 4.9 -4.1 1.1
1567.9 104.2 17.6 10.1 7 6.5
2361.3 46.3 113.9 28.1 13.9 27.9
2.7 11.7 12.7
472.3 -29.5 12.2 4.5 -4 0.7
1575.5 110.8 17.9 6.2 3.5 2
2371 56.5 117.2 26.4 9.7 19.1
2.7 10.7 13.8
473.4 -29.3 12.3 4.1 -3.9 0.3
1584.5 118.7 19.1 2.7 0.6 -2.4
2382.9 68.7 122.1 25.8 6.4 11
2.6 10.8 15.4
474.4 -29.3 12.2 4 -3.8 -0.1
1592.4 124.7 19 0.9 -1.7 -6.3
2393.4 77.9 124.5 27.2 3.4 3
2.6 10.7 17.1
475.8 -29.6 12.2 4 -3.8 -0.6
1602.2 129.2 18.3 -0.3 -5.3 -9.9
2406.1 84.7 126.5 30.1 -1.1 -4.3
2.5 10.6 18.4
477.2 -30.2 12 3.7 -3.6 -1
1611.4 131.8 15.5 -4 -7.7 -12.9
2416.8 87.4 125.2 29.5 -4.8 -11.1
2.6 10.3 18.2
478.9 -31.2 11.9 3.7 -3.2 -1
1621 131.9 13 -4 -5.8 -10.8
2427.8 87.3 125.5 34.7 -2.8 -10.3
2.7 10.1 17.7
480.9 -32.4 11.7 3.6 -3 -1
1632.9 132.3 8 -6.6 -6.5 -9.6
2440.2 86.4 123.7 37.8 -4.1 -12.3
winner is: 4
