Regression analysis information for: KLH063c_0801
number of formants: 3
number of coeccicients: 5
11.2 2.2 26.7
673.9 60.8 -3.5 -9.2 -5.5 -9.9
1137.1 42 -14.3 -3.6 6.7 -3.5
2111.9 106.8 -90.8 66.6 -28 33.9
12.8 2.5 27.2
679.7 55.6 -2.8 -11.7 -3.8 -11.5
1141.2 40.5 -14.1 -5.1 5.9 -4.6
2159.2 84.4 -97 38.9 -27.4 33.7
13.6 2.7 32.8
685.4 51.5 -3.2 -13.2 -3.1 -11.8
1145.1 39.9 -14 -6 5 -5.3
2206.5 60.6 -98.3 9.5 -24.6 32.2
13.7 2.7 77
691.6 46.7 -3.5 -14.2 -3.1 -11.6
1149 39.2 -13.9 -6.8 3.7 -6.1
2292.5 -47 -19.8 -94.3 48.7 -44.4
13.2 2.8 71.9
697.5 43.1 -4.8 -14.2 -4.1 -10
1152.5 39.4 -13.9 -7.4 2.3 -6.4
2341.8 -83.6 -5.7 -126.9 55.6 -48.2
13.7 2.9 83.8
703.6 39 -5.9 -14.8 -4.2 -9.9
1155.7 39.8 -13.8 -8 1.2 -7.2
2393.3 -127.9 17 -167.1 74.6 -65
13 3 73.7
708.9 34.9 -6.5 -13.9 -6.1 -8.8
1158.1 40.1 -13.5 -8.4 -0.2 -8
2426.9 -152.2 24.6 -179.6 68 -61.9
11.1 3.3 72.1
711.6 34.5 -9.8 -10.8 -8 -6.7
1159.1 41.2 -14 -7.7 -0.9 -8
2442.5 -158.8 18.7 -179.1 68.7 -60.3
10.8 3.3 81.4
710.3 38.9 -12.3 -9.5 -7.1 -9.8
1160 43.7 -13.4 -6.9 -1.6 -9.3
2431.7 -129.8 9.3 -169.9 70.1 -82.6
9.7 3.9 68.1
714.7 35.5 -12.2 -9.3 -7.2 -7.5
1161.8 44.2 -12.6 -6.6 -1.7 -9.4
2455.4 -150.4 19.3 -176.5 75 -71.2
9.1 4.3 57.4
721 28.3 -10.9 -7.4 -8.7 -6.6
1163.5 44.8 -11.8 -6.5 -1.7 -10.4
2481.8 -179.8 31.5 -169.8 69.1 -62
7.8 5.1 52.9
733.1 16.8 -11.7 -2.3 -13.2 -4.7
1164.7 48.7 -10.9 -8.1 -1.5 -12.7
2527.2 -208.7 30.4 -160.3 49.1 -47.3
7.3 6.9 54.8
753.1 1.2 -16.9 8.7 -21.6 0.8
1163.8 59.2 -7.7 -12.5 1.1 -16.6
2596 -233.7 13.4 -144.4 22 -22.4
12.8 12.8 50.3
790.3 -28.6 -29.4 34.5 -42.6 14.1
1154 84.8 -0.1 -27.9 12.3 -27.8
2703.2 -255.9 -37.1 -112.8 -24.5 4.4
16.7 17.1 30
834.5 -52.4 -58.3 59.7 -43.9 13.2
1151.5 101.6 21.3 -32.4 -4.1 -20.3
2828.5 -246 -110.4 -69.5 -53.6 1.7
28.2 33.9 14.5
868.8 -47.6 -96.1 58.4 -14.2 15.9
1193.1 71 38.6 20.9 -72.4 -3.1
2889.8 -153.2 -78.6 -52.5 -31.4 -26.4
36 58.1 10.3
899.7 -38.7 -122.8 40 11.1 36.8
1291.9 31.7 -37.9 121.3 -72 -37
2926.2 -88.6 -21.8 -12.5 -3.6 -11.1
30.2 75.4 5.4
910.8 -29.2 -124.2 30 8.4 44.9
1371.6 32.2 -108.1 177.2 -41.8 -62
2935.8 -80.3 -13.7 -6.4 1.9 -3.9
24.7 77.5 5
912.1 -14.8 -131.2 27.6 5.7 42
1395.1 63.6 -142.7 188 -9.8 -97.8
2943.3 -76.5 -10.6 -3.8 2.3 -1.2
22.4 82.5 5.1
915.4 -10 -133.4 25.6 4.5 43.9
1388.6 94.6 -133.1 168.9 9.5 -99.3
2948 -71.6 -9.4 -0.9 2 0.9
winner is: 1
