Regression analysis information for: KLH063a_0659
number of formants: 3
number of coeccicients: 5
1.4 64.2 13.6
401.1 -55 1.7 3.7 -3.7 0
1574.1 20.2 38.6 -6.7 46.8 4.1
2093.7 196.2 -30.2 38.3 0.3 23.1
1.3 56.2 11.4
401.8 -55.8 1.3 3.7 -4 0.1
1615.1 -62.3 11 -29.7 13.6 15.3
2095.1 190.5 -26.6 26.8 9.6 12.3
1.3 52.5 22.1
402.7 -56.7 0.7 4.1 -4.1 0.2
1667.8 -129 -22.7 -1.4 -24.9 51.6
2105.2 168.3 -7.2 5.3 28.9 -8.1
1 31.8 49.8
403.2 -57.8 -0.5 4 -4.3 0.1
1696.8 -201.4 -84.6 -18.1 -56.8 48.5
2126 131.9 -9.9 28.9 -10.1 4.3
1.1 21.6 29.5
404.1 -57.6 -0.7 3.8 -3.7 -0.1
1760.4 -173.1 -96.4 -20.5 -44.8 67.9
2135.1 108.5 43.1 -32.6 46.5 -26.9
1.1 38.9 58.6
405.3 -57.2 -1.8 4 -3.8 -0.8
1857.1 -104.2 -150.8 -34.7 -58.1 32.7
2159.4 69.9 53.6 -3.1 19.4 -25.7
1.1 46 112.2
407.2 -56.8 -2.8 4 -3.8 -1.5
1976.8 34.6 -173 -81.3 -92.4 -36.4
2318.7 -9.4 19.4 12.1 -95.8 -45.1
1.4 22.7 45.2
409.4 -55.9 -3.8 4.6 -3.4 -1.8
2041.5 165.1 -48.4 29.1 -5 18.6
2473.5 -42.1 -85.9 -21.9 -50 -11.2
1.7 12.6 9.2
411.3 -55.2 -4.4 4.9 -2.7 -2
2045.2 173.7 -37.9 38.5 1.9 23.3
2521.7 -40.2 -40.9 -9.2 -15 -2.6
1.9 13.3 9.3
412.4 -54.9 -5.2 5.2 -2.1 -1.8
2045.2 172.1 -39.8 37.2 0 22.5
2526.6 -32.2 -34.8 -7.1 -14.5 -2.4
2.1 14.1 10.3
412.5 -55.2 -5.3 5.1 -1.4 -1.7
2048.8 175.5 -37.2 38.5 1.4 22.8
2529.7 -27.3 -34.8 -5.6 -15.1 -2.3
2 14.4 11
412.1 -55.7 -5.2 5.1 -1.4 -1.7
2052.4 180.6 -33.1 41.6 3.8 24
2530.8 -27.1 -36.8 -5.8 -15.5 -2.9
2 12.4 10.9
411.5 -56.4 -5 4.6 -1.4 -1.8
2054.8 183.5 -29.2 42.7 5.6 22.6
2526.8 -34.4 -43.6 -8.4 -17.3 -4
2 13 10.9
410.8 -56.8 -4.4 4.2 -1.6 -1.5
2055.5 185.4 -25 44.6 7.5 23.1
2518.1 -48 -51.4 -12.2 -18 -3.8
1.9 13.9 7.8
410.5 -57.2 -4.1 3.8 -1.8 -1.4
2052 179.2 -28 39.9 4.2 19.8
2509.6 -61.7 -58.7 -16.7 -17.9 -0.1
1.9 12.9 6.2
410.4 -57.3 -4 3.7 -2 -1.3
2046.8 169.3 -35.5 32.6 -1.8 16.3
2508.4 -62.7 -57.6 -17.3 -18.5 1.3
1.8 12.5 5.9
410.6 -57.5 -3.9 3.6 -2.1 -1.2
2046.8 166.8 -35.7 31.5 -2.1 18.9
2510.1 -60.8 -55.6 -18.1 -20.3 2.3
1.8 13.7 6
410.9 -57.5 -4 3.5 -2.1 -1.1
2051.3 172 -31.5 34.8 0.9 22.5
2513.9 -57.7 -56.3 -20.5 -23.1 0.7
1.7 14.6 6.4
411.3 -57.5 -4.2 3.5 -2.2 -1.1
2056.5 176.2 -29.3 36.2 1.9 24.6
2519.8 -53.5 -58 -23.5 -26.3 -1.4
1.7 13.8 8
411.9 -57.4 -4.5 3.6 -2.2 -1.2
2064.2 184.9 -24.8 39.7 3.7 26.2
2529 -44.6 -57.7 -24 -27.5 -2.3
winner is: 17
