Regression analysis information for: KLH063a_1257
number of formants: 3
number of coeccicients: 5
6.1 36.7 88
477.6 -63.4 0 7.2 7.5 -0.7
944.9 -36.4 35.5 93 27.9 15
2065.1 -28.5 -75.3 -8.2 -52.2 -149.2
7.2 41.9 75.5
491.7 -57.3 -2.1 2 6.4 -0.2
967.1 -44 22.5 102.3 32.3 21.7
2253.7 -125.8 -132.6 -39.6 -113.9 -115
7.8 52.4 17.4
505.8 -49.5 -1.2 -3.5 5.6 1.3
992.5 -39.2 22.3 113.4 48.1 45.3
2345.4 -170.7 -162.6 -94.6 -60 -26.4
8.4 79.5 12.9
518.4 -40.7 2.9 -6.2 5.6 1.8
1025.5 -11.3 46 144.7 90.2 92.7
2348.2 -161.1 -167.4 -96.4 -61.8 -28.9
9.3 99 26
527.3 -30.9 13.7 -5.5 4.2 0.5
1072.9 69.3 132.1 210.6 138.5 134.7
2367.4 -127.3 -138.9 -69.3 -38.1 -9.8
10.1 77.5 28.2
533.1 -20 21.8 -7.5 4.7 1.2
1119.4 168.7 207.7 233.7 141.1 112.5
2388.3 -95.8 -110.6 -43.3 -20 2
11.8 63.5 26.8
526.5 -18.2 33.3 3.1 8.1 -4.6
1115.3 203.9 251 245.2 121.7 67.1
2405.2 -68.8 -85.5 -23.4 -5.6 11.1
14.1 74.1 26.2
523.8 -19 37.1 5.3 7.9 -6.8
1122.9 228 272.6 249.1 113.4 50.9
2415.1 -49.5 -67 -9.8 4.1 16.7
17.1 69.7 36
514.9 -30.7 32.2 3.3 6.8 -10.6
1126.6 243.6 287.2 256.9 124.3 58.2
2385.9 -102.3 -118.1 -61.5 -50.3 -38.5
14.4 101.3 59.3
505.8 -44.9 24.8 3.9 14.1 0.6
1082.4 164.5 231.3 231.7 136.3 94.7
2392 -86.6 -103.9 -51.5 -48 -45.2
14.1 92.8 16.7
501.5 -48.6 18.1 -2.5 8.8 -4.5
981.7 -19.2 76.9 122.9 93 107.4
2353.2 -148.8 -155.3 -85.5 -53.5 -29.7
12.1 63.3 16.2
504.4 -43.4 21.4 -1.6 7.8 -8
995.8 4.9 91.7 127 83.6 86.5
2359.7 -133.7 -142.5 -75.4 -43.2 -22.2
10.1 60.3 16.1
503.5 -44.8 21.7 -1.6 7 -8.5
1007.9 24.1 106.9 138.5 89.3 87.7
2360.9 -130 -138.9 -73.5 -44.7 -24.9
11.9 79 17.3
509.7 -40.1 23.8 -0.6 7 -9.7
1012.2 25.1 113.9 153.8 105.5 107.1
2363.7 -139.5 -149.4 -77.4 -52 -30.6
13.3 98.9 23.2
521.7 -36.1 24.3 -5.3 4.1 -12.6
1003.1 1.1 109 167.9 119 126.6
2379.5 -142.5 -149.6 -74.9 -52.1 -27.9
13.1 119.7 124.6
538.9 -29.4 23.8 -17.1 -2 -16.5
1126.1 231.5 292.9 280.9 108.4 21.6
2503.9 58.9 4.3 13.3 -43.1 -84.3
18.9 160.9 36.8
559.4 -23.2 20 -34.2 -0.4 -7.7
1170.4 323.1 360.8 306 38.2 -90.2
2621.6 254.1 174.4 144.3 57.7 -5.8
41.6 186.2 39.3
562.2 -38.7 34.2 -15.9 27.8 -12.5
1212.1 405.2 379.6 256.2 -102.7 -212.7
2640.5 260.3 155.2 100.4 4.1 -46.3
20 172.5 89.8
596.5 -11.1 31.1 -61.7 -15.5 -34.2
1446 656.2 176.7 -217.6 -426 -116.1
2707.8 308.3 74.5 -47.5 -73.7 6.3
15.5 189.7 91.8
608.4 -13.2 27.2 -69.7 -10.2 -28.3
1501.2 701.9 91.9 -316.5 -408.6 11.3
2705.3 282.1 56 -26.1 -4.9 70.4
winner is: 3
