Regression analysis information for: KLH063a_3978
number of formants: 3
number of coeccicients: 5
11.2 38.7 103.5
459.6 229.3 7.5 -23.4 -4.5 6.6
1491.5 -19.7 -185 20 31.1 4.4
2115.5 -101.6 122.9 68.5 -31 -17.9
10.8 29 86.1
459.4 230.4 8.8 -23.4 -4.2 7.3
1465.4 6 -161.8 -8.2 38.8 9
2143 -52 145.1 71.4 -16.9 -0.1
10.5 26.6 70.6
460.2 231.4 9.2 -23 -3.6 7.2
1471.7 6 -168.4 -9.6 53.6 3.1
2163.4 -25.9 147.2 51.8 -49.4 -33.7
10.4 22.6 65.6
461.5 232.7 8.9 -22.9 -3.2 6.8
1485.9 -1 -181.7 -2.5 66.3 -5.6
2202.3 10.6 125.1 7.7 -82.1 -52.7
10.4 18.8 61.4
463.3 233.5 7.5 -23.1 -2 6.4
1505.1 -20.2 -188.1 7.5 73.9 -19.4
2256.5 32.8 50.7 -35.4 -51.6 -30.6
10.6 26.2 58.9
465 233.2 6.1 -23.2 -0.4 6.1
1536.6 -63.8 -174.9 7.5 79.8 -25.3
2301.6 42.8 -25.6 -56.3 6.8 -7.6
10.9 49.3 40.1
467.3 232.2 4.3 -24 0.5 6
1603.6 -169.7 -125.3 -0.3 71.9 -14.9
2319.3 60.6 -76 -69.1 35.5 17.7
11 70.9 118.6
469.6 230.7 3.2 -24.2 1 6.5
1715.8 -353.9 -28 -28.1 75.4 -29.1
2409.7 -75.9 17.5 -163.8 86.3 57.6
11.1 27.8 62.1
471.7 229.5 2.4 -24.5 0.7 7.1
1785.3 -449.1 -24.1 42.3 -12.2 24.9
2573.6 -327.5 96.6 -88 -34.1 104.3
11.2 23.7 54.9
472.7 228.8 2.4 -24.7 0.3 7.9
1787.8 -449.7 -28.6 45.7 -10.4 19.9
2578.6 -331.1 90.4 -77.4 -37.2 97.1
10.5 24.1 54.2
472.5 229 3.4 -24.5 -1.2 7.9
1789.8 -453.1 -26.8 46.3 -11.2 18.2
2588.7 -344 93.8 -74 -41.6 99.2
10 24.8 53
471.7 229.6 4.1 -24.3 -2.1 8
1791.1 -457.1 -23 46.7 -14.1 17.8
2596.5 -359.9 103.3 -72.5 -50.9 103.5
9.9 25.8 52.2
471.1 230.4 4.4 -23.7 -1.5 7.8
1792.5 -459.5 -20.1 48.4 -15.7 18.2
2604.2 -372.3 112.7 -68 -57.4 108.8
9.8 27 47.5
470.9 232 4.3 -24 -0.6 7.8
1792.9 -458.2 -20.2 49.5 -15.8 19.9
2605.1 -371.9 119.3 -72.5 -54.4 114.9
10 27.9 58.1
471.3 233.7 4.3 -23.5 0.2 7.8
1791.6 -450.5 -26.3 54.7 -14.5 19.3
2576.7 -314.2 91.2 -70.3 -30.9 87.9
10 29.4 50.8
472.1 235.1 4.6 -23.1 0.9 8
1790.8 -441.7 -34.9 60.9 -11.7 17
2563.2 -279 74.9 -68.8 -15.9 78.4
10.1 31 50.7
473.4 237 5.2 -22.7 1.5 8.4
1792.5 -435.3 -42.5 66.7 -7.4 13.2
2561.9 -259.3 65.5 -65.9 -5.2 69.9
10.4 31.9 51.1
474.9 239.3 6.3 -22.3 2.1 9.1
1797.9 -433 -48.5 72.1 -1.6 7.5
2574 -258.4 64.2 -61.2 -1 67.8
10.8 32.8 51
476.7 242.1 8 -21.9 2.7 10.2
1806.9 -435.3 -51.6 76.8 4.9 1.5
2596.4 -270.3 66.5 -52.9 0 67.7
11.5 32.7 50.9
478.4 245.6 10.7 -21.4 3 11.8
1817.7 -439.1 -52.8 80.4 12.2 -4
2624.4 -286.9 67.1 -41.9 3.1 62.5
winner is: 14
