Regression analysis information for: KLH063a_1251
number of formants: 3
number of coeccicients: 5
4.2 26.9 14.3
275.7 34 9.9 5.1 -2.1 3.5
1487.9 253.4 -51.9 60.2 -20.9 -39
2246 99 17.6 29.3 18.4 -15.3
4.3 64.8 58
276.5 34.3 9.8 4.8 -2.1 3.5
1547.6 242.4 -73.2 45 -26.9 -33.4
2273 66.9 30.6 34.3 -13.9 24.9
4.3 111.9 133.9
277.4 34.5 9.4 4.1 -2.2 3.4
1706 113.4 -97.7 87.7 -154.4 96.9
2343.7 -28 61 74.8 -117.3 133.6
4.4 118 131.3
277.9 34.3 9 3.8 -2 3.6
1788.3 64.8 -146.5 72.7 -118.5 119.3
2357.2 -48.1 77.6 60.9 -115.4 147.2
4.5 130.9 140.4
278.4 34.4 8.5 3.4 -1.9 3.5
1867.5 70.3 -288.9 113.3 -99.8 88.8
2397.6 -84.2 52.4 103.3 -147.6 157.8
4.4 59.1 51.3
278.7 34.4 8.2 3 -1.6 3.1
1882.3 83.6 -325.3 63.7 -32.8 11.4
2303.3 95.2 -68.1 52 59.3 -85.7
4.4 60.1 60.6
279.1 34.5 8.1 2.8 -1.3 3.2
1968.2 -2.7 -304 65.8 -76 80.5
2330.6 80.7 -105.6 82.3 70.1 -106.5
4.3 68.5 121.7
279.7 34.7 8.1 2.7 -1.3 3
2032 -74.8 -241 28.1 -89.4 94.4
2522.4 -178.1 -54.5 197.2 -127.4 85.5
4.4 63.8 84.8
280.1 34.9 8.4 2.6 -1.3 3
2053.6 -87.5 -209.8 1.1 -71.6 71.2
2589.2 -245.8 -63.1 224.7 -157.5 73.3
4.3 54.7 84.4
280.3 35.1 8.8 2.6 -1.4 3
2074.6 -100.7 -177.8 -17.7 -44.8 46.4
2605.3 -270.6 -15.6 181.3 -165.4 58.4
4.3 46.7 81.3
280.6 35.4 9.1 2.8 -1.3 3
2086.7 -96.8 -157.5 -22.5 -35 36.8
2609.1 -268.6 -7.1 163.8 -159.5 54.2
4.2 28.7 55
280.8 35.6 9.2 3 -1.1 2.9
2104.3 -115.8 -122.4 -43.9 -7.8 11.7
2641.7 -320.7 41.4 98.4 -93.2 -13.8
4.3 25.9 39.9
280.9 35.9 9.3 3.1 -0.7 3
2112 -103.6 -111.1 -36.9 -5.4 12.2
2664.1 -341 44.7 85.2 -74.1 -26.8
4.3 24.4 26.5
280.9 36.2 9.4 3.1 -0.5 3.1
2118.4 -89.6 -99.7 -30.5 -3.4 11.4
2691.9 -355 49.4 49.2 -66.9 -22.3
4.4 19.7 55
280.9 36.3 9.5 3.4 -0.1 3.5
2129.2 -70.5 -84.5 -22.4 1.1 10.2
2679 -307.6 -5.9 92.3 -101.8 16.4
4.5 11.6 28.4
280.7 35.9 9.5 3.8 0.6 4
2145.6 -42.5 -70.8 -14.5 4.4 7.5
2726.8 -339.4 1.6 28.1 -49.1 -22.3
4.7 10.9 37.5
280.1 35 9.5 4.6 1.7 5
2165.2 -11 -53.7 -4.9 9 4.4
2762.9 -323.5 -50.6 0.9 -32.3 -17.7
5.4 18.6 34.7
278.9 33.3 9.4 5.8 3.3 6.5
2188.7 27.5 -30.2 12 19 6.4
2806.6 -300.8 -114.3 -44.3 -12.6 5.9
6.4 20.2 28.7
276.9 30.6 9.4 7.7 5.6 8.6
2205.7 52.1 -16.7 22.1 23.2 5.6
2841.5 -271.7 -144.1 -65.6 13.1 35.7
8.5 16.4 35.7
274 26.5 9.4 10.3 8.8 11.6
2216.1 64.1 -11.6 25.1 22.8 2.9
2855.1 -247.3 -129.7 -59.3 12.8 34.7
winner is: 16
