Regression analysis information for: KLH063a_4520
number of formants: 3
number of coeccicients: 5
5.8 6.3 4.7
619.9 47.8 4.7 15.6 -2.6 10.3
1411.7 -1.8 -15.3 -12.1 -1.8 1.7
2185.3 -57.6 3.8 24.2 -2.9 -11.4
4.5 5.6 3.3
620.7 45.7 5.4 15.1 -0.8 10
1413.4 -1.1 -15.2 -11.5 -1.1 -0.5
2191.5 -49.1 3.6 20.7 -1.2 -9.1
4.3 5.4 2.4
621.2 47.5 4.6 16.3 -1 10.3
1413.8 -0.4 -16.7 -10.2 -1.4 -0.6
2198.3 -38.3 1.3 18.9 -1.2 -8.3
4.1 5.1 2.8
622.9 48 5.4 16.6 -0.8 10.1
1415.2 -0.9 -17.3 -9.4 -1.5 -1.1
2209.8 -25.2 -0.7 15.6 -5.1 -8
4 4.9 3.7
625 48.8 6.4 16.8 -0.6 10.1
1416.8 -1.5 -17.6 -8.9 -1.6 -1.5
2225.8 -9.9 -2.8 9.2 -9.9 -6.8
4.8 5.2 5.8
627.4 53.5 6.7 18.3 -2 10.1
1417.6 -2.4 -19 -8.2 -2.1 -0.3
2244.4 8 -3.7 1.7 -13.1 -4.7
4.8 5.1 7.2
630.4 54.4 8.4 17.8 -1.8 9.7
1419.5 -3.2 -19 -8.2 -1.8 -0.7
2262.6 23.3 -4.8 -7.2 -18.2 -3.8
5 5.1 8.5
634 56.2 10.6 18 -1.4 9.8
1421.5 -3.9 -19 -8.1 -1.7 -1
2282.7 41.8 -2.3 -12.9 -21.7 -2.1
5.4 5.4 9.5
637.8 58.7 13.9 18.2 -0.8 10
1423.1 -4.2 -18.3 -8.4 -1.4 -1
2301.5 62.4 5.3 -16.7 -23.7 -0.1
4.8 5.2 7.7
641.7 57.9 18.3 17.8 2.3 10.2
1425.9 -4.3 -16.8 -8.6 -0.3 -2.3
2318.7 80.1 13.1 -16.9 -24.9 -0.9
6.7 5.9 10.7
646.2 65.9 21.3 20.9 0.9 11
1426.3 -5 -17.9 -7.9 -1.1 -0.9
2337.6 103.4 23.4 -13.6 -20.7 6.4
5.5 5.4 11
650.5 66.1 26.4 21.1 4.8 11.9
1428.9 -4.9 -16.6 -8.1 -0.2 -2.4
2354.2 120.7 30.4 -15.2 -22.8 6.4
5.9 5.6 12.6
654.6 71.3 30.2 23.8 6.2 12.7
1430 -5 -17.1 -7.6 -0.3 -2.7
2368.9 139.4 38.2 -11.7 -21.4 8.3
6 5.6 13
658.8 76.5 34.1 27 7.9 13.7
1431.2 -5.6 -18 -6.9 -0.4 -3.2
2382.9 155.7 44.5 -7 -19.4 8.9
6.1 5.6 14
663.4 81.4 37.9 29.7 9.5 14.5
1432.5 -6.4 -19.1 -6.5 -0.6 -3.6
2397.5 170.9 48.3 -6 -19 10.3
6.2 5.5 15.6
668.1 86.1 41.5 32.4 11 15.5
1433.8 -7.6 -20.5 -6.1 -0.9 -4.2
2412.6 185.2 50.4 -6.4 -19.6 11.2
7.8 6.1 19.1
673.6 96.3 44 36.8 8.6 15.7
1433.7 -9.3 -23.7 -5.2 -2 -3.3
2430.3 205.7 54.8 -4.3 -16.6 16.4
7.8 6 21.2
677.7 99 45.5 38.1 8.7 16.4
1435 -10.8 -25.3 -4.8 -2.4 -3.7
2444.7 216.4 53.3 -8.9 -19.2 17.7
8 6.2 22.5
681 100.9 45.4 39.5 8.5 17.2
1436.2 -12.1 -27.5 -3.9 -2.6 -4.1
2458.4 225.6 50.8 -12.2 -20.2 18.4
6.4 5.5 21.6
682.3 93.5 43 36.8 10.9 17.8
1439.1 -13.1 -28.3 -3.2 -2.1 -6.2
2468.7 223.6 39.8 -22.7 -26.3 15.2
winner is: 4
