Regression analysis information for: KLH063a_5051
number of formants: 3
number of coeccicients: 5
1.6 31.8 19.6
323.1 -24.7 28.6 -4.1 3.8 3.1
1923 -127.3 4.2 -44.7 31.8 14.4
2268.2 -27.5 71.8 -56.4 62.6 -53.7
1.6 34.8 21
323.6 -23.6 28.2 -3.9 3.5 3.2
1968.4 -69.3 -5.3 -74.8 28 15.9
2253.6 -2.8 50.9 -36.6 52.5 -50
1.7 50 17.9
324.1 -22.9 27.9 -3.6 3.5 3.3
2030.9 -19.3 -41.8 -85.6 48.8 32
2241.2 12.6 35.8 -20.8 39.7 -41.5
1.7 48.4 19.4
324.8 -22.8 28.2 -3.5 3.3 3.2
2077.7 6 -32.8 -63.9 14.5 14.4
2246.1 0.6 41.9 -35.5 43.6 -42.4
1.6 30.7 28.7
325.6 -23 28.2 -3.4 3.1 3.4
2128.8 10.1 -57.8 -44.6 7.4 17.7
2262.2 -1 42 -70.7 41.8 -33.5
1.5 16.3 32
326.6 -23.4 28.4 -3.1 2.8 3.4
2171.6 24.5 -51.7 -0.7 -4.5 5.2
2315.7 -32.2 19.1 -100.3 36.4 -21.9
1.6 7.3 27.4
327.5 -23.9 28.4 -2.8 3 3.5
2177.1 42.9 -33.6 3.8 -3 1.8
2431.3 -96.6 -55.1 -65.8 79.3 -11.9
1.6 5.7 30
328.7 -24.1 28.7 -2.7 2.9 3.7
2180.2 49.5 -24.5 6.4 -2.4 -3.6
2660.7 -124.4 -134.5 -41.5 82.3 6.7
1.5 4.3 25.7
329.8 -24.3 28.8 -2.5 2.8 3.7
2178.8 43.8 -25.8 5.3 -1.4 -2.8
2774.9 -15.4 -48.6 -41.8 -22 31.5
1.6 3.7 13.1
330.4 -24.2 28.8 -2.5 2.9 3.6
2180.6 41.2 -25.2 5 -0.3 -3
2819 82 29 4.7 -22.2 -4.5
1.5 3.2 4.3
330.5 -23.7 28.6 -2.8 3.2 3.5
2184 40.2 -23.5 4.9 0.5 -3.4
2816.4 77 32.2 17.7 -4.8 8.6
1.5 3 3.9
330 -23.1 28.2 -2.9 3.4 3.5
2187.4 40 -21.5 4.6 1.2 -4
2814.4 64.9 22.3 12.1 -7.1 6.3
1.5 2.9 3.5
329.1 -22.4 27.3 -2.6 3.3 3.7
2190.1 40.5 -19.5 4.5 1.9 -4.7
2817.4 61.9 19.6 10.2 -8.1 4.5
1.6 2.8 3
328 -21.6 26.2 -2.3 3.1 4.1
2192.4 41.2 -18.2 4.4 2.2 -5
2821.3 61.8 18.6 8.9 -9 3.5
1.4 2.6 3
327.1 -20.5 25.2 -1.3 2.6 4.6
2193.2 41 -17.8 3.2 2.5 -5.3
2824.9 63.5 19.6 7.6 -9.1 3.4
1.2 2.5 2.8
326.4 -19.2 24.2 -0.1 1.7 5.3
2193.8 40.3 -18.2 2.1 3.2 -5.4
2827.7 64.3 18.7 5.9 -8 3.1
1.2 2.5 2.5
325.6 -18.1 23.3 1.1 0.9 5.9
2194.4 40.3 -18.4 1.2 3.7 -5.3
2829.7 64.5 16.7 3.4 -7.2 3.7
1.2 2.5 2.3
324.3 -16.9 22.3 2.3 0.3 6.5
2195.7 40.6 -18.6 0.9 4 -5.4
2832.6 64.6 13.7 1.4 -6.3 3.8
1.4 2.4 2.6
323.7 -17 21.4 3.3 -0.8 7.1
2196.4 42 -17.8 0.6 4.7 -5
2833.2 66.5 13.9 -1.1 -5.9 5.1
1.4 2.4 2.8
323.4 -16.7 20.9 3.4 -2.1 6.9
2196.7 42.3 -17.7 1.6 6.5 -4.2
2832.9 65.5 12.4 0.4 -1 6.8
winner is: 18
