Regression analysis information for: KLH063a_3140
number of formants: 3
number of coeccicients: 5
3.1 18.3 25.2
313 12.9 -29.1 -15 -2.8 -6.3
1736.6 78.3 -28.2 1 -35.1 -22.8
2095 -64.9 -0.2 -49.3 -3.8 13.5
4.5 11.5 19.7
312 15.6 -31.3 -14.6 -3.7 -6.4
1746.6 76.8 -24.2 4.7 -27.6 -12.9
2125.3 -36.8 34.9 -37.5 -0.9 10.4
6.8 8 19.4
310.1 19 -35.5 -14.1 -5.5 -6.3
1757.8 75.3 -23.7 4.9 -23.6 -8
2153.7 -12 67.1 -25.4 7.1 12.7
11.4 5.4 20
306.3 24.8 -42.6 -11.8 -9.7 -4.6
1769.1 73.2 -25.2 5.2 -20.7 -7.3
2177 4.3 91.5 -16.9 14.8 14.5
113.1 45 53.3
349.9 -71.8 45.6 -112.8 82.6 -106.5
1797.9 32.5 8.4 -32.3 16.8 -45
2223.3 -44 164.5 -69.6 75.4 -41.1
115.9 46.5 57
344.1 -67.7 38.2 -116.3 81.6 -111.7
1808.7 27.5 7.4 -31.3 17.2 -45.6
2242.9 -45.5 185.2 -70.6 82.8 -43.6
118.8 47.4 57.9
337.2 -60.3 29.8 -118.1 80.6 -115.1
1817.9 24.4 4 -30.1 17.2 -46.5
2256.8 -45.6 196.1 -70.8 84.8 -44.7
153.8 67.3 80
378.7 -158.6 121.7 -227 175.3 -212.1
1848.1 -25.9 44.1 -66.9 51.8 -82.6
2302 -116.1 269.9 -130.2 140.5 -96.6
204.3 74 112.4
433.2 -250.3 158.6 -197.5 84.7 -95
1875.1 -63.8 56.7 -48.6 19.7 -41.1
2349.9 -183.2 302.7 -97.5 78.9 -9.1
305.3 94.5 190.6
561.8 -445 242.8 -119 -91.8 125.1
1928.4 -142.2 87.6 -26.4 -35.5 29.4
2455.7 -346.7 373.6 -53.2 -39.2 130.1
237.1 66.7 165.5
688.9 -643 320.5 -79.5 -163.3 144.8
1976.2 -221.2 125.4 -39.4 -39.3 28.2
2565.9 -534 424.5 -13.4 -125.6 163.5
149 42.5 123.5
749.8 -754.6 412.3 -129.1 -163.2 202.5
2010.9 -279 166.3 -59.1 -39.9 57.2
2623.8 -629.2 494.1 -34.1 -140.4 221.5
140 35.6 131.5
819.5 -840.5 351 1.6 -257.4 152.1
2024.6 -292.5 156 -37.6 -52.1 48.1
2696.2 -702.3 440.1 96.3 -224.9 169.1
206.7 65.4 167.6
910.2 -671.8 524.6 165.1 -98.5 299.2
2060.3 -236 215.3 11.2 -2.4 100.8
2774.3 -611.8 564.6 200.7 -141.7 268.1
208.7 68.2 170.8
910.1 -673 526.1 163.3 -99.6 301.5
2067.9 -232.4 214.7 10.9 -0.8 104.5
2793.9 -614.5 583.6 203 -142.9 271
209.9 71.5 172.8
909 -673.5 526.1 161.8 -100.4 302.7
2077.4 -224.6 212.8 8.5 0.6 110
2808.1 -597.6 600.7 205.1 -141.8 271.8
217.3 73.6 177.8
903.9 -676.5 530.5 153 -105 310.3
2093 -218.5 208.4 7.8 6.3 115.9
2845.1 -604.6 631.3 220.9 -159.4 278.8
256.6 86.9 228
1053 -587.9 588 412.8 -44 265
2158.6 -135.6 259.6 78.9 62.4 145.4
3013.6 -592.5 657.8 460.4 -171.6 208.5
285.1 97.3 271.9
1116.7 -634.8 477.1 529.7 -16.3 127.8
2183.2 -119.7 242 86.8 82.4 144.1
3122.6 -633.1 556.5 593.3 -189.7 74.8
274.7 106.7 321.1
1180 -664.9 348.4 616.6 70.8 12.8
2178.3 -131.2 200.1 57.9 74.7 116.2
3209.3 -590.8 411.3 664.5 -94.5 -70.6
winner is: 3
