Regression analysis information for: KLH063a_2663
number of formants: 3
number of coeccicients: 5
3.4 13.6 18.8
381.8 -7.1 -24 -2.3 -14.3 -1.3
1775.6 -49.4 -86.1 -36.4 -20 -4
2339.4 26.9 5.2 -47.2 -4.2 19.6
3.2 13.6 14.5
381.9 -7.2 -23.5 -2.2 -13.8 -2.1
1776 -48.8 -85.6 -36.8 -20.2 -3.2
2350.7 18.9 -11.2 -35.6 3.7 5.2
2.9 13.1 14.8
382.1 -7.5 -23.7 -2.4 -13.1 -2.4
1775.6 -49.3 -85.1 -37.2 -19.7 -3.4
2350.4 19.1 -11.4 -35.1 2.8 4.5
3 12.7 13.7
382.5 -7.8 -23.7 -2.4 -13.2 -2.6
1776.2 -50.1 -85.4 -37.1 -20.1 -4.4
2349.7 18.8 -12.2 -35.1 3.4 3.7
3 12.7 13.3
382.9 -8 -23.9 -2.4 -13 -2.7
1776.9 -51.3 -86.1 -36.9 -19.8 -5.4
2349.5 17.7 -12.6 -35.4 3.4 2.7
3 12.4 13.1
383.6 -8.1 -24 -2.4 -13 -3
1779.1 -52.1 -86.7 -36 -19.6 -6.8
2350.2 16.2 -13.3 -35.5 3.5 1.8
3.1 12.5 13.2
384.2 -8.1 -23.9 -2.2 -13 -3
1781.9 -52.3 -86.5 -34.1 -19.2 -7
2352.3 15.4 -13 -34.8 4 1.8
3.2 12.6 13.5
384.7 -8 -24.1 -1.9 -13.3 -3
1784.8 -52.6 -87.3 -31.8 -19.9 -7.5
2354.6 14.7 -13.3 -33.7 3.7 1.8
3.4 13.2 14.5
384.7 -7.6 -24.1 -1.4 -13.4 -3.2
1785.9 -50.7 -87.7 -29 -19.4 -8.2
2355.6 16.3 -13.4 -31.4 4.3 1.7
3.5 14 15.3
384.5 -7.2 -23.3 -1.2 -13.3 -3
1784.6 -47.9 -83 -28.3 -18.1 -6.6
2354.6 18.3 -9.3 -29.8 5.2 2.9
3.4 12.2 14
384.7 -7.1 -23 -1 -13.8 -2.9
1785.4 -47.2 -79.2 -25.4 -21.5 -4.5
2355 19.9 -5.9 -26.9 2.8 4.7
3.2 11.6 12
384.9 -6.4 -22.9 -1.3 -13.5 -3
1785.1 -41.4 -77.1 -27.4 -18.1 -5
2354.5 25.8 -5.3 -28.2 5.8 3
3.2 10.5 11.5
385.5 -6.3 -22.9 -1.3 -13.7 -2.9
1789.8 -39.8 -77.1 -25.4 -19.7 -3.4
2358.7 27.8 -5.4 -27.6 4.6 4.8
3.1 8.9 10
386.4 -6.2 -23.3 -1.3 -13.9 -2.8
1797.7 -39.7 -80.1 -22.5 -20.6 -3.1
2365.3 28.9 -7.7 -27.7 4.3 5.7
3.2 7.5 9.9
387.2 -6.6 -23.8 -0.8 -14.3 -2.4
1808.9 -44.8 -82.4 -18.8 -22.6 -2.5
2375.2 24 -7.1 -28.9 3.7 7.5
3.4 6.8 10.4
387.7 -7 -24.6 0 -14.8 -1.8
1821.5 -51.4 -85.2 -14.4 -23.5 -2.7
2386 17.6 -6.2 -30 4 9.2
3.9 7.5 11.5
387.7 -7.1 -25.7 1.5 -15.5 -0.9
1834.5 -58.3 -88.8 -9.3 -23.7 -3.8
2396.6 11 -5.4 -31.1 4.9 10.6
4.7 8.4 12.7
386.8 -6.8 -27.5 3.5 -16.5 0.6
1847.8 -64.9 -94 -4.2 -23.2 -5.7
2406.9 5.1 -5.3 -32.2 6.1 11.6
5.8 8.9 13.9
384.9 -6.2 -29.8 6.5 -17.8 2.7
1860.7 -70.8 -100.2 1.3 -22.1 -8.5
2416.1 0.5 -6 -33.4 7.5 12.5
7.5 9 15.4
381.5 -5.3 -32.8 10.5 -19.6 5.7
1873.7 -75.3 -107.5 6.7 -19.3 -12.4
2424.4 -2.3 -7 -35 10.2 12.8
winner is: 15
