Regression analysis information for: KLH063a_5092
number of formants: 3
number of coeccicients: 5
22.9 111.4 96.3
556.2 -67.6 -52.2 -3.6 -36.6 -38.2
1358.7 5.4 94.7 57.2 -79 -132.8
2121.9 1.4 105.9 92.8 -41.3 -70.8
12.9 6.7 11.5
564.7 -63.6 -73.4 -13 -22.9 -18.1
1425.4 38.2 -13.2 -21.8 -0.9 -18
2182.9 34 12.7 22 26.6 27.4
13.2 6.7 10.9
561.6 -64.3 -75.2 -11.8 -21 -16.8
1425.8 38.4 -13.3 -22.5 -1.7 -18.5
2186.6 36.6 14 20.4 22.3 25.4
13.6 6.6 11.2
553.5 -65.9 -79.1 -9.8 -16.1 -13.2
1425.6 39.4 -14.6 -23.4 -2.9 -19.4
2195.6 45.4 19 20.9 15.7 20.9
13.7 6.3 10.3
549.3 -63.3 -82.6 -6.5 -14.8 -11.4
1424.7 40.8 -16.1 -22.9 -3.7 -19.4
2197.5 45.7 19.3 19.2 13 19.6
11.3 6.2 8.6
540.1 -57.2 -87.6 -1.2 -12.3 -7.3
1421.1 47.3 -21.6 -19.8 -5.8 -18.7
2200.8 50.8 17.5 18.2 6.7 16.1
10.1 6.1 8.3
535.4 -53.6 -88.1 -2.1 -11.1 -2.5
1417.9 52.4 -25.3 -17.8 -6.3 -17.7
2199.8 54.9 13.3 20 4.2 14
10.3 6.4 9.6
532.1 -53.6 -85.8 -3.2 -10.1 1.2
1416.5 52.9 -25.6 -18.3 -5.4 -16.8
2199.1 55.4 10 19 4 13.1
10 6.9 11.3
528.3 -53.3 -79.5 -3 -12.5 1.7
1415.4 53.8 -24 -18.8 -4.9 -15.6
2199.2 56.2 8.8 19.5 6 14.4
9.2 7.3 12.4
523.8 -53.7 -70.9 -3.2 -16.5 1.5
1413.9 54 -19.4 -21 -4.9 -13.7
2199.9 56.6 11.4 18.3 7.7 16.7
9.3 7.5 12.1
521 -54.9 -64.8 -3 -19.3 0.2
1412.8 54 -14.3 -23.3 -5.5 -12.7
2202.5 60.2 18.7 16.5 6.4 16.6
9.4 8.1 12.7
519.2 -55.7 -60.5 -2.1 -21.1 -1
1411.7 53.4 -9.7 -23.8 -6.4 -12.5
2203.6 62.9 26.7 16.3 3.5 15.6
9.7 8.4 13.1
518.5 -56.9 -57.2 -2.5 -21.9 -1.6
1411.5 51.9 -4.5 -25.4 -6.4 -12.5
2204.7 63.9 37.5 15 1.3 14.4
10 8.4 14.5
518.6 -58 -55.8 -2.5 -22.5 -1.6
1411.9 50.8 -1.7 -25.7 -6.4 -12.3
2206.6 64.7 45 16.7 -0.5 13.7
10.3 8.4 16.1
519 -59 -54.8 -2.8 -22.8 -1.8
1412.9 49.6 0.6 -26 -6.2 -12.6
2209.8 66.5 51.9 18 -2.1 11.9
10.5 8.2 17.6
520 -60.5 -54.5 -3.1 -22.9 -2
1414.8 47.6 1.9 -25.9 -5.7 -13.1
2214.8 66.4 55.8 20 -2.4 10.6
10.8 7.8 18
521.2 -62 -54.9 -3.5 -23.3 -2
1417.2 45.9 2.1 -25.4 -5.7 -13.6
2220.9 66.7 57 21.9 -3 10.1
11 7.6 18.4
522.8 -63.7 -55.2 -4 -23.2 -2.3
1420.2 44 2.1 -25.4 -5.4 -14.5
2228.3 66.8 57.1 22.8 -3.6 9.2
11.3 7.6 18.6
524.4 -65.6 -56.1 -4.1 -23.7 -2.3
1423.2 42 1.2 -24.5 -5.7 -15
2235.2 65.5 55.1 24.5 -4.7 10
11.6 7.6 18.3
526.2 -68.1 -56.4 -4.7 -24.1 -2.4
1426.4 39.2 1.4 -24.8 -5.6 -16.1
2242.2 63.7 55.3 24.6 -6.5 9.2
winner is: 7
