Regression analysis information for: KLH063a_5427
number of formants: 3
number of coeccicients: 5
8.2 76.2 78
300.7 -50.9 0.3 2.1 12.7 2.2
1566.3 262.1 -36 166.8 17.3 -47.6
2214.8 57.7 44.3 -31.9 122 14.3
8.4 57.5 47.5
301.7 -52.9 -0.5 1.3 12.9 0.7
1551.1 180.8 -148.6 84.5 -27.3 -106
2219.7 -37.3 2.5 -73.1 64.3 -32.8
9 55 40.9
303 -54.5 -0.6 0.8 14 0.2
1585.5 184.6 -195.8 58 23.3 -36.8
2244.4 -66.7 -2.8 -47.3 36.8 -20.5
9.7 76.2 47.2
304.3 -55.7 -0.7 0.2 14.9 -0.1
1668.3 247.6 -252.8 5 74.2 34.1
2278.8 -89.4 -23 -40 13.8 16.8
10.5 70.9 47.7
305.6 -56.4 -0.1 -0.9 16.1 -0.1
1737.1 336.6 -218.6 6.4 88.6 46.7
2288 -94.1 -27.4 -43.6 20.6 26.8
11 66.7 87.6
306.7 -56.4 -0.2 -1 16.5 0.5
1799.3 425.7 -182.7 1.2 70.4 32.8
2388.2 84.9 130.8 81.4 125.4 109.7
11.2 43.9 104.9
307.8 -56.5 -0.1 -0.8 16.7 0.8
1830 460.2 -175.9 -17 36.7 -8.2
2430.6 122.9 116.7 11.5 53.1 80.9
11.2 39.5 90.3
308.2 -56.6 0 -0.7 16.2 0.7
1839.1 467.9 -175.5 -19.2 31.6 -15.1
2477.7 189.4 135.5 -24.3 -17.5 16.2
11.2 38.1 87.1
308.6 -57.3 0.4 -0.8 16 0.3
1844.2 465.2 -178.4 -20.6 34.8 -13.4
2500.2 214.8 153.2 -31 -38.8 -6.1
11.2 37.2 87.2
308.6 -58.1 0.8 -1 15.8 -0.2
1846.6 463.2 -178.1 -19.5 34.5 -15.4
2509.3 223.5 164.1 -30.9 -48.3 -13.9
10.9 36.5 86.3
308.7 -58.7 1.2 -1.2 15.7 -0.5
1847.4 459 -174.6 -17.9 31.7 -19.3
2508 211.3 165 -37 -60.5 -24.2
11 34.2 79
309 -59.4 1.6 -1.5 15.9 -0.8
1847.2 454.5 -171.8 -15.3 27.8 -25.6
2487.4 168 150.5 -33.4 -45.4 -7.4
11.2 32 68.8
309.2 -59.9 2 -2.1 16.4 -1.2
1846.2 450.3 -172.2 -15.4 25.8 -30.5
2468.9 132.6 133.6 -36.4 -37.4 -1.7
11.7 30.9 72.6
309.9 -60.9 2.9 -3 17.2 -1.8
1857.1 455.5 -186.8 -27.7 25.9 -17.9
2494.1 162.6 148.6 -43.8 -53.6 -12.5
12 32.9 67.6
310.3 -61.1 3.2 -3.5 17.5 -1.8
1867.4 459.9 -198.3 -30 30.3 -11.9
2547.2 237 169.8 -61.1 -76.6 -19.9
12.7 33.6 45.6
311 -62 4.6 -4.9 18.4 -2.5
1876.8 463.9 -211 -21.5 37.9 -10.2
2610.7 317.4 179.5 -102.9 -116 -25.9
14.3 38.1 44.5
311.7 -63.8 7.5 -7.7 20.2 -4
1886.3 473.9 -234.4 -6.1 42.2 -4
2639.2 345.7 171.4 -129.6 -129.7 -5.6
18.2 60 76.9
312.4 -66.8 12.7 -12.8 23.1 -6.5
1908.5 461.6 -242 -8.8 69.5 -21.6
2667.5 325.8 199.8 -167.1 -101.5 -14.3
30.9 86.6 126.8
316.8 -79.4 29.1 -28.9 35.5 -18.2
1959.5 387.5 -189.6 -67.9 151.8 -100.7
2713.2 270.2 256.8 -237 -39.7 -55.2
31.3 89.5 119.5
312.1 -76.6 34.3 -34.4 34.6 -15.1
1970.7 384.5 -200.6 -55.6 154.2 -107.8
2733.2 273.3 240.4 -241.5 -27.9 -42.5
winner is: 16
