Regression analysis information for: KLH063a_3976
number of formants: 3
number of coeccicients: 5
2.6 73.3 84.8
316.2 -12.2 -9 -1.8 1.2 11.3
1377.9 229 193.9 -83.8 -30.6 -21.7
2100.3 -87 122.5 96.9 81.9 62.6
2.6 63.2 73.3
316.6 -12.2 -9.2 -1.8 1.2 11.3
1468.9 262.3 96.4 -171.9 8 73.7
2209.7 32.7 84.5 -12.1 10.1 45.4
2.6 59.2 42.1
317.1 -12.3 -9.3 -1.6 1.4 11.2
1495.8 233.1 87.3 -153.6 13.5 66.5
2246.6 74.1 90.1 -45.8 -57.9 -12.2
2.7 63.4 34.8
317.8 -12.6 -9.6 -1.1 1.6 11
1547.8 195.1 54.1 -137.4 33 73.8
2252.6 75.2 91.8 -60.7 -53.4 16.6
2.7 67.3 31.4
318.3 -13.1 -9.7 -0.6 1.7 10.6
1681.5 113 -115.7 -22 136.3 -45.7
2297.2 66.3 17 -37.6 14.9 -10.9
2.7 44.5 21.3
318.8 -13.4 -9.8 -0.3 1.6 10.6
1758.6 17 -132.4 70.8 58 -55.6
2316.8 47.4 4.5 -6 -0.7 -25
2.7 28.6 19.3
318.8 -14.3 -9.2 0.4 1.6 10.4
1811.9 -76.9 -95.1 99.8 14.2 3.7
2326.8 34.8 4.1 7.1 -12.4 -23.5
2.5 45.9 13.8
318.9 -14.6 -9 0.2 1.5 11
1865.1 -166.1 -59 118.6 -36.5 76
2341.5 11.1 7.9 24.8 -37.6 -1.9
2.5 42.8 14.2
319.1 -14.8 -8.7 0 1.5 11.3
1876.8 -184.3 -45.1 99.3 -17 63.6
2346.3 5.9 10.6 27.1 -40.4 5.5
2.4 41 14.4
319.3 -14.9 -8.5 -0.4 1.5 11.6
1894.6 -204.9 -30.7 75.5 -1.9 50.9
2350.2 3 11.3 26.8 -42.4 12.3
2.3 44.1 15.4
319.3 -14.7 -8.2 -0.8 1.7 11.6
1911 -220.5 -15.7 59.1 5.8 42.7
2350.1 9.6 13.2 24.6 -40.5 15
2.3 38.2 13.4
319.1 -14.4 -7.8 -1.3 1.8 11.6
1916.9 -231.8 17.1 29.4 5.6 51.2
2345 18.2 21 11.7 -30.4 9.9
2.3 35.3 15.1
319 -14.2 -7.5 -1.5 2 11.3
1912.1 -226.4 45.3 0 14.2 50.7
2342.2 26.6 27.1 4.9 -20.9 1.1
2.4 25.2 10.3
318.9 -14 -7.2 -1.4 2 11
1893.9 -206.5 68.3 -14.2 29.2 25.2
2340.6 35.2 31.4 12.7 -24 1.4
2.4 21.9 11.7
318.9 -14 -6.9 -1.5 1.9 10.9
1895.9 -216.8 100.3 -24.4 25.3 20
2342 38.8 35.1 16.6 -24.4 -0.7
2.6 23.6 13.4
319 -14.2 -6.9 -1.6 1.8 10.7
1912.4 -231.1 116.1 -25.8 26.5 16.4
2346.7 43.3 40.6 20.1 -21.7 -0.9
2.8 22.9 14.2
319.2 -14.5 -7 -1.9 1.5 10.3
1930.5 -234.8 106.8 -7.9 16.7 15.2
2363.4 25.5 66.3 6.1 -7.3 -5.2
3.2 21.2 15.2
319.2 -15.1 -7.6 -2.6 0.8 9.7
1955.3 -235.4 94.5 9.4 2.4 16.5
2381.8 8.6 95.7 -9.8 8.5 -8.7
3.8 17.1 15.4
319 -16.1 -8.6 -3.6 -0.1 8.8
1986.6 -240.7 74.8 29.5 -11.3 17.1
2395.4 -1.4 121.7 -25.8 24.9 -11.6
5.3 12.6 16
318.4 -18.1 -10.8 -5.6 -2.1 7
2030 -248 42.4 58.3 -25.8 11.8
2402.4 1 148.1 -42.5 43.7 -11.3
winner is: 20
