Regression analysis information for: KLH063a_4475
number of formants: 3
number of coeccicients: 5
4.9 22.3 16.8
459.5 -49.4 -42 8.7 -7.9 0.3
1583.2 184.3 -1.6 -40.7 -27.6 0.8
2132.5 -56 -43.3 -12.3 23.7 34.3
4.8 26 14.7
461.8 -50.4 -42.3 7.8 -8.3 0.5
1601.4 207.1 4.2 -45.5 -33.6 1.8
2147.4 -38.8 -56 -43.3 2.9 38.3
4.8 28.6 20.2
464.1 -51.4 -42.6 7.4 -9.1 0.9
1620.6 235 21.6 -33.8 -26.2 7.5
2157.4 -29.4 -64 -62.9 -17.8 29
5 29.3 17.6
466.4 -51.6 -43.8 7.6 -10.1 1.3
1641.4 265.7 41.2 -18.7 -16.7 12.8
2168.1 -18.9 -66.8 -73.3 -35.1 13.4
5.3 26.7 12.9
468.4 -51.2 -45.5 7.9 -11.1 1.5
1652.9 279.9 46.8 -12.7 -10.5 18.9
2185.5 5 -55.2 -68.4 -39.5 3.8
5.4 26.8 14.6
469.5 -51.9 -45.9 9.3 -11.7 1.3
1654 278.5 45.2 -12 -11.7 17.7
2203.2 33.6 -31 -48.9 -29.6 8.4
5.5 22.3 10.6
471.3 -50.6 -47.3 10.1 -12.4 1.3
1660 283.5 41.2 -15.4 -15.4 12.9
2255.5 124.9 37.1 -2 -8.2 9.8
5.4 19 8.8
471.2 -47.5 -48.2 10.7 -12 0
1662.3 288.8 41.1 -15.3 -16.6 8.4
2271.4 158 61.2 17.3 4.1 12.4
5.1 16.7 8.6
473.5 -44.6 -48.8 11.3 -12.6 -1.5
1668.5 295.8 38.9 -16.5 -17.5 5.8
2275.9 162.8 56.8 15.2 1 8.4
5.2 15 8.5
475.6 -42.3 -49.8 11.6 -13 -2.4
1674 301 35 -18 -16.6 5.6
2281 169.2 53.1 15 0.3 7.2
5.3 13.7 9
477.1 -42.3 -50.2 11.7 -12.8 -2.6
1678.4 303.5 32.3 -19.1 -15 6.4
2285.6 171.9 52.2 14.7 1 6.6
5.2 13.5 9
478.4 -43.7 -52.3 11.3 -11.7 -1.6
1683.3 304.1 25.4 -22.4 -11.3 10.2
2290.5 171.3 47.8 12.9 3.7 8.8
5.1 13.8 8.6
479.7 -45.4 -54.3 11.2 -11.1 -1
1687.3 302.7 18.9 -25.2 -9.1 12.7
2294.6 167.5 43 11 4.7 10.1
5.3 14.3 7.8
481 -47 -55.7 11.5 -10.7 -0.6
1689.9 299.5 13.1 -27 -6.7 14.7
2297.3 160.9 38.7 9.4 5.9 11.1
5.5 15 6.9
482 -48.1 -56.9 12.3 -10.8 -0.4
1692.3 296.8 8.7 -28.5 -5.4 15.9
2299.9 154.9 36 8.1 6.1 11.2
6 15.7 6.2
482.7 -48.2 -58.2 13.3 -11.4 0.1
1695.1 295.3 5.1 -30.2 -4.6 17.1
2303.1 150.5 34.8 7.1 6.1 11.3
7 15.9 5.9
482.7 -46.8 -60.4 15.1 -12.6 1.2
1698.4 295.6 2.9 -30.9 -4 17.8
2306.9 148.4 35.9 7.1 6.1 11.1
9 16.2 5.5
481.7 -43.3 -64.1 18.3 -14.8 3.2
1702.5 297.6 0.2 -32.5 -3.5 18.9
2311.4 147.9 37.2 7 5.7 11
12.1 16.1 5.3
479 -36.9 -69.8 23.3 -18.5 6.6
1706.5 301.4 -1 -33.5 -3.6 19.6
2315.4 149.6 40.1 7.6 5.1 11.4
19.2 16.8 5.2
473.2 -24.6 -80.6 32.6 -25.6 13.2
1710.2 306.7 -1.5 -34.5 -5.4 19.2
2319.5 152.5 42.5 9 3.9 11.2
winner is: 14
