Regression analysis information for: KLH063c_0311
number of formants: 3
number of coeccicients: 5
13.4 7.1 142.4
557 -37.9 -41.6 -23.4 -12.2 -3.8
1216.2 115.5 -20.8 14.1 4.6 7.1
2023.7 3.5 61.5 -102.1 0.5 41.5
13.3 8 146.8
558.6 -38.3 -42.9 -25.2 -12.6 -4.6
1218.9 115.4 -23.5 12.8 4.1 6
2071.1 -17.5 19.7 -157.5 -29.6 7.8
12.5 9.4 142.3
561.8 -36.3 -42.9 -25.5 -13.9 -4.1
1223 109.8 -25.8 10 2.9 5.2
2120.6 -32.5 -11.9 -180.8 -61.7 -9.6
12.3 11.2 139.6
562.7 -39.5 -44.8 -27.3 -12.7 -4.9
1227 111.8 -27.1 11 1.8 5.9
2195.5 -60.9 -12.8 -194.8 -55.7 -26
11.2 11.6 126
566.4 -37.2 -43.8 -25 -12.3 -3.8
1233 106.2 -27 12.1 2.3 6.2
2265.9 -88.4 -35.1 -154.2 -43.8 -13.1
11.3 13 127.4
568.3 -40.4 -44.9 -25.3 -10 -5
1238.6 108.4 -27.2 16.4 1.8 6.9
2389.8 -140.4 -49.2 -115.6 -12.9 -36.1
11 15 108.2
573.9 -36.9 -41.5 -21.7 -9.5 -5.4
1246.9 105 -23.2 19.8 2.1 5.2
2520.8 -130.2 -66.5 -35.3 -13.3 -66.4
12.1 17.1 75.3
577 -39.3 -40.6 -20.8 -6.8 -6.2
1253 107.6 -21.4 25.3 0.1 7
2628.7 -74.8 3.3 56.6 46.5 -24.6
12.7 18.5 47.5
582.3 -35.6 -37.2 -16.3 -5.2 -4.8
1259.5 103.3 -18 29 2 8.2
2673.2 -27 59.5 79.5 30.5 -31.8
13.8 20.2 47
584.4 -37.2 -35.6 -17 -3.8 -7.7
1262.5 107.8 -17.5 32.1 -1.4 7.4
2690.7 -12.2 74.4 72.4 2.7 -53
13.8 21.1 44.5
588.4 -33.5 -32.4 -14.6 -3.8 -6.3
1267.4 104.1 -13.6 32 -0.3 8.1
2692.8 -14.5 71.2 70.7 9.9 -46.2
14.4 22 38.6
589.4 -36.4 -32.6 -18.6 -3.1 -10
1268.6 109 -15.7 31.5 -4 6.8
2700.1 -8.4 60.5 59.8 8.5 -38
13.7 22.1 33.3
592.1 -32.9 -31.3 -17.7 -3.4 -7.7
1271.7 105.7 -13.1 29.4 -2 8.3
2707.1 -4.3 49.4 49.9 15.2 -26.3
13.9 22.5 27.5
591.4 -37.3 -33.4 -22.9 -4.1 -10.6
1271.2 109.4 -16.3 27.9 -6.6 7.8
2715.6 2.2 39.6 36.7 11.9 -17
13.3 22.3 21.4
593.9 -35 -33.1 -23 -4.8 -8.5
1273.9 105 -15 25.1 -4.7 9.1
2725.1 7.5 27.1 22.5 16.4 -3.3
14.9 22.6 17.6
593.7 -40.3 -33.7 -28.9 -3.4 -11.7
1272.2 109.9 -19.4 24.9 -8.8 9.8
2731.5 13.6 19.4 9.7 13 5.3
14.9 22.5 15.8
596.8 -37 -32.8 -28.2 -4.2 -9.3
1275.4 105.9 -17.4 22.9 -7.4 11.2
2740.2 18.4 8.8 -4.3 15.5 18.3
17.6 25.1 17.6
598.7 -44.9 -31.9 -35.5 -0.7 -13.3
1274.2 110.9 -23.7 25.2 -13.6 14.9
2748.5 22.1 -1.7 -16 15.3 27.8
17.5 24.5 19.1
602 -41.1 -32.2 -33.7 -1.7 -10.4
1277.9 106.6 -21.7 23.6 -10.9 15.4
2757.2 26.1 -12.5 -26.5 18.5 36.9
21 28.4 20.8
605.1 -51 -29.8 -40.8 2.9 -15.4
1275.9 113.4 -29.4 29.3 -18.5 20.9
2763 26.3 -19.3 -30.7 19 42
winner is: 17
