Regression analysis information for: KLH063a_1936
number of formants: 3
number of coeccicients: 5
2 4 10
321.8 12.8 -33.2 -2.1 -3.2 2.2
1493.7 14.1 8.7 -2.3 1.3 -0.1
2060.1 47.1 -107.4 3.6 -18.7 5.2
2 4.3 14.1
322.6 13.1 -30.9 -2.1 -3.5 2.3
1492.1 13.3 8.1 -2.5 0.7 -0.8
2061.8 48.7 -93.3 4.2 -13.7 5.2
1.8 5.2 22.4
321.1 13.1 -31.7 -2.3 -3.5 2
1492.4 13.9 9.7 -2.5 2.1 -1.1
2061.2 52.9 -78.1 3.6 0.4 -0.1
2 4.5 22.5
322.6 13.4 -30.1 -2.2 -3.6 2.1
1492.5 15.1 10.5 -2.7 1.2 -2.2
2072 64.3 -55.2 7.1 3.2 2.9
2 4.1 26.4
321.7 13.5 -31 -2.5 -3.4 2
1495.1 16.2 13.7 -3 2.1 -2.3
2092.4 74.3 -21.7 8.8 26.3 3.6
2 3.8 35.7
322.1 13.5 -30.7 -2.5 -3.3 2.1
1497 16.2 16.3 -3 2.6 -2
2117 79 19.5 14 50.3 9
2.1 3.2 32
323.7 13.3 -29.5 -2.5 -3.3 2.1
1497.6 13.8 16.4 -4 2 -2.3
2125.9 50.7 22 -1.5 49.1 1.5
2 1.9 39.8
323.2 13.5 -30.6 -2.5 -3.1 1.9
1502.8 14.9 20.4 -3.8 1.3 -2.4
2180.3 60.1 85.2 8.5 88.8 3.2
2.1 1.3 35.3
325 13.9 -29.6 -2.4 -3.1 1.8
1506.9 16.2 21.8 -4.2 -0.7 -3.4
2217.2 55.7 98.3 2.5 88.2 -0.2
2 1.6 24.7
325.4 14.6 -29.8 -2.3 -2.8 1.5
1512.3 18.6 23.6 -4.7 -3 -4.2
2266.3 59 120.8 -5 87.4 -8.6
2.1 2.4 16.5
324.1 15 -30.8 -2.3 -2.1 1.1
1518.4 22 24.8 -6 -6.4 -5.5
2321.6 66.2 139.3 -24.9 75 -33.4
2.4 3.7 10.5
323.5 15.6 -30.5 -1.7 -1.2 0.6
1523.8 25.7 26 -6.9 -9.3 -6.7
2362.7 65.5 129.8 -48.7 54.1 -38.7
2.9 4.6 12.3
323.1 16 -28.4 -0.6 0.4 0.7
1528.6 29.4 27.3 -5.5 -10.2 -7.7
2398.9 69.7 95.5 -59.3 38.9 -44.7
3.8 5.2 24.5
319.5 16.3 -28.2 -0.1 2.6 -0.6
1533.3 30.5 26.8 -7.2 -14.3 -8.6
2440.9 53.7 81.6 -76.7 23.4 -22.5
4.8 5.9 23.7
316 17.3 -25.4 1.4 6 -1.1
1537.8 32.3 28.5 -5.7 -14.4 -8.5
2477.5 39.8 45.6 -71.8 28.3 -6
6.4 6.2 23.9
308.4 19.4 -21.9 1.9 11.3 -2.7
1542.4 32.4 28.4 -5.7 -16.5 -9
2515.5 20.7 8.3 -54.7 34.1 9.1
8.7 6.1 21.7
295.9 23.7 -16 -0.5 18.6 -6.2
1546.5 30.6 26.1 -7.4 -20.2 -10.2
2537.9 2.8 -9.2 -28.6 24.5 9.6
12.6 6.5 13.8
275.6 35.9 -7.1 -5.8 34.2 -11.6
1550.8 30.8 27.8 -5 -19.8 -9.4
2547.8 -7.1 -15.5 -12.6 12.5 2.2
197.5 143.8 24.7
388.7 -142.4 10.2 170.6 -198.7 134.4
1654.2 -112 21.5 130.5 -200.1 94.5
2566.6 -32.9 -14.4 10.7 -18.5 22.8
186.2 129.5 110.3
505.2 -303.4 -24.7 361.2 -361.1 130.3
1751.5 -230.5 -23.4 267.8 -300 83.6
2627.6 -123 11.3 59.5 -107.3 117.3
winner is: 1
