Regression analysis information for: KLH063a_0694
number of formants: 3
number of coeccicients: 5
4.9 54.1 72.9
317.5 -16.3 -17.4 -0.7 -2.4 5.9
1097.6 52.5 88.7 108.6 5 -32.4
1921.7 -68.4 -35.6 85.5 -121.3 1.1
5.2 51.9 70.6
320.7 -15.7 -20.8 -1.5 0.1 6.1
1150.6 66.6 36.6 116.3 53.7 -30.4
1931.3 -68.3 -31.6 78.1 -125.6 9.5
5.4 58.8 105.2
323.8 -16.2 -22.6 -1.4 0.8 5.5
1204.6 81.8 2.8 124.6 90.5 -25.2
2045.5 -112.7 -179.4 138.8 -48.7 4.4
5.3 55.3 62
326.7 -16.6 -24.3 -1.8 1.6 4.9
1240.9 92.3 -7.5 126 98 -37
2119.8 -118.8 -292.2 145 51 -10.1
5.9 48.5 74.1
328.1 -15.9 -24 -3 2.1 4.3
1273.9 126.4 16.6 127.5 98.9 -56.5
2137.8 -121.3 -297.7 138.7 69.5 11.6
6.6 42.5 78.2
329.5 -15.3 -23.6 -5.3 3.1 5.1
1307.9 168.6 44.6 109.1 105.5 -65.2
2149.7 -125.8 -265.5 155.1 92.7 26
6.2 49.9 105.4
329.1 -15 -19.8 -7.1 0.5 4.1
1328.8 204.5 87.3 73.8 67.7 -105.2
2167.4 -95.5 -122.1 233.7 135.3 -0.1
6.6 54.5 114.1
330.3 -14.5 -18.3 -9 -1 4.7
1346.5 221.2 101.5 30.9 35 -106.4
2311.9 102.6 71.4 298.7 164.2 -73.6
6.8 47.4 109.8
330.8 -15.1 -17.6 -10.2 -2.3 5.3
1355.8 223.2 113.2 11.2 14.2 -100.2
2296.4 11.4 88.1 284.8 239.8 -18.8
7.2 76.5 95.3
332.5 -15.4 -17.8 -12.3 -3.7 6
1406.5 253.5 82 -62.6 -30.2 -85.4
2324.1 31.5 114.3 295.4 227.6 -58
7.2 82.7 113.3
333.6 -15.1 -18.8 -13 -4.9 7.2
1458.2 288.7 23.1 -149 -76.4 -33.7
2490 168.8 -49 -0.5 88.3 18.9
7.3 83.6 81.1
334.6 -15.3 -19.5 -13.4 -6 8.2
1463.5 283.4 19.5 -135.7 -83.5 -27.9
2544.3 240.9 -37.6 8.9 83.9 23.9
7.2 81.9 84.1
334.1 -15.4 -18.5 -13.8 -5.8 7.3
1460 287.6 28.4 -149.4 -77.5 -26.9
2563 266.7 -27 -15.2 74.5 9.5
7.8 82.7 79.2
334.5 -15.6 -18.8 -15.1 -6.4 7
1463.7 285.5 33.2 -148.1 -73.3 -28.5
2564.3 259 -22.9 -24.4 73.2 5.1
8.1 74.1 70.6
335.2 -16 -18.8 -16 -6.3 7.6
1469.8 286.7 33.5 -157.4 -64.5 -20.2
2573.3 258.9 -22.6 -37.7 71.5 10.8
8.9 71 67.7
335.5 -17.8 -18.8 -16.5 -7.3 7.7
1479.2 279.6 41.3 -161.6 -62.8 -15.9
2590.1 250 -12.2 -53.7 70.3 13.8
9.5 65.7 59.1
336.5 -19.6 -19.2 -17 -7.4 7.7
1494.4 275 35.3 -160.9 -59 -9.1
2607.9 250.8 -15.5 -59.8 64.3 22
10.5 61.6 60.6
336.9 -22.2 -19.1 -16.1 -8 8.2
1508.8 260.4 37.8 -162.1 -61 -0.6
2624.4 233 -7.5 -64.5 69.4 34.1
11.5 59.3 99.4
337.1 -24.8 -17.5 -14 -8.3 9
1519 237 50 -158.5 -71.8 9
2584.7 152.3 42.8 38.1 146.7 44.1
13 54.8 77.7
337.8 -27.5 -17.8 -14 -10.6 9.8
1536.5 201.6 67.3 -150.4 -86.3 27.5
2614.5 120.7 60.7 20.7 127.4 66
winner is: 4
