Regression analysis information for: KLH063a_1307
number of formants: 3
number of coeccicients: 5
3.4 47.4 10273.9
359.4 -77.9 -32.3 -4.8 9.7 1.4
872.6 -2 15.9 -3.3 44.6 10
1842.5 116.5 -340.9 -241.8 257.4 181.6
17.9 54.3 10309.3
351.1 -79.2 -22.9 -18.2 -2.5 11
877.5 -10.7 30 -10 39.8 12.1
1907.1 9.5 -272.9 -231.1 182.3 252.5
42.7 57.8 10358.5
378.8 -44.1 3.8 29.9 44.1 34.8
925 6.2 34.3 51.3 98.4 -3.5
2050.3 -21.2 -219.2 -144.2 324.8 192.9
60.8 56.5 337.3
399.6 -4.2 43 66 77 64
940 39.1 70 74.1 116.8 18.7
2190 -64.3 -105.8 -58.9 266.2 382.6
27.4 52.4 240.1
426.7 45.6 82.7 92.1 83.6 54.2
952.6 36.7 65.5 87.6 109.2 -7.8
2419.7 -112.7 -112.6 433.1 -14.2 152.6
10.7 39.8 107.8
438.2 62.2 88.6 85.8 65.5 31.2
1001.6 92.6 110.2 92.4 83.6 -59.2
2736.5 -74.7 -75.7 67.3 77.3 104.9
5.5 39.6 25.8
446.1 74.1 92 78.8 52.3 18.1
1017.3 105.3 124.7 80.7 72.1 -74.4
2771.6 -32.4 -52.8 28.6 29.6 18.9
5.5 39 22.6
448 79 94.5 78.4 51 15.6
1014.7 116 127.3 76.1 72.4 -79.7
2781 -35.3 -53.5 35.6 24.1 19.4
6 37.6 19
446.8 80.2 96.9 80.9 54 18.9
1000.9 126.5 131.5 73.2 67 -71.1
2796.8 -42 -59.2 43.7 26.9 10.1
10.3 38.3 38.6
444.5 80 102.7 90.9 67.1 32.1
973.8 106.6 118.9 56.3 50.8 -66.1
2782.7 -15.7 -35 -2.4 56.8 36.1
8.9 31.2 38.9
367.8 -65.1 -25 -9.8 -5.7 -12.4
933.8 41.9 65.1 19.2 28.2 -66.3
2785 -21 -32.4 1.7 51.9 39.7
2.7 20.1 23.9
372.1 -56.5 -14.8 1.9 7.1 0.6
927.6 33.4 60.3 22.8 33.3 -51.1
2789.4 -45.9 -54.9 20.6 40 22.5
3 17 12.9
373.1 -55.2 -13 4.2 9.3 3.2
929.3 30 59.9 25.4 34.7 -47.6
2789.6 -70.8 -84 37 46.3 9.1
3.2 16.6 12.1
374.1 -54.6 -12.6 4.7 9.5 3.8
932.6 28.5 59.6 27.8 34.4 -48
2790.7 -75.6 -92.3 37.7 47.4 7.7
3.2 17.1 11.7
374.9 -54.5 -12.7 4.8 8.8 4.1
935.8 26.6 58.9 31.6 32.5 -48.6
2791.1 -75 -94 36.1 42.7 16.7
2.9 18.1 12.4
375 -55.8 -13.7 2.8 6.7 3.3
937 21.3 63.1 29.8 31.4 -49
2800.2 -69.9 -86.5 32.9 39.2 17.1
2.1 20.8 12.3
374.5 -59.4 -17.5 -1.3 3 1.2
939.4 11.5 62 30.6 33.9 -52.2
2812.4 -62.6 -77.4 28.7 34.2 16.7
2.2 23.7 11.8
371.9 -67.4 -25.6 -9.3 -3.9 -3.6
939 -3.2 59.4 32.1 39.6 -54.8
2826.7 -53.8 -68.7 25.1 30.5 12.4
13.1 27.7 11.5
357.6 -98.4 -55.9 -37.3 -28.1 -22.3
934 -26 53.1 34 48.4 -55.5
2842.7 -42.8 -59.8 23.5 28.4 7.4
63.5 144.9 76.5
437.5 53.8 92.4 97.9 96 82.4
1125.4 334.8 419.6 374.1 361.1 190.3
2948.9 145.1 118.9 176 162.6 111.9
winner is: 14
