Regression analysis information for: KLH063a_5347
number of formants: 3
number of coeccicients: 5
3.4 7.8 62.5
610.5 2.2 -2.5 -8.1 -1 1.9
1235.5 -135.8 3.9 -27.3 -22.7 -29.5
2215.6 16 89.9 -51.3 -137.2 -74.6
3.1 5.7 36.4
615.6 7.9 0.2 -7.5 0.9 1.8
1244.1 -123.8 2.3 -22.3 -26 -35.4
2284.2 106.9 124.4 -29.8 -134.7 -81.3
3.7 6.8 24.7
620 13 1.3 -6.2 1.1 3.6
1251.1 -128.1 -2.7 -24.1 -26 -38.4
2319.7 123.6 96.8 -43.2 -122 -48.3
2.8 5.3 24.6
624.6 16.3 3.5 -6.1 4.3 4.8
1258 -118.5 -3.4 -18.6 -27.5 -40.6
2352.3 144.6 84.6 -51.6 -113.3 -19.7
3.4 6.5 34.8
629 20.4 5.4 -3.6 5.7 7.7
1263.2 -126.8 -9.8 -20 -27.2 -43.4
2380.8 148.6 54.9 -60.1 -102.2 -1.3
3 5.3 28.7
630.5 17.6 4.6 -4.9 8 7.6
1268.1 -122.3 -11.3 -11.7 -26.8 -44.4
2398.6 149.1 48.8 -53.6 -100.8 -0.6
3.1 5.1 17
632 15.6 5 -3.5 11.6 10
1270.5 -127.7 -15.2 -5.8 -22 -43.6
2410.3 141.6 42.3 -36.3 -86.7 -6
2.7 7 22.8
633.6 10.3 1 -6.9 12.7 12
1274.9 -134.2 -23.4 -3.2 -20.1 -42.3
2441.4 138.3 -1.3 -64.4 -86.4 9.2
3 7.3 16.9
637 7.5 0.5 -6.7 17.3 16
1279.3 -141.1 -29.9 2.4 -15.4 -40.8
2463.7 127.4 -24.3 -61.7 -69.7 15.7
4 7 14.4
642.6 7.1 1.2 -6.6 22.1 20.5
1285.6 -144.6 -36.9 7.2 -12.8 -40.9
2486.3 119.1 -39.2 -49.4 -44.5 22.9
6.1 7.1 11.8
649.4 8.8 2.3 -4.9 27.5 26.2
1291.8 -147.4 -46.4 11.5 -12.4 -43.1
2508.2 110.4 -47.5 -32.6 -19.2 27.3
10.2 8 10.7
656.1 14 1.6 0.6 30.2 36.1
1298 -149.6 -59.1 17.2 -14.7 -45.2
2530.4 101.2 -50.5 -17.1 -4.6 30.9
25.4 10.4 11.9
655.3 39.5 -14.2 25 18.2 62
1302.6 -150.5 -75 24 -20.6 -48.2
2554 95.5 -48.5 -4.2 1.7 33.3
54.3 87.1 48
748.6 -124.9 148.9 -119 150.6 -42.9
1414 -372 112 -160.2 127.4 -188.6
2644.1 -48.3 85.2 -116.9 103.3 -54.4
51.3 83.3 35.6
756.2 -116.5 151.9 -110.4 149.2 -33.1
1411.6 -361.9 89.7 -146.1 112.2 -189.5
2660.8 -43.1 83.6 -100.4 91.8 -45.9
64.6 81.3 21.6
751.6 -100.7 136 -103.4 144.5 -38
1409.3 -346 66.6 -126.9 98 -188
2674.8 -49.3 76.5 -90.1 76.2 -37
32.1 57.5 13.3
788.8 -155.8 179.9 -120.1 134.5 -1.7
1446 -401.8 102.7 -137.4 82.2 -154.6
2688.4 -55.8 76 -82.1 61.5 -29.9
24.2 59.9 9.2
800.2 -158.1 189.5 -115.5 126.1 10.8
1444 -396.2 92.4 -134.5 73.4 -162.5
2699.8 -56.7 81.7 -76.6 49.5 -23
31.5 65.2 7.6
821 -166.2 207.7 -107.8 114.8 33.8
1448.3 -406.9 82.9 -135.6 62.6 -171.5
2714.7 -59.3 85.7 -68.7 41.8 -20.5
30.8 44 7.2
828.7 -157.7 215.3 -102.1 113 33.1
1470.9 -449 96.8 -138.5 37.1 -145.3
2725.8 -59.1 93.4 -62.5 38.1 -20.5
winner is: 11
