Regression analysis information for: KLH063a_3038
number of formants: 3
number of coeccicients: 5
7.4 23.4 57.7
306 -4 -42.7 -10 -11.2 -1.3
1946.7 176.5 -38.3 11.2 -76.9 -3
2339 -46 -32.1 63.3 -30.8 44.5
7.4 23.6 44.8
305.1 -2.2 -40.5 -12 -12.6 -1.3
1949.9 173.7 -41.6 17.2 -66.4 6.1
2335.5 -18.3 -47.4 68.7 -16.2 23.4
7 22.4 50.3
300.5 -3.4 -35.6 -11.4 -13 -2
1969.5 189.3 -50.5 3.1 -70.5 14.1
2360.4 -33 -27.6 79.7 -16.1 40.9
6.9 16.2 69.4
290.5 -8.1 -25.3 -9.6 -16.2 -1.8
1995.8 206.8 -72.2 -15.7 -67.9 22
2394.8 -16.5 -13.5 82.6 -28.2 28.6
4.7 41.9 72.2
283 -10.1 -17.3 -9.1 -15.6 -0.2
1972.5 134.8 -155.3 -73.7 -121.2 -33.2
2441.4 11 -43.7 42.4 -71.1 17.4
4.6 70.5 112.8
277.9 -11.9 -11.2 -8.7 -17.5 1.4
1945.2 99.9 -142.1 -69.1 -178.7 -77.1
2443.5 2.8 -59.8 -40.6 -182.8 7
4.4 149.5 94.3
276.5 -13.2 -10 -7.7 -16.7 2.3
1801.7 6.8 58.6 148.2 -156 -205.8
2368 9.3 89.7 -22.6 -206.8 -42.9
4.6 110.6 98.1
276 -14 -9.9 -7.2 -16.1 3.1
1840.9 34.7 16.3 78.8 -152 -139.3
2367 -9.5 71.8 -76.5 -222.6 -58.1
4.9 127.9 102.3
276.1 -14 -10.3 -6.9 -15.7 3.9
1900.8 61.1 -44.6 69.3 -61.2 -48.6
2365 -69.5 22.6 -119.4 -217.5 -1.4
5.2 28.8 91.3
276.3 -13.5 -10.9 -6.5 -15.7 4.5
2045 184.4 -131.5 -4.4 -12.7 8.2
2475 -20.2 -60.4 -169.7 -136.3 117.9
5.6 13.9 73.3
276.5 -12.7 -11.8 -6.1 -16 5.2
2051.6 199.2 -108.1 -2 -21 -2.5
2631.3 116.1 -18.3 -9.4 -4.9 29.6
6 11.6 27.7
276.8 -11.7 -12.9 -5.3 -16.5 5.8
2049.1 194.9 -103.4 -3.5 -23.8 -1.9
2669.8 161.1 30.9 24.4 3.6 6.4
6.6 10.5 25.4
276.6 -10.4 -14.4 -4.1 -17.4 6.8
2050.1 191.5 -101.6 -4 -22.8 -2.7
2683.3 145.1 27.4 18.7 11.4 -2.1
7.6 10.3 23.2
275.9 -9 -16 -2.3 -18.7 8.4
2053.6 189 -100.8 -3.8 -22.1 -3.4
2704.3 137.4 30.3 9.5 9.6 -10.9
9 9.6 29.9
274.2 -7.4 -17.3 0.8 -20.8 9.9
2058.3 188.2 -101.6 -6.2 -21.1 -2.2
2725.5 134.3 35.6 -10.5 2.7 -14.8
11.7 8.8 37.6
272.4 -4.5 -20.3 4.1 -24 12.9
2060 187.1 -101.5 -7.4 -21 -3.2
2733.5 127.9 48.6 -20 4.5 -25.3
106.3 82.9 65.7
315.3 -94.6 66.1 -85.4 62.4 -77.2
2093.9 116.6 -35.5 -76.3 41.2 -71.4
2741.4 79.7 92.3 -36.1 27.3 -59.2
106.8 96.3 52
314.9 -94.1 65.6 -84.7 61.9 -76.9
2099.5 101.6 -22.8 -87.7 47.9 -82
2729.5 53.8 114.9 -10.6 22.6 -72
107.4 93.3 64.5
314.3 -92.7 64.2 -83.4 60.8 -75.9
2100.4 97.6 -21.9 -85.9 43.7 -79.6
2746.4 16 137.2 -28.9 34.2 -85.2
107.9 91.8 80.1
313.2 -90.4 62.1 -81.6 59.2 -74.6
2103.1 93.1 -19.9 -85.2 42.1 -76.7
2772.3 -8.1 151.8 -56 38.6 -88.1
winner is: 14
