Regression analysis information for: KLH063a_2946
number of formants: 3
number of coeccicients: 5
12.2 189.2 245.1
558 -93.7 -7.6 4.4 -1.9 -4.6
1238.9 -175.1 29.1 47.2 21.4 38.5
1807.6 -24.2 150.6 9.1 197 13.8
12.4 8 77
561.1 -91.8 -8.4 3.1 -3.1 -3.8
1411.6 42.6 27 -14.3 12.7 0.2
2149.4 250.4 27.7 -143.1 124.8 -36.3
12.5 7.6 50.7
563.1 -91.2 -9.4 2.8 -3.9 -3.6
1412.7 42.4 26.3 -14.1 12.2 -0.6
2235.5 137.3 18.5 -91.6 117.8 -79
12.7 7.4 63.1
564.1 -91.1 -10.2 3.9 -4.2 -3.2
1413.6 42.5 25.2 -13.2 11.5 -0.9
2283 94.9 -38.9 4.7 56.5 -92.4
12.8 7.2 42
564.4 -92.1 -10.5 4.9 -5 -2.6
1414.3 42.5 24.6 -12.2 10.6 -0.6
2320.2 40.1 -6.6 5.3 23.8 -48.6
12.8 7 18.8
563.9 -93.8 -10.5 6.1 -5.3 -2.2
1414.4 42.4 24.1 -11 10 0.2
2350.4 -3.3 25 -6.5 13.6 -20
12.4 7.1 8.4
563 -96.8 -10.2 7.4 -5.7 -1.5
1414.3 40.7 24.1 -9.6 10 1.6
2360.3 -14.2 34.6 -8.4 12.7 -7.7
12.1 7.3 7.7
562.2 -99.2 -10.6 7.8 -6.2 -1.4
1413.6 38.4 23.5 -8.9 10.4 2.7
2360.7 -13.2 35.1 -4.8 18.2 -4.3
11.4 7.4 8.4
560.7 -101.3 -9.7 9.1 -7.2 -1.7
1411.2 35.3 23 -7.1 10.5 4.3
2355.4 -20.7 35.9 3.7 27 -0.2
11.4 7 9.4
560.7 -102.2 -9.6 9.3 -7.3 -1.7
1410.8 33.3 22.7 -6.7 11.2 4.9
2352.5 -26.6 34.7 6.3 31.1 4.1
11 7.1 11.8
559.4 -103 -8.4 10 -7.6 -2.5
1408.6 31.1 23.8 -5 11.7 4.8
2338.9 -39 45.9 20.2 33.5 -0.1
11 6.9 16.6
559.2 -103 -8 10.4 -8.2 -2.9
1407.7 31.1 24.8 -4.4 9.8 4.1
2330 -40.9 62.8 24.1 15.9 -9.7
10.9 6.5 17.8
559.4 -102.8 -8.5 10 -8.2 -3.1
1408.6 32 23.7 -5.1 9.2 3.1
2336.5 -35.5 56.4 17.4 13.5 -12
10.8 6.2 19.3
559.8 -102 -9.1 9.5 -8.2 -3.3
1409.8 34.4 22.5 -6.7 8 2.5
2345.8 -23.2 47.1 3.2 11.1 -12.2
10.8 5.7 21.5
560.7 -101.4 -10 8.8 -8.7 -3.6
1412.6 36.8 20.8 -8.9 6.2 0.5
2363.7 -8.7 32.2 -12.1 4 -17
10.8 5.3 27
562.2 -100.7 -11.1 7.7 -9.8 -3.7
1416.7 39.6 18.6 -12.4 2.9 -1.8
2389.8 10.9 11.7 -38 -14.2 -23.6
10.8 5.5 40.9
563.9 -99.2 -12.6 5.8 -11.2 -4
1421.1 44.5 16.3 -17.2 -1.4 -4.7
2426.1 49.2 -12.3 -85.7 -51.2 -36.9
11.1 5.8 74.1
566.4 -97.8 -13.9 3.5 -13.1 -4
1427.1 48.6 14.8 -23 -5.7 -7.3
2489.7 114.6 -44.1 -171.8 -127 -62.2
11.7 6.4 81.8
569.4 -96 -15.5 0.8 -15.5 -3.9
1433.3 52.8 13.9 -28.2 -9.8 -10
2533.9 150.1 -73.9 -221.2 -148.1 -45.7
12.6 6.8 78.2
572.8 -94.3 -17.2 -2.4 -17.9 -3.5
1439.9 56 13.9 -33.3 -12.6 -12.6
2566.6 169.2 -95.5 -245 -144 -25.4
winner is: 8
