Regression analysis information for: KLH063a_1312
number of formants: 3
number of coeccicients: 5
13.6 6.3 14.5
582.2 5.8 -78.9 15.6 -39.8 -10.1
1297.5 137.2 -68.7 25.5 20.5 18.9
2478.8 -89.8 -36.4 15.9 2 5.7
13.1 7.2 8.2
579.8 0.1 -85.8 15.2 -39.9 -8.6
1298.7 137.6 -69.1 25.6 19.2 21
2481.5 -74.5 -25.4 20.8 0.4 7.7
14.2 8.6 11.5
575.6 -7.6 -91.2 14.6 -40.5 -9.6
1299.9 137 -70.6 25.6 18.9 22.2
2487 -57.3 -17.5 25.5 8.6 12.5
14.1 10.1 14.5
568.5 -16.5 -96.6 15.4 -39.1 -7.6
1299.7 136.6 -73.9 26 18.1 22.9
2496.5 -47.2 -11 27.4 13.3 14.3
11.4 10 22.9
547.2 -30.7 -103.6 19.5 -31.2 3.1
1291.7 139.2 -82.9 27 16.8 22.7
2512.7 -58.1 -15.4 16.4 1.2 0.5
11.7 10.3 34
527.2 -38 -83.2 28.2 -38.6 -2.7
1283 136.5 -79.8 27.2 14.9 18.9
2511.4 -65 -58.3 2.6 -11.8 -13
10.9 9.4 37.3
511 -47.2 -67.5 35 -42.3 -6.6
1272.5 130.5 -70.7 28.7 12.5 15.9
2521.8 -76.8 -75.6 -10.3 -16.9 -17.7
11.4 8.7 35.8
502.2 -51.5 -56.7 36.3 -42.4 -7.7
1261.7 125 -56.1 30.9 10.2 13.7
2539.1 -87.6 -85.9 -15.6 -11.1 -12.7
12 8 32.6
499.3 -55.2 -51.2 36.7 -41.5 -7.4
1255.7 119.9 -45.6 34.4 10.1 13.3
2544.4 -82.7 -91.6 -12.7 -2 -10
12.5 7.9 28.6
498.3 -56.6 -47.1 35.7 -39.5 -8.1
1253.2 119.1 -37.8 36.2 12.4 13
2541 -77.7 -60.9 7.5 -4.9 -9.3
12.8 9.1 18
498.3 -59.1 -44.2 34 -37.6 -6.8
1252.6 117.7 -34.2 37 16 15.5
2530.6 -89.4 -45.6 24.4 6.2 1.9
13.3 10.4 13.6
499.6 -60.4 -42.8 33 -35.3 -6.3
1254.5 119.1 -33.2 38.5 20.9 17.9
2540.6 -77.1 -31.5 44.7 37.2 21.1
13.2 11.2 12.2
501.7 -61 -42.8 33 -34.8 -5.5
1258.3 121.4 -34.4 39.9 23.1 19.8
2553.2 -62.7 -28.5 45.3 46.6 26.4
13.3 11.6 12.8
503.6 -61 -44 32.3 -34.4 -4.9
1261.9 123.8 -37.2 39.1 24.8 21.8
2561.8 -55 -34.7 35.5 46.4 29.3
13.5 12.5 14.9
506.8 -61.7 -44.4 32 -33.6 -4.7
1267.3 127.2 -39.4 40.3 27.1 23
2573.9 -45.1 -37.3 27.4 40.2 22.2
13.5 13 14.5
509.7 -61.7 -46 31.4 -32.7 -4.2
1272.5 130.5 -43.2 40 29.4 25.2
2583.8 -37.7 -44.6 16.8 34.9 19.5
13.4 12.1 11.2
513.1 -62.5 -47.3 30.2 -34 -2.6
1277.2 132.8 -47.5 37.5 27.9 26.4
2594.4 -32 -50.2 5.1 23.9 17.9
14 12.1 10
516.9 -62.3 -47.1 27.9 -33.7 -1.1
1282.7 139.7 -49 36.7 28.5 30.2
2601.6 -28 -52.7 -4.1 18.9 17.5
14.9 12.4 9.3
521.7 -63.3 -48.3 26.8 -35 -0.2
1288.2 145.6 -53.2 37.2 26.9 31.8
2609.2 -28.9 -56.6 -5.9 15.9 17.2
16.5 12.1 9.3
527.4 -66.6 -48.8 25.3 -36.5 1.7
1291.1 151.7 -61.2 38.4 23.3 33.7
2616.5 -32.6 -59.3 -6.4 13.5 17.9
winner is: 2
