Regression analysis information for: KLH063c_0470
number of formants: 3
number of coeccicients: 5
6.9 9 133.1
751.2 48.9 -31.3 21.3 -6.9 0.2
1231.1 -100 43.4 -16.8 16.7 -3.5
2256.5 267.9 -171.9 9.8 102.7 -154.6
7.1 8.8 71.3
748.8 48 -30 21.1 -7.2 1.9
1230.3 -101.2 43.7 -16.5 16.7 -3.4
2238.9 325.9 -214.8 45.2 53.2 -85
7.2 8.3 67.5
747.1 45.8 -29.2 20 -8.2 2
1229.3 -102.8 43.3 -17 16 -3.9
2292.5 254 -180.2 57.1 23 -66.8
6.5 7.7 71
745.4 44 -28.8 18.5 -8.1 2
1228.3 -104.3 43 -17.4 15.9 -4.3
2342.2 172.3 -121.4 35.9 21.8 -62.6
6.2 7.3 74.1
744.4 42.2 -28.4 17.1 -8.2 2.2
1227.7 -105.7 43 -17.9 15.6 -4.5
2399.4 64.6 -49.4 21.1 11.9 -45.1
6.1 6.9 51.6
743.2 40.1 -29.2 15 -8.9 3.1
1227 -107.3 42.2 -19 15.1 -4.5
2415.9 22.1 -26 27.2 -3.3 -11.8
6.2 6.6 34.1
743.2 39.7 -29.2 14.2 -9.4 3.9
1227.2 -107.6 42.1 -19.4 14.8 -4.2
2426.9 -6.7 -7.3 18.1 -5.7 5.7
6.4 6.4 20.2
743.3 40 -29.7 12.9 -8.5 3.5
1227.3 -107.4 41.9 -20.1 15.1 -4.2
2440.3 -31.4 6.8 2.2 1.1 9.4
6.7 6.3 18.5
744.6 40.3 -29.9 12.4 -8.1 3.3
1228.1 -107.1 42 -20.6 15.1 -4.2
2447.4 -29 3.2 -5.4 -0.1 10.7
7.2 6.2 18.4
746.2 41.2 -30.5 12.2 -7.9 2.9
1229 -106.5 42 -21.1 14.9 -4.1
2456.8 -20.8 -3.7 -11.8 -1.7 8.2
7.6 6.4 17.8
748.6 42.1 -31.1 12.2 -7.4 2.4
1230.2 -105.7 42.1 -21.4 15 -4
2468.9 -9.7 -10.1 -16.5 -1.6 6.4
7.7 6.7 16.8
750.8 43.5 -32.2 12.4 -6.7 1.6
1231.2 -104.7 42 -21.7 15 -4
2480.1 -0.5 -16.2 -20.1 -1.3 4.3
8.1 6.9 15.9
752.9 45.4 -33 12.5 -6.4 1.3
1232.2 -103.5 41.9 -21.9 14.8 -3.9
2490.4 9.8 -19.4 -23.9 -1.2 3.7
8.3 6.9 13.9
755.3 48 -34.7 12.9 -6.1 0.9
1233.1 -101.9 41.2 -22 14.4 -3.7
2502.1 20.5 -24.4 -27 -0.9 1.8
8.3 7.3 12.6
758.4 50 -36 13.9 -5.4 -0.2
1234.1 -100.7 41 -22.1 14.3 -3.7
2513.2 30.2 -28.3 -26.2 0.7 -1
8.6 7.5 11.9
761 52 -37.5 14.6 -4.4 -1.1
1235 -99.7 40.8 -22.3 14.4 -3.6
2522 38.3 -32.2 -25.7 3.7 -2.3
8.8 7.6 10.4
764.1 52.7 -39.3 15.9 -3.1 -2.5
1235.8 -99.7 40.9 -22.3 14.6 -3.6
2529.5 41.9 -36.6 -22.7 7.5 -5.3
8.6 8 9.3
768.2 54.2 -42 17.6 -1.1 -2.7
1236.9 -98.9 41.1 -22.4 14.6 -3
2540.6 49.4 -41.8 -20.1 13.1 -3.3
8.7 8.5 9.5
773.1 56.6 -44.4 19.1 1 -3.4
1237.9 -98.3 41.4 -22.8 14.6 -2.6
2552.7 59.2 -44.6 -18 17.7 -2.8
9 9 10.7
778.7 60.5 -46 21.1 3.8 -3.3
1238.8 -97.7 41.9 -23.3 14.4 -2.1
2565.7 72.3 -43.9 -14.4 23.6 -0.6
winner is: 18
