Regression analysis information for: KLH063c_0605
number of formants: 3
number of coeccicients: 5
15.2 43.1 147.6
573.4 22.5 -44.7 -11.6 -14.4 -14
1217.8 140.9 43 24.3 -54.7 -15.9
1810.7 493.4 299.6 -162.5 -136.8 -42.8
5.3 14.9 104.7
581 23.7 -53.7 -16.1 -9.1 -5.1
1256.5 145.3 -21.2 10 -6.9 6.2
2098.4 406.3 -75.6 -191.9 241 -72.6
5.6 14.8 137.3
583.1 20.1 -55.1 -14.6 -9.2 -5.3
1257.8 143.6 -20.9 9.6 -5.3 4
2258.2 202.6 -104.6 -37.2 153.5 -142.3
5.4 15.9 20.7
583.8 17.4 -56.5 -13.2 -10.1 -4.3
1261.1 138.6 -20.1 12.3 -9.6 9.1
2414.1 -43 7.4 13.1 3.2 26.8
5.5 16.7 19.6
582.9 14.9 -57.7 -12.7 -10.7 -3.1
1261.3 137 -20.9 13.6 -10.7 10.7
2415.2 -37 6.6 11.8 4 22.2
5.4 17 19.4
581.9 13.4 -57.3 -13.6 -11.5 -2
1261.3 135.3 -20.6 13.3 -11.4 11.8
2417.5 -35.8 4.6 13.8 4.5 20.6
5.1 16.9 19.9
580.1 12.8 -56.8 -14.7 -12.3 -1.8
1259.8 134.6 -20.6 12.3 -11.9 11.8
2420.7 -37.9 3.3 15.5 4.5 21.6
4.8 16.6 20.6
578.3 13.1 -55.8 -16 -12.1 -1.6
1257.8 135.2 -19.8 10.9 -11.3 11.7
2422.7 -42.3 1.7 17.3 4.1 22.8
4.7 16.3 21.1
577 14 -55.1 -16.7 -12.3 -1.5
1255.8 136.8 -19.4 9.9 -11.3 11.3
2423.6 -45.4 0.4 17.5 3.4 23.5
4.4 15.3 21.6
575.9 15.2 -54.5 -17.4 -12.2 -1.9
1253.5 139.4 -19.1 8.8 -10.6 10
2423.4 -46.2 0 16.6 2.6 23.8
4.3 14.7 21.1
575.4 15.7 -54.2 -17.8 -12.2 -2.1
1252.6 141 -18.7 8 -10.1 9.1
2422.6 -44.1 0.7 14.8 2.7 22.9
4.3 14.3 20.5
575.2 16.5 -54.1 -17.8 -12.3 -2.3
1251.8 143.1 -19 8.1 -10 8.5
2421 -37.5 -0.2 14.1 2.3 21
4.2 13.9 18.8
575.5 16.9 -53.7 -17.9 -12.3 -2.5
1252.1 143.7 -18.3 7.9 -9.9 8.1
2422 -33.1 1.5 11.8 1.7 19.4
4.2 13.8 18.7
575.8 17.2 -53.4 -17.9 -12.3 -2.8
1252.7 143.9 -17.7 8 -10 7.8
2423.3 -30.5 3.4 11.6 0.6 17.6
4.2 13.8 18.7
576.4 17.7 -53.2 -17.5 -12.5 -2.9
1253.6 144.5 -17.5 8.6 -10.4 7.7
2426.9 -26 3.8 12.7 -3.2 16.7
4.2 13.7 19
577.3 18 -52.9 -17.6 -12.6 -3.3
1255.1 144.5 -16.9 8.5 -10.6 7.4
2433 -24 5.8 10.6 -6.4 14.9
4.3 13.7 19.5
578.6 17.9 -52.6 -17.7 -12.7 -3.7
1257.2 143.8 -16.2 8.6 -10.8 7.4
2442 -25.2 7.6 9.2 -10 14.3
4.3 13.9 20.8
580.1 17.9 -52.4 -17.5 -12.3 -4
1259.7 143.3 -15.9 8.9 -10.4 7.5
2452.8 -26.5 8.7 8.3 -10.7 15.1
4.4 14.1 22
581.9 17.9 -52.2 -18 -12.1 -4.4
1262.4 142.9 -15.7 8.7 -10.2 7.6
2464.7 -26.9 8.9 3.7 -12.7 15.6
4.5 14.5 24.2
584.1 17.6 -52.5 -18.3 -11.7 -4.7
1265.5 142.5 -16.3 8.9 -10.1 8.3
2478.9 -28.1 6 0.3 -15.1 17.9
winner is: 14
