Regression analysis information for: KLH063c_1376
number of formants: 3
number of coeccicients: 5
0.6 58.7 116.2
577.4 0.6 -25.5 5 -8.3 -5.9
1185.5 26.7 9 -20.1 -51.4 33.9
2238.1 2.7 122.4 -48.3 -78.5 80.8
1 3.9 3.3
581 -5.2 -26.5 4 -8.4 -6.5
1218.6 12.4 -49.8 10 -7.7 -11.1
2293 -11.8 11.9 16.4 6 -5.5
1.5 4.7 3.6
581.2 -10.3 -28.3 3 -8.1 -7.1
1220.6 7.8 -52.7 8.9 -7.2 -12
2296.6 -7 15.2 16.3 4.9 -6.7
1.9 5.2 3.5
579.9 -11.6 -29.3 1.4 -8.2 -7
1220.1 6 -55 6.7 -7.7 -12
2299.2 -5.5 16.8 15.5 4.9 -7.4
2.4 5.8 3.7
574.8 -9.8 -28.1 -0.5 -6.4 -6.3
1212.9 7.3 -51.9 3.7 -7.6 -10.7
2302.2 -4.3 15.3 11.7 2.6 -8.8
2 5.9 3.8
567.7 -5.4 -28.1 -2.3 -2.1 -7
1200.5 10.6 -48.2 2.2 -2.7 -10
2302.5 -4.5 12 6.9 -0.4 -10.7
2.4 5.2 3.5
565.9 -6.7 -26 -2.5 -0.7 -6
1194.2 5.8 -42.2 5.7 0.5 -8.7
2300 -9.8 9 3.5 -0.7 -10.3
1 4.1 2.4
561.7 -1.4 -29.5 0.4 0.8 -8
1186.2 8.3 -43.1 15.2 4.7 -12.1
2294.2 -8.9 5.6 9.3 3.2 -6.8
1 3.6 3.8
560.5 0.3 -30 2.4 0.9 -7.9
1182.9 7.7 -40.3 21.9 6.5 -13.5
2289.7 -5.8 5.7 19.8 7.6 -2.4
0.8 3.6 5.2
561.1 0.1 -29.2 3.7 1 -8.3
1183.3 6.7 -37.2 25.9 6.7 -16
2291.1 -2.2 11.9 26.7 11.4 -3.2
0.9 3.3 6
562.5 -1.1 -27.6 4.2 1.2 -8.8
1185.1 6.1 -34.3 27.6 6 -17.2
2295.6 0.8 19.9 29.1 14.7 -5.7
1.6 3.3 7.8
564.8 -3.7 -24.7 4.6 1.3 -9.2
1186.4 4.8 -29.7 30.2 4.9 -18.4
2300.4 0.6 31.1 32.2 19.3 -8.5
2.8 3.4 8.7
568 -6.6 -21.7 4.5 1.4 -9.8
1189.7 5.6 -28 30.1 3.2 -19.3
2308.9 4.1 39.8 29.2 19.4 -12.4
3.7 3.5 9
571.1 -9.9 -17.9 3.8 1.5 -9.8
1191.6 7.3 -26.2 29.5 1.7 -19.1
2315.7 6.1 47.7 26.6 20.1 -14.4
5.6 4.5 9.8
576.9 -16.2 -13.1 2.7 1.8 -10.3
1194.8 11.9 -28.3 28.7 1.2 -19.5
2326.4 9.4 55.2 20.2 19.3 -17.9
7.9 6.2 10.2
584.6 -25.8 -6.4 1 1.5 -10.2
1195.3 20.6 -33 26.5 1.6 -21.2
2336.8 12 61.3 12.7 17.4 -21.1
10.3 10 10.1
594.9 -39.2 0.8 0.2 -0.6 -8.8
1192.7 35.6 -42.7 23.3 5.3 -25.9
2346.2 15.5 63.6 4.9 14.5 -23.2
15.8 20.1 10.6
611.7 -62.2 11.8 1.1 -6.7 -3.6
1181.4 66.3 -59.7 15 18.1 -38.1
2356.5 20.5 65 -4.4 11.4 -25.6
14.5 27.9 9.4
626 -79.2 16 8 -18.2 6
1167.9 99.7 -75.9 -1.2 38 -56.9
2364.5 29.4 61.3 -12.5 4.7 -26.5
26.6 31.1 10.2
631.6 -84.3 16.8 3.4 -7.3 -12.3
1152 136.6 -92.8 -13.2 53.7 -64.3
2371.5 36.9 60.4 -18.7 2.6 -27.7
winner is: 8
