Regression analysis information for: KLH063c_0208
number of formants: 3
number of coeccicients: 5
11 6.2 31.7
704.7 -3.8 -38 -35.2 -15.3 -14.7
1027.6 -24.4 -29.7 -13.2 -6.7 -8.3
2158.1 3.6 -8.8 -20.7 -11.8 -4.2
11 6.5 33.2
707.3 -6.7 -36.7 -36.6 -14.6 -15.9
1029.9 -27.2 -28.6 -13.9 -5.9 -9.4
2213 -76.8 26.5 -48 2.4 -21.3
11.2 6.8 27.4
711.2 -9.6 -35.9 -37.7 -14 -16.6
1033.1 -30.6 -27.8 -14 -5.6 -10.1
2297.8 -184.6 68.6 -73.2 10.1 -23.6
11.5 7.5 35.3
716.4 -12 -36.1 -38.2 -13.2 -16.4
1036.7 -34.1 -27.6 -13.3 -5.7 -10.3
2383.6 -260.2 53.1 -41.8 -26.3 9
11.9 8.3 32.1
722.4 -14 -39.2 -38.3 -13.5 -16
1040.6 -37.2 -29 -11.2 -6.9 -9.8
2463 -298.9 -20.8 7.3 -54.7 11
12.8 9.8 40.1
730.1 -14.6 -43.2 -38.5 -12.7 -15.2
1044.9 -40.5 -30.7 -8.9 -7.6 -9.8
2518.1 -270.1 -97.9 -27.6 -15.5 22.5
14.7 11.8 22.7
738.8 -12.1 -49.2 -39.6 -11.2 -14.6
1048.8 -43 -33.1 -6.5 -7.6 -10.7
2572.9 -234.7 -164.1 -75.2 20.9 60.9
15.9 13.3 16.8
747.8 -7.6 -56.8 -42.7 -9.7 -13.2
1051.4 -44.5 -36 -4.2 -7.1 -11.8
2583.8 -217.8 -156.3 -80.8 2.7 45.2
17.7 14.5 12.6
757.4 1.9 -63.4 -46.8 -7.9 -11.5
1052 -45.3 -38.4 -2.7 -5.7 -13.7
2600 -192.9 -147.4 -85.5 -12.1 32.1
19.7 15.8 9.4
769.2 12.6 -67.5 -52 -7.1 -10.6
1051.8 -48.3 -39.6 -1.3 -4.5 -15.2
2616.5 -168.6 -138 -87.7 -22.2 20.5
21.9 16.7 10.8
780.2 26.5 -66.7 -56.4 -8.4 -10.2
1048.5 -52.9 -40.1 -1 -4.8 -14.6
2630.2 -146 -127.1 -86.2 -26.3 14.7
23 17.1 12.5
791.4 42.5 -58.7 -57.7 -13.4 -15.8
1043.4 -61.2 -41.6 -1 -4 -12.9
2642.5 -126.7 -115.5 -83 -28.2 9.8
25.8 18.4 13.7
804.8 63.1 -42.4 -55.2 -19.5 -24.5
1035.8 -75.6 -48.6 -3.5 -2.1 -7.5
2653 -110.6 -101.9 -78.5 -27.8 7.5
25.4 19.2 15.1
813.8 72.3 -33.4 -53.2 -19.8 -26.4
1034.8 -79.3 -50.7 -4.9 -4.4 -11
2663.4 -96.7 -89.6 -73.6 -27.2 4.1
25.2 21 15.9
820.8 74.5 -28.6 -52.7 -17.8 -24.7
1036.7 -76.8 -48.9 -4 -7.8 -16.3
2673.3 -85.6 -78.6 -68.9 -25.5 2
25.1 24.6 16.7
827.1 72.5 -25.2 -52.5 -15.5 -23.5
1038.9 -71.7 -46.5 -1.9 -10.8 -20.7
2682 -77.7 -69.4 -64.1 -23.6 -0.1
24.8 28.4 18
834.2 66.2 -25.3 -56.1 -14.9 -23.2
1039.9 -64.6 -43.9 2.3 -12.3 -24.2
2689.3 -74 -64.6 -62.3 -23.2 -2.8
23.9 33.2 19.6
843.7 56.6 -24.5 -60.7 -14.3 -23.2
1039.1 -54.2 -42.6 8 -13.8 -27.1
2696.7 -71.5 -61.1 -61.5 -23.1 -6
23.6 39.5 21.9
855.7 42.6 -22.8 -65.9 -13.9 -23.3
1034.1 -40.2 -45.4 14.7 -16.3 -29.4
2702.4 -71.8 -60.6 -61.6 -24.4 -9.7
23 45.6 24.5
868.7 32 -26.6 -65.9 -17 -18.3
1027.6 -27.7 -44.4 17 -14.9 -35.7
2708.1 -71.9 -62 -62.2 -26.4 -12.4
winner is: 9
