Regression analysis information for: KLH021c_0377
number of formants: 3
number of coeccicients: 5
4.9 11.6 7.8
380.6 -46.5 -28.4 -1.5 -10.6 -1.4
1698 -74.4 -136.8 -65.3 -48.4 -14
2142 -7.4 -44.5 -26.2 3.5 -2.4
4.8 12 7.7
380.3 -45.1 -28.5 -1.7 -10.8 -2.1
1699 -73 -137.2 -64.9 -49.6 -15.2
2142.9 -8.6 -44.4 -25.5 2.4 -2.1
4.7 11.9 7.6
380.5 -44.1 -28.8 -1.9 -10.6 -2.5
1701 -70.2 -135.4 -62.8 -49.1 -15.3
2143.6 -9.2 -44.2 -24.6 1.6 -1.9
4.6 11.5 7.7
380.9 -43.4 -28.8 -2 -10.6 -2.9
1703.4 -67.5 -133.5 -61 -48.5 -15.5
2144.6 -9.8 -43.8 -23.9 1.1 -1.9
4.3 11.5 8
381.6 -42.9 -29.4 -2.5 -10.4 -2.9
1705.5 -65.1 -131.9 -59.6 -47.7 -16
2145.5 -9.9 -43.4 -22.9 0.9 -2.2
4.1 11 9
381.7 -42.8 -29.2 -2.3 -9.8 -2.9
1708.4 -61.9 -129.2 -57.4 -45.8 -16.3
2146.6 -9.8 -42.9 -22.4 1.3 -3.1
3.6 9.9 10.4
380.7 -44.1 -29 -1.5 -8.1 -2.3
1709.1 -61.6 -128.1 -55.5 -41.6 -15
2146.9 -8.9 -42.8 -22.6 3.4 -4.8
3.4 9.3 10.7
379.2 -43.9 -26.7 -3 -8.6 -0.1
1709.3 -61.1 -125.8 -54.3 -37.9 -11.6
2147.1 -8.7 -41.9 -22.9 5.1 -4.6
3.2 8.9 10.9
377.8 -44.8 -23.9 -3.1 -10.1 0.6
1707.3 -66 -123.8 -54.7 -35.4 -6.1
2147.9 -12 -40.1 -23.6 5.3 -2
3.3 8.7 10.9
377.3 -44.9 -22.2 -2.8 -10.3 0.6
1708.3 -63.2 -115.4 -51 -30.7 -3
2148.1 -12 -36.8 -24.3 7.8 -1.2
3.3 8.5 10.3
377.5 -45.2 -21.6 -3.1 -10.9 1
1709.5 -62.5 -111 -49.4 -29.8 0.8
2149.3 -13.8 -34.7 -23.4 6.7 1.6
3.3 9.1 10.3
378.1 -45.3 -21.4 -3.3 -11.3 1.3
1713.2 -60.7 -106.1 -48.8 -29.1 2.4
2151.6 -16.2 -31.9 -23.6 6 3
3.4 9.3 10
378.9 -45.3 -21.5 -3.4 -11.8 1.6
1718.6 -57.5 -100.4 -48 -29 3.6
2155.1 -19 -28.9 -23.5 4.5 4.7
3.5 9.3 9.7
379.6 -45.3 -21.8 -3.5 -12.1 1.9
1723.8 -55.9 -97.8 -49.1 -30.4 3.2
2158.4 -21.8 -27.1 -23.8 2.5 6
3.7 9.5 9.6
380.1 -45.1 -22.3 -3.2 -12.4 2.2
1731.6 -51.1 -92.1 -47.6 -29.4 3.6
2162.7 -24.4 -24.5 -23.6 1.2 7.2
3.9 9.3 9.4
380.4 -44.9 -23.2 -2.5 -12.8 2.4
1738.5 -48.9 -89.2 -47.1 -29.9 2.6
2166.9 -27.7 -22.7 -23.2 -0.7 8.2
4.1 8.9 9.3
380.2 -44.4 -24.2 -1.4 -13.2 2.5
1745.5 -46.3 -85.6 -46 -30.4 1.7
2171.1 -30.8 -21.1 -22.5 -2.6 9.2
4.7 8.8 9.2
379.4 -43.3 -25.8 0.5 -13.6 2.7
1752.5 -44.2 -82.4 -45.4 -30.3 -0.7
2175 -33.8 -19.4 -22.4 -3.6 9.1
5.6 8.9 9
377.7 -41.3 -27.9 3.4 -14.2 3
1758 -45.2 -81.6 -46.3 -31.4 -3.9
2178.6 -37.4 -18.3 -22.3 -4.9 9
7 9 9.1
375 -38 -31.4 7 -15.7 3.6
1764.6 -43.5 -77.7 -44 -29.8 -5.3
2182.2 -40.5 -16.8 -21.5 -5.6 9.1
winner is: 11
