Regression analysis information for: KLH021c_0478
number of formants: 3
number of coeccicients: 5
1.6 117.6 6
313.9 -12.8 -4.9 7 -3.1 2.3
1881.8 96 69.7 186.2 2.9 9.1
2242 41.1 24.4 -21.5 31 -16.5
1.6 109.8 6.4
313.7 -12.2 -5.4 6.9 -3.2 2.1
1944.7 126.1 36 162.8 -29.5 13.7
2238.9 49.6 20.9 -16.7 29.1 -13.7
1.5 88.1 8.4
313.5 -11.8 -5.7 6.6 -3.3 1.9
2018.8 174.9 -20.7 111.4 -64 45.7
2228 79.8 1.5 2.2 13.5 -2.4
1.4 66.4 15.8
313.3 -11.3 -5.6 6.3 -3.5 1.8
2021 222.4 -8.1 97.1 -103.7 21.8
2228.4 110.1 -5.2 5.5 -0.9 -7.2
1.3 52.6 27.4
313 -11.1 -5.5 6.1 -3.5 1.6
1932.1 289 86.9 84.5 -123.3 -77.5
2248 140.2 1.2 -13 -21.4 -21.7
1.3 56 38.9
312.8 -10.9 -5.3 5.9 -3.5 1.5
1874.9 351.8 138.5 17.8 -91.9 -78.4
2277.2 177.9 11.4 -35.1 -43.4 -30.5
1.2 52.8 46.8
312.6 -11.1 -5.3 5.7 -3.5 1.4
1857.3 354.2 163.2 7.7 -89.1 -80.1
2314.5 221.3 38.4 -52.8 -61 -52.3
1.3 43.2 55.8
312.4 -11.3 -5.4 5.3 -3.5 1.4
1860.3 362.5 163.7 -25.5 -74.6 -50.6
2329.1 226.7 46.2 -71.4 -74.1 -71.5
1.3 32.4 55.5
312.3 -11.6 -5.4 5.2 -3.5 1.4
1872.4 334.5 162 -11.4 -65.5 -39.5
2315 192.6 55.1 -62.8 -64.4 -99.4
1.3 36.1 54.7
312.4 -11.9 -5.6 5.1 -3.4 1.6
1911.8 300.4 104.1 -54.5 -78 -3.1
2306.3 164.4 41.8 -82.5 -72.3 -109.2
1.2 68.6 60
312.3 -12.8 -5.5 5.5 -2.9 2
1916.9 222.1 99.5 1.8 -46 13
2280 124.6 53.3 -42.2 -21.6 -96.9
1.2 78.6 49.6
312.6 -13.2 -5.7 5.6 -2.8 2.1
1978.9 169.1 38.8 -15.8 -43.5 78
2259.4 90.9 39.5 -44.2 -1.5 -82
1.2 62.8 33
312.9 -13.8 -5.8 5.8 -2.7 2.4
2023.8 111.6 -14.2 15.8 -24.1 132.7
2258.8 43.4 13.5 -51.6 57.7 7
1.2 46.3 56.3
313.4 -14.2 -6 5.9 -2.6 2.5
2075 115.1 -57.8 24 -27.1 117.6
2321 30.2 -23.7 -89.1 66.2 106.6
1.3 30.7 68.9
314 -14.6 -6.1 6 -2.6 2.6
2127.7 135.9 -75.1 45.7 -43 72.5
2398.8 -7.1 -61.3 -40.7 -4.5 149.2
1.3 16.6 79.8
314.5 -14.9 -6.2 6.1 -2.5 2.6
2160.5 161 -80.8 56.5 -40.3 30.6
2446.5 20.4 -82.4 -27.5 -5.6 136.8
1.4 13.9 66.6
315.1 -15.2 -6.2 6.3 -2.5 2.6
2167.7 165.4 -76.3 59.9 -36.5 23.1
2512.5 74 -96.1 6.3 9.9 83.5
1.5 13.7 25.8
315.5 -15.2 -6.3 6.4 -2.5 2.6
2168 162.5 -75.4 58.7 -35.6 23.4
2564.8 128.7 -94.4 20.1 -6.3 13.8
1.5 13.6 10.7
315.8 -15.2 -6.4 6.5 -2.4 2.5
2168.6 160.5 -74.8 57.9 -34.9 23.7
2578.2 149.4 -84.1 16.8 -22.7 -7
1.6 13.4 10.7
316.1 -15 -6.4 6.6 -2.3 2.5
2169.2 159.2 -74.7 57.2 -34.3 23.8
2578.3 147.5 -85.3 16.9 -22.5 -6.2
winner is: 20
