Regression analysis information for: KLH021c_0535
number of formants: 3
number of coeccicients: 5
3.2 59.3 54.1
329.9 -5.4 -15.8 -9.7 -9.5 -3.2
2037.8 144.6 41.8 -11.8 -88.1 75.2
2350.2 94.9 102.5 -12.2 -62.1 72.4
3 68 61.7
329.1 -6.3 -16.2 -9.6 -9.3 -3
2018.3 143.9 82.2 -10.7 -125.7 70.6
2369.5 103.6 107.2 -16.3 -66.7 72.3
2.9 63.5 58.4
328.4 -7.5 -16.8 -9.7 -9.1 -2.8
2020.9 143.3 82 -1.7 -126.8 59.1
2377.9 124.7 117.5 -24.1 -62.6 72.5
2.8 55.6 59.6
327.7 -8.7 -17.5 -9.6 -8.6 -2.4
2033 143 64 8.2 -113.4 46.2
2391 141.5 119.9 -17.8 -69.2 65.1
2.8 46.3 57.7
327 -10.1 -18.4 -9.7 -8.3 -2.3
2055.2 144.1 30.5 20.4 -85.7 34.6
2409.7 162.5 120.3 -14.6 -71.8 64.3
2.8 32.3 62.8
326.5 -11.2 -19 -9.8 -8 -2.1
2080.9 143.8 -11.5 32.7 -49.7 20.7
2429.1 177.6 112.9 -12.3 -73.8 59.6
2.8 12.2 59.2
326.2 -12.2 -19.7 -9.9 -7.8 -1.9
2106.1 143.3 -53.7 44.9 -9.3 5.2
2455.6 186.3 89.3 -3.6 -61.3 43.3
2.7 11.6 39.1
325.9 -13 -20.2 -10.1 -7.6 -1.8
2108.9 145.9 -51.8 45.8 -7 5.4
2496.5 189.8 35.5 20.6 -22 6.3
2.7 11.6 13.3
325.6 -13.9 -20.7 -10.1 -7.4 -1.7
2111.2 148.1 -48.6 46.3 -6.9 5.9
2520.9 195 3.2 28.6 11.5 -8.4
2.7 11.7 9.3
325.5 -14.5 -21 -10.2 -7.3 -1.6
2113.8 149.6 -45.2 47.2 -6.5 6.5
2524.7 197.2 6.6 30.3 17.3 -5.4
2.7 11.9 13.9
325.4 -15.1 -21.2 -10.3 -7.3 -1.6
2116.2 149.9 -42.3 47.7 -6.4 7.2
2523.4 191.8 9 33.2 25.8 4.2
2.7 11.9 27
325.5 -15.7 -21.4 -10.3 -7.3 -1.5
2118.8 150.5 -39 48.5 -5.8 8.1
2518.9 180 9 37.8 40.2 21.4
2.8 12.5 44.5
325.5 -16.1 -21.5 -10.4 -7.3 -1.5
2120.9 151.2 -36.4 49.7 -5.6 9.5
2510.9 163.6 6.4 45.5 59.5 45.2
2.8 12.2 41.9
325.6 -16.5 -21.4 -10.4 -7.4 -1.5
2123.1 150.8 -33.6 50.4 -4.6 10.7
2509.6 154.2 0.8 36 53.9 41.3
2.8 12 35.1
325.7 -16.8 -21.3 -10.4 -7.5 -1.5
2123.9 148.7 -32.9 50.1 -4.6 11.3
2517.5 162.4 5.1 29.6 42 26.7
2.8 11.6 28.6
325.9 -17 -21.2 -10.3 -7.5 -1.5
2124.6 146.4 -32.5 49.3 -5.1 11.2
2524.4 170.3 13.1 31.3 41.5 23.8
2.9 11.5 20.4
326 -17.2 -21 -10.3 -7.5 -1.5
2125.2 144.4 -32.2 48.9 -5.4 11.7
2533.2 181.8 21.8 31.9 37.2 16.2
2.9 11.3 9.2
326.2 -17.4 -20.8 -10.3 -7.5 -1.5
2125.7 142.4 -31.7 48.3 -5.4 11.8
2540.8 190.4 27 27.5 27.4 2.9
2.9 11.2 7.4
326.3 -17.5 -20.7 -10.3 -7.7 -1.5
2126.1 141.3 -31.6 48.2 -5.7 12
2544.3 194.2 29.2 26.1 22.7 -3.5
2.9 10.9 7.1
326.4 -17.6 -20.5 -10.2 -7.7 -1.5
2126.8 140.4 -30.7 48.3 -5.4 12
2544.4 191.4 29.3 25.2 23.2 -3.9
winner is: 20
