Regression analysis information for: KLH021c_0407
number of formants: 3
number of coeccicients: 5
3.9 6.4 15.5
738.2 -33 -34.6 -3.3 -12.2 -7.3
1192 -43.1 -27.4 -2.2 -20.2 -3.6
2291.5 19.2 34.3 14.4 -22.8 10.1
4.2 6.8 16.4
739.7 -33.7 -33.7 -3.1 -12.2 -6.6
1193.4 -43.4 -26.7 -2 -20.2 -3.2
2304.4 1.7 47.1 13.2 -23.2 18.8
4.3 7 23.3
741.5 -34.3 -33.2 -3.1 -12.6 -5.6
1195 -43.7 -26.4 -1.7 -20.3 -2.5
2318.3 -19.5 54.2 13 -30.2 30.7
4.2 7.2 24.9
743.7 -34.6 -32.7 -2.7 -12.6 -4.8
1196.8 -43.9 -26.2 -1.2 -20.1 -2
2330.5 -37.4 57.4 11.8 -31.3 33.3
4.3 7.5 23.2
747 -34.8 -32.1 -2.9 -12.7 -3.7
1199.6 -43.6 -25.9 -1.2 -20 -1.6
2344.6 -52.4 57.9 5.9 -23.8 30.5
4.1 7.7 19.1
751.1 -34.9 -31.9 -3.3 -12.8 -2.6
1202.7 -43.4 -26.1 -1.1 -19.8 -1.2
2360.3 -66.3 56 1.3 -15.7 25.9
4 8.1 17.4
756.3 -35 -32.1 -4 -12.9 -1.1
1206.3 -43.3 -26.6 -0.9 -19.6 -0.9
2376.5 -78.5 51.8 -2.4 -7 20.4
3.7 8.4 16.2
762.1 -34.7 -32.6 -4.9 -12.2 0.4
1210.1 -42.9 -27.3 -0.8 -18.8 -0.9
2389.6 -85 44.2 -3.6 0 15.6
3.7 8.9 15.5
769.3 -34.6 -33.2 -5.8 -11.8 3.1
1214.2 -43 -28.1 -0.4 -18.2 -0.3
2400.6 -89.5 36.5 -2.5 2.9 14.4
3.6 9.6 14.2
778.3 -33.6 -33.9 -6.9 -11.3 5.9
1218.7 -42.7 -28.9 0.1 -17.6 -0.3
2411.3 -93.8 30.9 -2.3 4.9 13
4.3 10.6 13.7
788.9 -32.3 -34.3 -8.5 -11 9.4
1223.3 -42.7 -29.6 0.8 -17 -0.6
2420.7 -97.5 26.6 -2.1 5.9 12
5.7 12 13.4
801.6 -30 -34.7 -10.5 -10.9 13.8
1227.7 -42.8 -30.3 1.9 -16.2 -1
2429.4 -100.9 23.1 -2.1 6.3 11.4
8 13.7 13.2
816.1 -27.3 -35.1 -12.8 -11.6 18.4
1231.8 -43.1 -30.9 3.7 -15.1 -1.9
2437.2 -104.1 20.2 -1.9 6.2 10.8
11.3 16.2 12.9
832.3 -23.5 -35.8 -16.4 -13.3 23.4
1235.2 -43.5 -31 6.8 -13.1 -2.7
2444 -106.7 17.7 -1.7 6.1 10.3
15.7 19.7 12.6
848.9 -18.4 -37.3 -20.8 -16.5 27.5
1237.2 -44 -30.5 11.5 -9.6 -3.8
2449.7 -108.8 15.6 -1.4 5.9 9.6
21.5 24.9 12.5
866.7 -12.6 -38.6 -27.5 -22.9 31.6
1237.9 -44.9 -28.3 18.6 -5.1 -5.1
2454.7 -110.9 14.2 -1.2 5.3 9.2
26.1 28.8 12.3
883.1 -8.3 -39.1 -31.9 -27.5 35
1238.8 -44.1 -27.1 23.4 -1.8 -6.1
2459 -112.7 13 -1.1 5 8.7
26.2 31.7 12.1
894.6 -9 -38.8 -33.5 -32.7 33.9
1238.7 -43.9 -27.2 26 -0.7 -8.2
2462.1 -114.6 12.5 -0.4 4.6 7.8
26.9 33.3 11.9
903.9 -9.9 -35.5 -32.1 -36.2 33.5
1237.7 -43.4 -28.4 26.1 -1.3 -10.4
2464.2 -116.1 12.6 0.3 4.1 7.3
26.3 36 11.6
910 -12.4 -32 -27.7 -38.3 32.2
1233.5 -46.7 -30.8 26.6 -1 -14.3
2465.3 -117.8 13 1.7 4.1 6.4
winner is: 1
