Regression analysis information for: KLH021c_0276
number of formants: 3
number of coeccicients: 5
0.9 14 66.2
301.1 19.7 -1.3 8.5 -3.5 1.7
1823.6 343.5 -82.7 77 -39.7 34.3
2197.4 202 -59.4 -43.1 89.9 -136
1.1 16.9 85.6
300.2 18.5 -1.2 8.4 -3.4 1.6
1834.5 332 -77.6 71.8 -43.3 42.1
2160.3 225.1 50.9 -25.5 153.2 -72.5
1.1 119 65.6
299.7 17.6 -1 8.3 -3.5 1.6
1680.4 105.1 -44.7 242.6 161.8 222.5
2044.6 168 205.4 5.6 131.3 -51.3
1.3 105.1 71.1
300 16.8 -1.2 8.2 -3.7 1.7
1719.5 123.2 -82.2 200.6 184.9 244.5
2135 71.7 154.8 104.1 79.5 -50
1.3 37.6 29.2
299.7 16.2 -1.5 7.8 -3.6 1.5
1504.2 -286.6 -439.2 -87.7 -34.4 104
2055.7 -5.6 73.4 -17.5 55.9 -76.4
5.7 76.3 22
296.2 9.1 -6.8 3.9 -4.9 2.6
1488.8 -334.8 -480.4 -129.5 -43.5 119
2074.1 -32.3 100.9 -27.7 35.4 -18.1
18.5 86.7 10.3
286.4 -9.8 -20.9 -5.9 -8.1 5.4
1490.4 -327 -444.5 -114 -54 92.5
2085 -70.4 140.8 -11.3 -22.3 7.4
1.5 112 39.5
299.9 15.4 -0.5 7.5 -3.9 1.5
1643.4 -58.1 -245.3 1.7 -6.8 65.6
2141.3 -54.7 162.9 53.3 -36.4 0.1
1.5 152.2 55.9
300.3 15.8 -0.6 7.3 -3.9 1.4
1710 39.9 -258.2 -95.9 -150.5 -71.2
2187.1 -31.1 132.6 70.1 -43.7 -55.2
1.5 46.8 35
300.7 15.8 -0.6 7.4 -4.2 1.2
1834.6 267.4 -39.6 87.9 23.2 83.1
2248.4 30.3 140.3 120.9 35.5 -10
1.5 20.5 19.5
301.3 15.9 -0.6 7.3 -4.3 1.1
1856.6 290.7 -42.4 49.6 -29.5 42.6
2311.5 76.4 68 42.8 14.8 -12
1.4 19.9 3.3
301.6 15.3 -1.1 7.3 -4.1 1.1
1860.2 285.6 -38.5 49 -28.4 39.2
2328.2 88.7 50.5 14.2 5.1 -1.4
1.3 18.8 3.1
302.3 15.4 -1 7.3 -4 1
1863.5 277.2 -35.5 47.1 -26 37.1
2328.7 86.6 49.9 13.6 5.2 -2
1.3 17.5 2.8
302.7 15.3 -1.2 7.2 -3.7 0.9
1867.7 271.3 -33.4 44.2 -22.7 33.8
2330.2 85.8 48.8 12.8 5.6 -2.5
1.3 16.2 2.7
303 15.1 -1.5 7.1 -3.6 1
1873 265.2 -31 41.8 -19.8 30.7
2332.1 85.2 48.2 12.5 6.1 -2.9
1.2 14.8 2.5
303.3 14.9 -1.7 7 -3.5 0.9
1877.6 260.7 -29.3 39 -17 27.7
2333.9 85 47.6 12 6.6 -3.3
1.2 13.6 2.3
303.4 14.5 -1.8 6.7 -3.2 0.9
1883 254.1 -25.6 34.4 -13.3 24.7
2335.6 84.5 47.4 11.5 7.3 -3.4
1.2 12.1 2.2
303.2 14.2 -1.7 6.5 -3.1 0.9
1886.1 250.7 -21.3 29 -9.3 21.6
2336.4 84.7 48 10.6 8 -3.5
1.2 10.8 2
303.1 14 -1.8 6.2 -3.1 0.9
1889.2 247.3 -17.3 23.6 -5.8 19.6
2337.2 84.8 48.4 9.5 8.5 -3.1
1.2 9.4 1.8
302.8 13.6 -1.8 6.2 -3 0.8
1890.8 243.2 -13.6 20.3 -2.1 16.6
2336.8 83.6 49 9.9 9.6 -3
winner is: 20
