Regression analysis information for: KLH021a_0238
number of formants: 3
number of coeccicients: 5
66.6 17.5 136.8
485.5 2.4 -37.6 -12.7 -30.3 -8.8
1023.5 -44 -32.7 -18.3 -22.7 -5
2231 -186.8 -251.3 -178.1 -179.5 -132.4
69.1 83.3 134.7
486.9 -15 -22.7 1.1 -55.1 22.5
1049.9 -114.3 8.4 -49.5 -23.9 17.4
2211.5 -260.5 -228.6 -221.1 -213 -126.3
72.2 88.4 137.2
479.9 -11.9 -22.7 7.7 -52.4 14.8
1048.4 -118.8 8.5 -50.8 -24.2 17.4
2187.4 -260.9 -180.6 -200.7 -257.2 -152.2
89.6 131.9 164.2
506.3 -61 17.8 -10.7 -52.6 32
1087.9 -168.9 67.2 -69.3 -18.6 39.5
2209.3 -259.3 -82.1 -152.4 -260.1 -163
90.5 98 143.6
506.4 -61.6 19.4 -8.5 -50.4 31
1071 -136.4 47.2 -61.4 -10.1 15.6
2221.2 -184.1 -72.6 -115.3 -227.5 -152.6
95.1 94.4 109.1
504.2 -57.6 20.7 -8.9 -46 30.4
1077 -125.1 59.6 -52.5 0.2 22.3
2284 -82.4 -12.1 -53.1 -142.4 -61
93.8 124.5 113.7
517.4 -70.6 9.5 16.5 -66.7 30.2
1100.8 -153.6 49.3 -14.7 -32.2 23.1
2296.4 -96.3 -36.6 -56.4 -142.2 -59
98.1 126.5 77.1
512.9 -61.9 5.8 15.6 -62.7 28
1101.1 -153 49.9 -14.9 -31.5 24.3
2331.9 -53.2 -1.2 -14.4 -85 -11.8
103.4 134 68.2
508.5 -55.2 3.3 13.1 -59.3 33
1104.5 -159.1 54.3 -17.2 -31.1 29.4
2345.5 -55.4 -18.5 -19.4 -66.6 -4.8
109 171 56.4
519.9 -76.7 23.4 -5.2 -44 24
1136.1 -218.1 104.7 -53 -12.1 29.7
2384.4 -58.2 13.5 -7.4 -24.8 38.8
113.2 221 81.4
541.8 -106.5 19.2 20.5 -69.1 35
1182 -286.5 116.6 -19.3 -54.9 54.9
2416.7 -95.8 11.6 3.8 -32.5 54
130.2 231.4 81.8
531.6 -96.3 18 7.6 -43 8.1
1204.4 -332 151.2 -43.6 -37.8 43.4
2426.5 -111.6 21.4 0.8 -34.5 54.9
128.2 228.6 110.7
588.1 -191.5 57.9 31.6 -108.1 92.6
1328.9 -536.7 237.4 2.4 -165.2 184.2
2488.2 -209.7 64.6 23.6 -101.8 135.3
65.3 146.6 102.9
630.5 -280.5 140 -46.8 -36.9 28
1396.9 -671.2 347.5 -91.6 -79.7 86.8
2496.4 -228.5 90.6 -16 -48.2 70
54.3 127.5 105.7
645.1 -303.8 137 -24.6 -68.1 51.5
1437.8 -730 332.5 -12.6 -180.3 151.7
2498.2 -229.1 88.1 -13.2 -44.9 55.9
43.6 119.4 112.7
657.4 -317.9 121.7 0.4 -78.3 41.1
1455 -748.1 303.3 39.1 -211.8 143.5
2486.3 -202.5 61 4.5 -46 49.8
44.7 114.8 123.4
655.1 -318.2 122.6 -2.2 -76.3 43.2
1456.8 -755.7 306.5 37.2 -212.7 148.4
2484.8 -202.3 68.3 -9.1 -32.1 45.5
48.1 112.1 121.5
649 -317.2 129.6 -6 -78.1 45.4
1459.5 -763.1 306.1 43.1 -224.1 163.5
2493 -215.2 72.4 -5.1 -39.4 51.1
36.6 109.8 122.6
662 -331.1 112.6 20.8 -86.6 26.3
1483.5 -791.2 283.3 80.8 -234 129.2
2519.8 -245.8 52.5 46 -80.3 60.3
37.1 110.5 127.8
661.8 -331.7 112.8 19.8 -85.9 28
1487.4 -800.8 291.6 71.8 -225.9 123.7
2544.3 -284.3 64.1 62.6 -111.9 90.7
winner is: 1
