Regression analysis information for: KLH021c_0060
number of formants: 3
number of coeccicients: 5
4.3 7.8 8.4
392.4 -33.7 -27.4 -21.3 -3.7 -6
1963.8 -2.4 -35.7 -35.1 -18.4 -15.2
2404.5 -53.6 -39 -26.6 2.7 -2.3
4 7.8 8.2
388.7 -31.5 -26.4 -20.8 -3.2 -5.6
1967.5 -2 -36.2 -36.2 -18.9 -16.3
2408.1 -53.7 -40.9 -26.2 1.9 -2.6
3.3 8.1 9.2
385.1 -28.4 -26.5 -20.7 -2.3 -6.7
1970.3 -3.6 -36.8 -37.3 -19.5 -16.4
2410.8 -54.5 -44 -23.3 -1.9 0.7
2.8 8 12.1
383 -26.8 -26.3 -20.5 -2 -6.8
1972.4 -4.1 -37.3 -37.9 -19.6 -16.9
2411.6 -52.8 -49.1 -18.7 -6.6 4.7
2.7 8.1 11.4
381.6 -26.2 -25.4 -20.2 -2.1 -6.8
1974.1 -2.9 -37.6 -37.8 -19.2 -17.7
2412.9 -53.5 -48.8 -19.9 -7.3 6.6
2.7 8.2 14.8
380.8 -25.9 -24.8 -20.2 -1.9 -6.8
1975.1 -0.9 -37.4 -37.7 -19.1 -18.5
2410 -54.2 -35 -32.2 -10.1 15.7
2.8 8.1 18.7
380.3 -25.7 -24.2 -20.1 -1.8 -6.8
1975.7 2.1 -36 -37.3 -18.6 -19
2407.8 -54.2 -25.8 -39.4 -13.2 21.8
2.9 8.6 16
380.3 -25.9 -23.8 -19.8 -1.7 -6.9
1975.6 3.9 -34.9 -37.5 -19.3 -20
2410.7 -55.9 -28.1 -38.5 -9.7 16.6
2.9 8.7 11
380.5 -25.8 -23.6 -19.7 -1.6 -7
1976.2 7.5 -31.9 -36.2 -18.6 -20
2414.6 -56.8 -34.7 -32.4 -6.3 9.3
3 9.3 7.3
380.6 -26 -23.5 -19.4 -1.4 -6.9
1976.4 9.5 -30.1 -34.7 -18.2 -19.5
2418.7 -57.9 -43 -25.8 -0.9 0.4
3.1 10 7.7
381.1 -26.4 -23.5 -19.2 -1.2 -6.9
1978.3 10.7 -27.9 -32.1 -16.2 -17.6
2418.6 -56.8 -44.7 -23.8 0.9 -1.4
3.1 10.6 7.7
381.8 -26.9 -23.4 -19.2 -1.2 -6.9
1981.7 10.5 -25.8 -30.7 -15.3 -16.6
2418.4 -55.5 -44.1 -23.7 0.4 -0.6
3.2 11.1 7.5
382.7 -27.6 -23.3 -19.1 -1.1 -7
1986 9.6 -23.5 -29.7 -14.1 -16.6
2419.2 -55.2 -43.5 -23.5 0.1 -0.5
3.2 10.9 7.3
383.7 -28.3 -23.3 -18.9 -1 -7.1
1990.8 8.7 -21.3 -28.5 -12.7 -15.9
2420.9 -55.6 -43.2 -23.2 0 -0.4
3.1 10.7 7
384.6 -29 -23.4 -18.9 -0.9 -7.3
1995.5 7.4 -19.8 -28.8 -12.2 -16.1
2422.9 -56.3 -43.2 -23.3 -0.4 -0.7
3.2 10.5 6.8
385.5 -29.5 -23.7 -18.9 -0.8 -7.4
2000.6 7.2 -18.1 -28.6 -11.7 -16.1
2425.3 -56.8 -43.2 -23.5 -0.7 -1.1
3.2 10.3 6.6
386.3 -29.8 -24 -18.7 -0.8 -7.5
2005.8 7.8 -15.7 -27.9 -10.9 -15.8
2427.8 -57.2 -43 -23.6 -0.9 -1.5
3.1 10.2 6.3
386.8 -29.8 -24.6 -18.6 -0.8 -7.6
2010 7.6 -15.2 -28.4 -11.5 -16.3
2429.9 -57.6 -43.4 -23.9 -1.5 -2
3.1 10.1 6.2
387.2 -29.5 -25.2 -18.3 -0.8 -7.7
2014.8 9.3 -13 -27.6 -10.9 -16
2432.2 -57.5 -43.3 -24 -1.8 -2.5
3.2 9.9 6
387.3 -28.7 -26 -18.1 -0.9 -7.6
2018.8 10.6 -11.3 -27.4 -10.7 -15.8
2434.3 -57.4 -43.3 -24.4 -2.3 -2.8
winner is: 20
