Regression analysis information for: KLH021a_0986
number of formants: 3
number of coeccicients: 5
6.4 221.2 52.8
261.5 16.9 27.5 5.1 -3.5 10.1
1305.9 -7.4 301.6 67.7 69.2 -287
2314.9 -74.1 56.3 -5.5 20.8 30.7
6.4 230.6 58.1
261.4 16.8 27.4 5.3 -3.4 9.9
1297.1 -19.4 315.9 91.3 74.5 -289
2303.2 -55.1 50.6 -9 37.2 6.8
6.2 178.9 62.4
261 16.6 26.8 5.4 -3.3 10
1272.9 99.9 196.5 119.1 157.9 -430.9
2277.8 3 3.7 9.5 65.3 -54.3
6 195.5 59.5
260.9 16.1 26.6 5.5 -3.3 10.4
1294 97.7 195.8 130.2 143.3 -452.2
2291.1 -14.2 13.7 11.9 54.5 -41.5
6.6 239.4 52.5
260 15.6 28 5.2 -5.2 11.2
1370.4 -22.5 274.9 164.8 24.6 -394.9
2322.5 -63.6 42.7 15.3 23.9 -3.7
5.5 247.9 50
260.8 14.6 25.7 5.4 -3.5 11.5
1456.7 -40.5 219.1 180 -3 -423.3
2347.7 -72.3 38.5 0.9 4 8.1
5.4 271.6 53.2
261 13.9 25.4 5.5 -3.5 12.1
1494.2 -17.9 216.1 136.2 -39 -413.5
2364 -78.5 35.2 -14.7 -5.3 26.4
5.2 319.3 89.2
260.9 13.1 25 5.5 -3.2 13.1
1591.7 44.9 213.3 26.4 -156.6 -314.5
2397.5 -41.3 37.8 -53.2 -42.3 4.4
5.5 324 96.7
260.5 11.8 24.5 6 -1.9 14.9
1637.4 -69.2 181.1 91.6 -247.3 -190.9
2435.9 6.4 40.7 -105.8 -112.5 -49
4.9 361.2 88.1
261 12.2 24.4 5.6 -2.8 14.2
1654.2 -120.5 95.7 86.6 -151.6 -95.5
2436.6 3.7 37.5 -100.3 -91.3 -24.2
4.9 366 107.3
261 11.9 24.3 5.4 -2.6 14.4
1678.6 -135.4 68.1 99.1 -141.7 -108.6
2463.4 43.2 75 -87.1 -101.9 -61
4.9 387.3 109.6
261.1 11.9 24.2 5.2 -2.5 14.5
1699.8 -193.8 -8.2 119 -70.6 -58.7
2463.9 35.1 68.7 -91.8 -90.8 -42.8
7.1 398.5 119.9
259.3 8.7 22.5 5.5 -0.2 17.8
1694.4 -288.8 -79.7 155.4 -33.7 -49
2461.4 29.8 76.6 -77.5 -74.2 -34.2
5.8 290.9 98.7
260.5 11 23.2 4.5 -1.9 15.3
1861.1 -118 -97.4 89.2 -209.9 -308.9
2530.8 113.2 69.2 -126.7 -139.4 -118.2
7.8 259.3 122.4
259.5 11.2 26.3 7.2 -2.6 11.1
1927.9 -16.5 -202.9 -112.6 -164.7 -191.4
2588.3 136.5 -14.7 -190.9 -116.1 -74
5.4 303.7 135.7
260.9 12.5 24.7 4.1 -3.1 13.6
1883.8 -5.5 -115.4 -131.3 -267.8 -227.4
2599 126.8 -20.5 -192.6 -119.1 -49.3
5.2 282 124.3
261.2 13 24.2 3.9 -2.1 13.5
1898.2 90.5 -212 -247.6 -80.8 -201
2613.4 147.7 -55.2 -230.6 -73.5 -27.7
5.2 280.4 117.6
261.3 13.1 24.5 3.9 -2.1 13.4
1895.7 65.8 -152.8 -207.4 -159.3 -191.1
2605.9 142.6 -36.2 -226.1 -86.8 -37
5.2 299.2 102.9
261.3 13.1 24.7 4.2 -1.7 13.3
1864.2 51.5 -75.2 -167.3 -209.4 -264.3
2593.1 137.5 0.1 -216.8 -125 -67.3
5.8 312.2 118.4
260.8 13 25.8 4.6 -2.4 12.8
1851.7 21.5 -80.6 -145.7 -149.2 -252.9
2590.1 113.8 -29.5 -231.5 -106 -48
winner is: 3
