Regression analysis information for: KLH021c_0823
number of formants: 3
number of coeccicients: 5
9.5 9.2 40
546.7 54.5 -82.6 31.9 -29.1 20.8
1321.2 13.1 68.7 18.4 14.6 8.7
2163.5 107.8 -107 41 -18.3 -16.7
9.8 8.9 38.1
548.4 53.8 -81.3 32.9 -29.6 21.9
1323.4 11.9 70.2 19.9 13.1 9.8
2193.2 59 -78.9 39.8 -38.4 13.7
10.1 8.7 33.7
549.8 51.9 -79.3 33.7 -30.7 23.8
1326.2 7.9 73.9 20.1 12.9 11.4
2212.3 24.2 -49.8 19.9 -28.4 14.3
10.5 9.3 22.9
551.4 50.5 -77.7 35 -31.4 24.5
1329.4 4.2 77.8 20.1 13.4 10.6
2225.4 0.2 -27.8 4.3 -18.4 11.7
11.1 9.9 11.2
553.6 49.1 -76.5 35.4 -32 25.8
1333.5 0.5 81.5 18.9 14.1 10.1
2238.3 -22.6 -7.7 -8.5 -12.4 14.3
12.2 10.5 10.7
556.1 47.7 -75.6 35.7 -33 27.4
1337.8 -3.3 84.7 17.4 14.4 9.5
2239.1 -22.4 -6.7 -8.7 -11.7 13.6
13.6 10.9 10
558.6 47.1 -75.2 35.5 -33.5 29.1
1341.8 -5.5 87.3 15.3 15.3 8.5
2240.4 -22.1 -5.8 -9.2 -11 12.9
14.9 11.2 9.5
561 47.2 -76.2 35.1 -34.2 30.4
1345.3 -7 88.1 13.6 15.7 7.5
2242.1 -22.6 -5.1 -10.3 -10.3 12.2
16.9 11.2 9.2
564.2 46.6 -76.1 33 -33.5 31
1348.6 -6.8 88.7 11.5 16.4 5.9
2244.2 -22.7 -4.5 -11.5 -9.4 11.6
17.1 11 9.2
566 50.7 -80.5 33.8 -35.4 33.4
1351.5 -5.1 87.5 11 15.7 5.5
2246.4 -22.3 -4.6 -12.5 -8.8 11.5
16.4 10.9 9.5
568.9 53.9 -84.1 33 -35.9 35
1354.5 -2.4 86.1 11.4 14.2 5.6
2248.6 -21.3 -4.9 -13.2 -8.3 11.7
15.3 11 9.7
572.6 58 -88.6 31.6 -36.4 36.4
1357.1 0.9 84 12.6 12.3 5.2
2250.7 -19.6 -5.8 -13.3 -8.2 12.1
15.2 11.7 9.8
577.5 62 -93.4 28.9 -36.7 38.4
1359.6 3.8 82.7 14.3 10.6 4.2
2252.7 -17.8 -6.9 -13.1 -8.1 12.6
15.7 12.6 9.9
583.5 66.5 -99 24.8 -37.3 40.9
1361.7 6 82.3 17 8.9 2.3
2254.6 -15.7 -8.2 -12.6 -8.3 13.1
16.8 13.8 10
591.5 71.5 -105.8 17.7 -37.8 44.1
1362.8 7.5 83.5 21.4 7.3 -0.7
2256.3 -13.4 -9.5 -11.9 -8.5 13.7
21 16.8 9.8
602.2 79.1 -115.6 6.9 -40.9 50.6
1362.3 6.6 87.5 28.8 6.4 -5.4
2258 -11.4 -10.7 -11.1 -8.9 14.3
32.7 24.1 9.7
619.4 92.8 -132 -15.8 -49.7 61.9
1357.9 2 96.1 43 8.1 -13.5
2259.8 -9.9 -11.4 -10.5 -8.9 14.6
44.8 32.1 9.6
633.5 106.7 -148.2 -31.8 -59.1 73.6
1366.1 9.9 94.5 30.6 -6.7 -13.4
2262 -9.4 -11 -10.5 -8.4 14.5
59.2 54.9 9.5
649.3 120 -166.3 -49.3 -66 87.1
1378.8 21.6 86.8 8.9 -24 -6.1
2263.8 -8.9 -10.8 -10 -8.1 14.4
52.9 74.8 9.7
674.9 130.7 -202.3 -70.8 -44.9 111.6
1425.4 54.5 27.6 -63.8 -21.8 55.6
2265.5 -8.7 -10.6 -9.5 -8.2 14.5
winner is: 5
