Regression analysis information for: KLH021a_1296
number of formants: 3
number of coeccicients: 5
12.6 29.2 132.7
678.5 20.5 -59 32.5 -28.1 17.8
1272 159.9 -8.5 74.4 6.2 47.4
2192.4 -52 -69.8 212 89.1 140.2
13 36.5 152.9
672.1 17.8 -62.8 32 -31.7 16
1264.9 163.8 -16.2 85.3 4.4 55.8
2124.9 -115.5 -126.1 220 44.6 105.2
13.4 40.4 178.1
667.9 17.5 -62.2 30.5 -33.8 14.8
1257.9 150.8 -7.6 74.3 -3.2 58.7
2029.5 -166 46 202.3 -114.3 46.3
12.2 59.2 207.4
664.4 20 -61 25.1 -30.1 7.7
1241.5 168.3 -23.2 63.7 12.6 28.6
1989.2 -84.9 64.5 154.3 -141.8 -2.4
16.6 49.8 150.2
659.8 25.8 -59.6 20.8 -30.1 4.5
1249.7 153.3 -15.3 61.5 -3 42.5
2041.6 -119 92.1 109.4 -185.6 -2.1
14.9 47.2 139.4
660.4 29.2 -64.5 24.1 -33.1 5.2
1252.7 163.1 -30.6 71 -0.2 28
2096.1 -77.8 59.4 80.2 -174.3 -41.4
11.3 34.5 110.5
665.7 24.4 -58.2 18.3 -31.5 5.6
1263.6 150.9 1.4 47.4 8.8 20.1
2177.4 -51 83.7 -10 -166 -70.7
13.2 35.8 95
666.4 28 -56.3 14.1 -29.9 7
1269 157.3 12.6 39.6 15.1 25
2233.6 -24.9 54.9 -33.4 -105 -44.4
14 26.3 48
668.5 30.8 -56.9 13.1 -29.7 7.3
1281.2 156.1 15.7 40.1 19.2 26.4
2295.2 -20 12.7 -28.5 -25.5 -15.7
12.6 17.6 13.2
672.7 31.3 -58.4 15.4 -31.1 6
1291.2 158 15.2 50.8 13.9 23.7
2327.3 -14.4 -12.1 -3.6 -3.8 -5.5
13.2 17.7 9.3
674.8 33.4 -58.5 15 -31 7.1
1295.6 165 18.2 52.8 14.5 25.5
2330.8 -7.4 -5.8 1.4 -0.5 -4
13.7 17.1 8.7
676.5 35.6 -58.8 15.5 -30.4 7.8
1299.1 170.9 20.9 55.2 15.8 26.9
2332 -5.5 -3.9 2.6 0.4 -3.7
13.9 16.8 8.8
676.5 38.1 -59.3 16.8 -30 8.9
1299.9 176.7 21.4 59.4 16.1 28.8
2332.5 -5.8 -3.5 2.3 0.8 -4
14.6 16 8.8
676.6 39.7 -58.9 16.8 -28.6 9.8
1301.2 179.8 23.7 61.5 18 30.3
2332.8 -5.7 -3.5 2.5 0.9 -4
14.8 15.9 8.8
674.6 43.2 -59 17.2 -28.2 11.3
1299.4 186.2 22.5 65.6 17.7 33.4
2333.4 -6 -3.2 2.5 1.2 -4.1
15.1 14.7 8.9
672.6 46 -58.5 16.7 -27.6 12.6
1297.5 190.7 22.1 68.2 17.8 36.1
2333.7 -6.2 -3.1 2.6 1.5 -4.1
14.9 14.2 8.8
670.1 49.7 -58.7 16.3 -27 13
1294.8 196.8 20.3 70.9 17.1 37.5
2333.9 -6.3 -2.9 2.6 1.7 -4
14.7 12.8 8.8
667.9 52.7 -58.7 16.1 -26.6 12.6
1292.4 201.3 19.1 72.6 16.9 37.9
2334 -6.3 -2.7 2.7 1.8 -3.9
14.7 11.9 8.8
665.3 55.7 -58.6 15.6 -26 12.5
1289.4 205.9 17.6 74.2 16.6 38.7
2333.8 -6.1 -2.5 2.7 1.9 -3.8
14.9 11.7 8.6
663.6 57.6 -58.1 14.7 -25.7 13
1287.6 208.2 17.3 74.2 16.6 39.7
2333.3 -5.5 -2.5 2.8 1.8 -3.4
winner is: 20
