Regression analysis information for: KLH021a_0427
number of formants: 3
number of coeccicients: 5
2.8 11.1 10130.3
419.8 -61.1 -8.6 -19.5 0.8 -3.8
831.1 -86.8 25.5 -56.2 -14.5 -24.9
1871.9 -248.5 165.6 160 264.3 63.6
3.3 10.4 127
420.7 -60.6 -8 -18.8 0.1 -4.5
833.8 -85.8 27 -54.1 -16.2 -26.7
1949.6 -207.8 198.6 208.6 245.4 38
3.8 21.2 146.6
421.1 -60.1 -7.9 -18.3 -0.7 -4.7
826.7 -97.5 16.5 -55.5 -14.4 -17.4
1957.9 -207.6 151 244.3 210.3 49.4
4.2 12.6 147.5
423 -59.1 -8.3 -18 -0.3 -3.7
838.6 -84.2 23.1 -54.6 -19.7 -27.3
2059.4 -198.2 147 302.1 199.2 13.8
4.6 12.8 166.1
425 -58.4 -8.8 -18 -0.7 -3.4
842.8 -85.5 20.5 -57 -22.3 -28.2
2192.6 -165.6 82.1 274.4 152.8 15.4
5.1 14.5 136.3
427.1 -57.7 -9.5 -18.1 -0.5 -2.3
847.2 -88.1 17.2 -61 -24.5 -28.6
2300.7 -124.2 -5 160.7 107.2 53.5
5.1 19.6 98.6
428.8 -58.1 -10.7 -18.2 0.2 -0.6
847.3 -99.8 6.9 -70.6 -30.7 -32.6
2354.1 -114.5 -76.2 74.4 109.1 129.9
5.4 41.9 65
430.8 -57.8 -11.7 -18.8 0.1 -0.3
875.1 -56.9 51 -29.5 13.1 10.4
2392.1 -52 -60.1 44 47.2 67.7
5.3 44 49.2
432.3 -57.9 -12 -18.3 0.2 -0.2
879 -57.9 52.7 -28 14.5 11.5
2404.9 -32.4 -58.3 27.9 21.2 45
4.9 83.9 14.6
432.9 -58.3 -12.2 -18.5 -0.1 -1
899.7 -23.9 92 7 51 44.8
2435.2 17.6 -36 18.1 -14.9 0.7
5.3 50 9.1
433.9 -57.8 -11.7 -18.1 0.6 -0.4
885.7 -56.1 62.3 -24.3 21.1 15.8
2432.1 9.9 -43.1 10.8 -21.8 -5.8
5.4 53 8.7
434.2 -57.8 -10.8 -17.1 0.8 -0.7
886.8 -55.5 67.5 -21 23.7 16.6
2433 10.1 -42.8 10.4 -21.7 -5.3
5.4 55.1 8.6
433.9 -58.1 -9.8 -16 1.2 -0.8
886.3 -56.1 70.7 -18.4 25.1 17
2433.8 10.7 -42.3 10.2 -21.7 -5.3
5.8 56 8.8
433.6 -58.4 -8 -14.3 1.3 -1.6
885.4 -59.2 73.3 -17.7 24.8 14.6
2434.6 10.9 -41.2 10.5 -21.8 -5.4
5.7 58.5 9.1
433.3 -58.6 -7.3 -13 2.1 -0.9
884.1 -59.3 73.7 -15.3 26.3 16.1
2434.8 11.7 -40.5 11.5 -21.8 -5.5
5.3 80.1 9.1
433 -59.2 -6.5 -12.1 2.2 -0.6
893.6 -42.4 94 3.9 46.1 34.8
2435.1 11.3 -39.6 11.9 -22 -6.2
5.1 81.9 36.7
433 -59.3 -6.3 -11.2 2.8 -0.5
893.1 -44.5 93.3 3.3 46.8 34.2
2451 42.2 -7.9 43.1 8.8 23.2
4.6 19.9 9.1
433.3 -59.5 -5.5 -10.3 2.9 0.1
852.9 -126.1 13.1 -75.2 -31.5 -41.5
2435.5 11 -38.3 13.7 -21.5 -6.6
4 26.3 8.9
433.4 -60.5 -6 -10.1 3.2 0.7
848.8 -137.4 4.5 -84.3 -38.8 -48.9
2435.8 10.2 -37.6 14.9 -20.1 -5.4
5 25.1 8.2
432.7 -63.7 -8.6 -12 0.9 -1
849.3 -140.4 4.2 -85.4 -38.5 -48.9
2436.4 9.4 -37 15.8 -19 -4.3
winner is: 18
