Regression analysis information for: KLH021a_0676
number of formants: 3
number of coeccicients: 5
6.9 70.6 28.4
461.3 -18.1 -10.5 0.2 -6.1 -4.5
1189.4 -170.2 -3.6 -35.8 23.8 -5.1
2282.4 39 -13.8 -1.3 -4.6 -5.1
4.6 22.8 10
462.2 -11.7 -6.6 4.9 -2.7 -1.3
1185.5 -183.2 -10 -39 26.6 -5.7
2269.1 11.4 -37.2 -20.2 -15.9 -9.2
15.1 82.8 26.8
453.6 -23.9 -16.8 -5.6 -11.2 -11.9
1164.7 -205.6 -14.7 -11.5 57.7 14.3
2289.1 46.1 -5.3 6.2 5.7 5.3
11.3 213.2 82.6
450.8 -19 -11.1 4.3 3 2.7
1217.8 -86.1 141 142.5 171.4 34.1
2340.7 141.7 69.7 54.2 19 -13
18.7 182.2 68.2
441.2 -31.1 -23 -7.5 -5 -4.4
1160 -159.9 88.3 130.3 190.8 68.1
2327.2 112.5 50.1 44.5 21.7 -1.5
9.2 168.5 94.8
446.6 -14.2 -10 4.4 2.4 -0.3
1138.3 -160.5 98.4 155.4 206.1 64.8
2280.4 164.5 -4.8 48.4 38.3 -27.4
18.5 175.7 89
439.9 -24.3 -20.6 -7.3 -9 -13.5
1123.5 -138.2 99.1 156.6 195.9 24.6
2276.7 176.8 -2.2 38.4 56.9 -55.3
9.6 162.9 76.2
443.7 -13.5 -9.7 2.7 -0.1 -2
1110.3 -137.8 104 169.6 193.2 46.4
2296.8 157.8 10.8 61.9 29.6 -9.3
21.7 170 62.6
435.3 -27.4 -20.2 -11.1 -14.1 -13.7
1096.2 -131.8 132 160.9 162.3 29.2
2319 105.8 35.6 41.5 21 -1.2
10.1 166.5 61.9
440.1 -16.8 -7.4 1.7 -1.9 1
1084.4 -146.7 160.2 171.2 149.9 40.4
2325.2 107.9 46.7 46.4 27.3 6
11 170.5 60.5
441.6 -14.4 -2.3 4.7 2 6.9
1130.2 -49.9 268.9 248.8 207 103.5
2355.6 165.2 102.3 94.7 69.7 39.7
11.6 169.1 66.2
442.2 -13.3 -0.4 5.3 0.8 7.1
1172.3 11.4 345.2 277.7 191.5 68.4
2379 211.3 137.4 116.8 75.1 33
11.2 179.8 69.5
442.2 -15.3 -2.3 -0.3 -6 -0.4
1176.2 10.7 346.4 260.3 168.9 41.1
2381.9 214.4 139.8 114.2 69.4 24.6
7.6 196 80.8
446.4 -7 3.9 5.8 -1.2 4.5
1216.5 74.5 388.8 270.8 142.1 -14.1
2390.8 230.6 141.8 102.5 41.9 -9
8 137.3 61.9
447.6 -6.7 6 5.8 0 5.8
1275.3 177.2 497.1 356.2 225.5 60.1
2430.6 304 210.2 157.1 87.7 28.1
16.1 235.2 128.6
441.4 -17.8 -4.8 -4.3 -9.9 -4.8
1256.4 121.6 426.2 240.8 86.9 -109.2
2419.8 277.9 160 83.8 -6.8 -67.2
6.1 165.3 111.3
449.4 -3.2 6.9 5.1 -0.9 2.8
1310 243.6 523.5 340.1 174.5 -34.7
2455.3 343.2 218.9 132.3 36.3 -29
5.2 178.6 111.2
449.9 -2.2 6.7 4.4 -2.5 0.7
1343.7 283.2 539.5 305.2 116.5 -105.4
2465.2 359.1 221.3 123.7 26 -27.3
2.1 172.6 105.5
452.2 -0.2 6.6 2.2 -4.5 -2.2
1360.1 308.7 534.7 285.1 90.3 -126.5
2476.5 376.1 233.6 130.1 30.3 -25.6
4.2 177.4 113.6
451.7 -1.8 5.6 3.7 -2.5 -1
1390.9 335.1 541.4 249.4 34 -182.6
2509.3 430.4 256 121.9 3.2 -48.5
winner is: 2
