Regression analysis information for: KLH021a_0566
number of formants: 3
number of coeccicients: 5
8.1 129.2 36
356.3 2.6 36.4 -41.6 0.4 -18
2003.8 -36.1 52 -1.3 -107.8 112.4
2319.9 -226.5 35.2 115.5 -24.7 40.5
8.9 142.4 43.4
355.1 2.9 37.8 -43.1 -0.9 -16.4
2004.3 -22.5 64.1 -24.1 -130.3 134.3
2326.6 -223.5 34.2 110.7 -20.3 38
8.1 129.7 53.2
355.8 2.1 35.4 -42 -0.5 -18.5
2023 -25.6 33.6 -20.5 -126 126.4
2336.1 -218.1 26.3 104.7 -23.4 33.7
8.2 132.8 67
355.7 1.9 34.7 -42.2 -0.9 -18.8
2023.8 -22.4 34.5 -27.8 -127.6 137.9
2345.7 -215.8 -6.6 66.3 -37.9 43.7
8.2 115.5 64.6
355.6 2.1 34.2 -42.3 -1.1 -18.9
2028.1 -50.6 -10.8 -21.3 -118.1 99.9
2356.6 -221.7 -59.1 9.8 -63.9 44.8
8.9 117.8 61.7
354.8 2.8 34.7 -43.2 -2 -18
2019.3 -67.7 -27.1 -38.1 -129.3 88.7
2372.1 -211.5 -83.2 -21.3 -70.5 54.9
8.4 84.8 59.7
355.3 3.2 33.1 -42.4 -1.4 -19
2041.1 -70 -55.7 -13 -97.5 62.5
2383.4 -208.2 -98.7 -28.7 -62.3 56.9
8.6 54.7 57.6
355 4 32.3 -42.1 -1.7 -18.9
2067.4 -60.9 -73.8 13.9 -60.7 41.3
2390.1 -208.9 -105.3 -30.2 -55.9 50.1
8.7 36.9 47.4
354.8 4.7 31.9 -42.2 -1.6 -19
2090.7 -49.9 -88.9 32.5 -35.2 21.9
2393 -215.9 -119.8 -38.5 -63.4 33.5
8.8 23.9 40.5
354.4 5.8 31.5 -42.2 -1.6 -19
2105.7 -38.9 -87.8 48.7 -13.3 25.1
2409.9 -198.1 -109.3 -27.2 -55.6 26.3
9 20.9 34.2
354.1 6.8 31 -42.1 -1.6 -18.8
2108.9 -43.7 -95.5 49.9 -8.2 23.1
2439.4 -155.8 -80.5 -5.1 -39.4 24.3
9 20.6 27.4
353.8 7.8 30.8 -42.3 -1.4 -18.9
2110.1 -47.8 -98.3 50 -8.9 22.8
2467.9 -113.9 -48 19 -26.9 24.9
8.9 20.3 25.3
353.4 8.8 30.8 -42.5 -1.1 -18.9
2110.4 -51 -97.1 50.6 -13.5 23.3
2470.5 -110.1 -36.4 19.3 -40.2 19.6
9 30.3 29.5
353.1 9.7 30.9 -42.6 -1.1 -18.5
2108.4 -42.3 -112.9 65.1 -23.5 31.4
2473.8 -100 -53.3 30.7 -44.8 22.6
8.9 32.6 33.2
352.9 10.5 31.1 -43 -0.9 -18.4
2108.5 -39.9 -118.4 71.3 -27.8 31.1
2475.8 -94 -66.5 40.2 -46.2 23.6
8.9 34.7 31.2
352.7 11.1 31.3 -43.3 -0.7 -18.4
2109.7 -38.8 -121.8 76.3 -31.4 31.8
2480 -96 -71.9 43.3 -42.6 22.6
8.9 21.8 32.2
352.5 11.7 31.4 -43.5 -0.6 -18.3
2118.8 -53.4 -110 67 -21.6 19.9
2481 -97.7 -69.1 44.9 -46.2 23.8
10.1 46.2 36
351 14.9 28.7 -41.1 -3.1 -15.7
2110.5 -33.4 -131.6 90 -43.1 38
2482.2 -91.2 -83.5 55.7 -48.5 27.8
8.9 80.6 46.3
352.4 12.4 31.6 -44.1 -0.4 -18.2
2088 -6 -112.4 24.7 39.4 -24.5
2473.9 -79.9 -75.5 29.7 -17.3 7.5
8.9 26.4 41.3
352.5 12.6 31.8 -44.3 -0.4 -18.2
2120.2 -50.8 -107 58 -8.6 6.1
2477.6 -87.7 -59.2 4 11.8 -18.7
winner is: 13
