Regression analysis information for: KLH021c_0570
number of formants: 3
number of coeccicients: 5
19.2 4.8 24.2
589.3 28.8 -114.1 28.4 -43.9 25.4
1247.4 135 -44.8 17.3 -15.2 13.6
2280.6 -53.7 -68 -22.6 -29.5 16.6
20 5.2 32.6
582.6 33.2 -109.7 26.6 -41.5 26.1
1245.5 137.7 -45.7 17.6 -15.7 15.5
2278.7 -42.9 -72.7 -10.6 -31.3 28.8
16.2 4.7 34.3
569.1 37.5 -107.4 32.5 -37.3 22.8
1241.4 139.8 -47.8 18.7 -15.9 16.4
2230 -90.6 -109.7 26.1 5.2 76.3
14.1 4.6 41.4
563.6 40.7 -106.1 33.4 -35.2 21.2
1239.1 140.7 -47.8 19.4 -14.5 16.9
2199 -102.4 -118.5 76.5 56.3 114.2
13.3 4.4 70.8
556.1 46.4 -102.3 32.1 -31.3 14.7
1236.1 142.8 -45.5 18.4 -12.1 13.5
2150.6 -96.4 -74.1 134.6 79.8 66.7
13 4.5 72.5
551.8 48.7 -96.8 31.5 -31.5 12.2
1233.6 143.6 -41 17.8 -11.7 11.6
2065.8 -91.3 95.5 170 -24.4 -2.1
13.4 5 63.5
549.9 51.1 -93.2 30.2 -30.3 9.7
1232.4 144.6 -37 17.1 -10.8 9.1
2089.3 -60.7 101.2 152.3 0.1 -21
13.3 5.3 67.4
550.3 53.1 -91.6 28.4 -31.4 10.3
1233 145.6 -34.4 15.2 -11.1 8.9
2136.8 -34.5 96.2 123.9 8.1 -13
14.2 5.6 61.3
553.1 53.9 -90.6 27.8 -32.9 10.5
1235.5 146.1 -33 14.4 -11.6 8.6
2210.9 -10.3 85.2 106.1 13.5 -17.5
14.9 5.8 53
556 56.9 -90.4 26.7 -32.9 9.7
1238.1 148.4 -32.4 13.7 -11 8
2278.2 10.7 61.7 78.1 24.4 -26.1
16.4 4.6 30.1
565.8 55.2 -84.7 27 -33.4 11.1
1241.9 148.9 -34.5 17.7 -15.5 12.7
2316.2 4.2 33.4 46.1 28.5 -12.7
22.6 9.3 12.5
567.9 63.7 -90.5 31.2 -39.9 16.3
1242.6 156.5 -40.2 22.6 -20.5 18.2
2336.1 15.9 15.7 16.5 9.6 9
34.3 35.1 6.9
599.9 10.8 -38.7 -23.5 10.7 -35.9
1267.1 114.3 0.6 -20.6 21.6 -24.2
2344.5 5 26.5 -0.3 19.2 -2
30.6 45.5 24.9
601.6 17.1 -41.3 -22.7 7.7 -31.2
1274.3 105.7 10.9 -32.2 32.4 -32.9
2332.9 28.7 4.7 19.7 2.4 11.6
29.2 51.5 6.9
618.6 -2.8 -22.1 -41.1 20.9 -43.7
1279.6 102.9 13.6 -35.7 36.3 -37.4
2345.4 5.4 26.8 -0.7 19.4 -2.5
30.2 54.1 6.8
627.4 -14 -12.1 -46.8 24.8 -44.4
1286.9 92.1 23.9 -44.3 44.6 -44.2
2346.2 5.4 27.1 -1 19.4 -2.5
33.6 57 6.8
628.8 -11.2 -12.6 -43.9 23.3 -47.1
1286.4 95.7 21.6 -40.5 41.9 -43.7
2346.7 5.8 27.1 -0.9 19.1 -2.6
35.4 56.9 6.7
630 -10.1 -12.2 -45 26.8 -46.1
1285.2 100.9 17.6 -37.2 40.4 -40
2347.1 6.4 27 -1.1 19.3 -2.4
36.7 59 6.8
629.4 -15.1 -13.6 -40.2 27.8 -44.7
1286.2 96.4 19.2 -37.5 42.8 -41.8
2347.4 5.8 26.8 -0.6 19.4 -2.2
35.3 62 6.8
628.2 -15.2 -10.2 -37.8 28.1 -42.8
1290.3 86.5 31 -45.6 51.3 -48.9
2347.5 5.7 27.5 -0.4 19.7 -2
winner is: 12
