Regression analysis information for: KLH021c_0592
number of formants: 3
number of coeccicients: 5
3.2 5.1 5.8
455 -31.2 -27.5 18.9 -3.6 0.1
899.2 -141.5 11.6 -10.2 -15.7 -7.5
2303.3 34.7 -27 -16.3 -27 -2.2
4.4 7.6 5.2
459.4 -20.1 -19.9 20.4 -0.1 1.6
892.6 -149.2 3.5 -21.8 -18.8 -13.4
2316.1 60 -8 -5.7 -26.7 -7.7
3.5 16.5 6.8
465.4 -9.3 -11.7 20.8 0.8 1.3
880.4 -173.9 -16 -42.9 -31.8 -25
2321.4 71.1 2.7 2.1 -21.7 -6.2
19.1 97.7 8.7
462.8 -15.1 -22.6 1.9 -15.7 -13.4
926.6 -83.2 83.2 54.2 75.5 77.2
2322.3 73.9 5.8 3.5 -18.2 -2.8
4.2 113.5 3.1
485.2 21.7 5.1 17.2 -4.7 -7.2
1013 79.9 244.1 194.9 192 152.3
2327.7 83.5 14.6 9.9 -10.2 3.2
7.5 81.4 2.6
497.4 35.1 6.9 8.3 -15.1 -15.5
1004.8 60.9 239.2 196.2 192.4 144.4
2329.4 83.8 13.9 8.6 -9.4 3.7
9.1 56.3 2.3
505.7 38.7 3.3 0.8 -17.5 -14.1
1051.5 142 302.7 221.7 168.1 78.5
2331.5 83.9 12.8 7.8 -8.5 3.9
8.9 61.7 2.1
514.9 40.8 -1.4 -4.1 -16.8 -12.4
1087.5 200.5 339.8 215.5 117.4 10.6
2334 83.6 11.2 7.5 -7.6 4.2
6.5 60.1 2
528.4 43.8 -13.9 -15.9 -19.3 -9.4
1111.2 242.4 372.5 211 75.8 -34.2
2336.5 83 8.9 7.2 -6.9 4.6
19.3 74.5 2.2
538 37.4 -28.9 -9.7 4.4 7.4
1117.7 266 405.3 210.4 33.8 -75
2339 82.8 6.9 7.4 -6 5.1
13 52.9 2.4
556.8 40.3 -48.7 -21.2 2 5.6
1127.8 296.6 435.1 193.8 -11.9 -95
2340.9 81.9 4.9 7.4 -5.2 5.4
14.7 100.2 43
559.9 28.2 -50.1 -12.5 -2.4 -4.4
1170.5 364.7 442.7 120.7 -98.2 -121.3
2361.1 103.7 -6.2 -29.3 -43 -7.5
24.5 94.2 44.1
548.6 11.9 -21.7 15.9 -31.7 -38.2
1198.7 413.7 438.3 50.5 -138.6 -85.8
2363.4 100.5 -15.1 -32.8 -33.1 11.9
52.4 245.9 74.2
537.2 -8.2 -5.2 45 -35.4 -60.5
1255.7 391.3 278.2 112.9 137.5 -35.1
2382 85.1 -72.1 -0.8 67.5 25.7
48.6 95.3 44.3
514.4 -22.4 47.6 52.7 -90.5 -61.2
1179.5 422.5 456.6 47.9 -113.7 -64.8
2364.2 98.6 -16.5 -32.2 -33.5 11.8
51.6 392.9 148.4
557 -27.4 -36.5 53.5 -7.9 -35.9
1420.5 434 -34.3 44.3 309.1 -103.9
2475 132 -188.5 -53.7 73.8 -30.3
51.1 373 127.1
571 -30.3 -57 33.5 -13.6 -29.1
1390 174 -532.4 -318 149 -173.6
2491.8 160.7 -187.4 -125.4 5.7 19.2
69.5 246.1 83.1
539 -68.7 -32.7 97.7 32.5 -39
1160.1 -183.7 -527.9 85.2 545.5 -32.1
2419.1 96.5 -135.9 -31.4 113.7 71.9
56 203.4 86.9
557.3 -61.7 -47 67.6 14 -29.1
1252.9 -176.3 -604 179.1 541.4 -78.7
2431.5 78.6 -142.6 -2.2 77.7 51.6
66.8 191.5 59.6
559.5 -51.6 -49.8 31.5 35.5 -3
1290.1 -95.1 -661.2 53.9 568 30.5
2449.5 109.3 -179 -65.8 118.7 101.2
winner is: 1
