Regression analysis information for: KLH021c_0707
number of formants: 3
number of coeccicients: 5
2.7 40.6 31.6
330.9 -21.5 -8.6 -1.3 -9.7 3.4
1855.8 83.1 -61.5 29.3 -63.8 -25
2138.9 -8.2 73.7 40.1 -59.2 6.4
2.6 36.3 29.4
330.8 -21.3 -8.7 -1.3 -9.3 3.4
1872.2 98.2 -69.2 32.7 -42.5 -15.8
2132.7 -16.3 75 40.7 -54.8 11.7
2.5 28.6 27.6
330.9 -21.3 -8.8 -1.4 -9 3.4
1887.7 113.4 -73.2 33.6 -16.4 8.4
2143 -15.5 63.3 38.9 -47.2 0.4
2.4 20.1 41.3
331.1 -21.4 -8.7 -1.5 -8.7 3.5
1894.7 121.9 -69.7 30.5 -8 23.6
2173.9 -5.3 35 44.1 -8.6 1
2.4 15 51.8
331.5 -21.5 -8.7 -1.5 -8.5 3.4
1896.6 125.6 -55.5 39.6 0.7 31.3
2226.9 13.2 -15.2 37.1 31.5 -3
2.3 12.5 46.4
332 -21.6 -8.7 -1.6 -8.3 3.5
1894.4 117.5 -55 37.2 -2.2 26
2276.3 50.4 -21.2 31.7 50.2 8.5
2.2 11.3 44
332.5 -21.7 -8.7 -1.6 -8.2 3.6
1894.7 113 -54.3 36.5 -1.8 24.4
2307.7 84.6 -10.8 13 45.8 17.6
2.3 10.6 40.9
333 -21.9 -8.6 -1.6 -8.1 3.5
1897.3 108.9 -53.4 34.6 -0.9 23.7
2321.5 92.6 2.2 9.1 47.9 16.3
2.3 10.2 38.6
333.4 -22.2 -8.5 -1.6 -8.1 3.5
1900.1 106.1 -51.9 33.6 0.1 22.8
2328.5 92.3 8.3 6.1 48.9 13.9
2.3 10 24.7
334 -22.5 -8.5 -1.6 -8.2 3.4
1903.4 103.1 -50.5 32.6 0.8 22.2
2344.5 104.5 13.8 -2.3 44.1 13.5
2.3 9.8 17.8
334.4 -22.8 -8.4 -1.7 -8.2 3.4
1907.1 100.3 -48.9 31.3 1.5 21.2
2356.9 112.2 16.3 -9.8 40.4 14.3
2.3 9.6 15.6
334.9 -23 -8.4 -1.7 -8.4 3.5
1910.9 97.7 -47.3 29.8 1.8 20.3
2364.2 114.8 22.4 -8.8 39.8 11.6
2.3 9.4 14.4
335.4 -23.2 -8.4 -1.6 -8.7 3.6
1914.6 95.9 -45.9 28.6 1.7 19.7
2366.5 110.3 22.9 -9.3 39.4 11.5
2.4 9.2 13.7
335.8 -23.3 -8.6 -1.4 -9 3.7
1918.4 93.9 -44.5 27 1.6 19
2369.7 107 23.7 -10.3 38.7 11.1
2.4 8.9 13.1
336.1 -23.3 -8.8 -1.2 -9.4 3.8
1921.7 92.2 -43.2 25.8 1.4 18.4
2373 105.1 24.7 -11.1 37.9 10.9
2.5 8.5 12.6
336.3 -23.1 -9.2 -1 -9.8 4
1924.9 90.3 -42.4 24.1 1.2 17.7
2376.2 103.4 25.2 -12.1 37.3 10.7
2.5 8.5 12.4
336.4 -22.9 -9.5 -0.8 -10.2 4.1
1926.9 88.9 -41.7 22.3 -0.5 17
2378.3 102.3 25.7 -13.4 35.1 10.4
2.5 8 12.3
336.4 -22.3 -10 -0.3 -10.7 4.4
1929.9 87.9 -40.2 21.6 0 16.7
2381 101 26.4 -14.2 34.5 10
2.5 7.8 12.1
336.3 -21.6 -10.7 0.2 -11 4.7
1932 86.5 -40 20.4 -0.2 17
2383.2 99.8 26.2 -15.2 33.9 10.7
2.5 7.5 11.8
336.1 -20.8 -11.4 0.7 -11.5 4.8
1934.2 86 -39.7 19.2 -1.1 16.2
2385.4 99.3 26.2 -16.3 32.3 10
winner is: 20
