Regression analysis information for: KLH021a_1131
number of formants: 3
number of coeccicients: 5
23.4 103.5 89.6
549.3 0.9 -52.9 -51.2 -4.2 -35.1
1114.6 -193.3 -27 -112.5 117.2 -142.4
2186.9 227.1 -13.7 -79.5 143.6 -131.3
22.3 106 86.8
538.4 -8.1 -40.7 -59.4 -10.9 -25
1123.7 -218.2 -17.2 -101 98.5 -132
2192.4 220.4 -11.4 -79.1 140.3 -125.5
17.7 113.4 94.4
520.6 -18.3 -40.7 -64.7 -10.5 -17.8
1105.8 -210.5 1.5 -126.5 115.6 -120.8
2163 258 5.8 -134.5 187.7 -123.4
15.4 78 104.2
505.4 -47.4 -38.8 -62.3 -10.7 -3
1150.4 -297.9 37.7 -96.5 64.2 -69.8
2170.2 247.2 17.8 -144.6 192.1 -116.8
13.9 34.2 129
492 -67.8 -34.7 -51.5 -6.8 6.5
1184.7 -368.7 74.3 -72.1 10.4 3.9
2171.7 225.8 84 -190.3 162.5 -3.8
13.6 66.8 111.9
485.6 -78 -28.5 -40.8 -5.6 10.3
1160.4 -346.2 85.1 -100.5 45.9 -9.1
2166.5 193.4 163 -192.1 45.8 104.5
14.2 25.4 73.8
480.1 -90.4 -24.4 -28.1 -5.3 9.3
1181.8 -384.3 82.8 -54.1 2.5 4.9
2242.8 134.8 69.8 -86.8 46.6 46.4
15 24.6 24
480.8 -95 -26 -24 -8.6 11.6
1184.7 -389.2 83.5 -51.8 0.9 5.4
2280.7 93.9 37.9 -18.1 6.4 21.2
16.9 25.3 11.7
479.7 -97.7 -25 -17.7 -8.8 12.8
1186.5 -394.5 86.3 -48.9 0.8 5.8
2288.2 86.2 29.2 -5 1.7 10.6
16.5 25.4 4.6
480.6 -99.8 -27.7 -15.6 -8 15.6
1190.1 -398.5 85.9 -47.2 0.5 8.7
2291.9 82.2 26 1.7 -1.9 6.8
16.3 25.7 3
480.9 -100.5 -30.2 -12.7 -7.2 15.8
1193 -402.4 86.1 -45.6 1 8.9
2293.3 80.3 24.8 3.5 -3.2 5.3
16.4 26.7 3
482.1 -98.7 -32.8 -12.4 -6.7 14.7
1196.3 -405.5 85.6 -45.2 0.7 9.6
2293.6 79.7 24.7 3.4 -3.1 5.4
16.2 27.3 2.8
481.9 -95.7 -36.9 -10.8 -5.8 14.5
1199.1 -409 85.2 -45.2 1.3 9.3
2294.1 79.4 24.8 3.5 -2.7 5.6
15.3 27.6 2.8
479.5 -89.8 -40.3 -11.4 -5 13.2
1199.4 -410 86 -47.4 2.1 9.1
2294.4 79.7 24.8 3.6 -2.4 5.6
15 28.7 2.7
477.5 -83.1 -47.1 -12.8 -1.4 11.2
1198.5 -408.6 83 -50.6 6.9 5.6
2294.8 80.5 24.5 3.9 -1.7 5.8
13.8 27.3 2.6
470.8 -77.8 -48.1 -11.2 -1.2 6
1192.6 -404 82.4 -53.5 9.2 -0.1
2294.4 81.4 24.7 4.9 -1.5 5.7
12.3 26.3 2.5
466.1 -71.2 -51.8 -17.4 0.2 4
1182.1 -393.1 78.4 -62.5 18.1 -9
2294.4 83.4 24.7 4.9 -1.1 5.7
10.8 18.9 2.5
461.4 -67.2 -58.1 -20.5 -0.5 1.4
1168.8 -376.3 65.6 -64 24.4 -21.8
2294.1 85.7 24.1 5.5 -1 5.9
9.2 14.7 2.6
455.1 -64.2 -54.7 -21.5 -3 -2.4
1154.3 -356 58.1 -67.1 31.5 -36.2
2292.4 86.7 25.5 5.6 -1.9 5.4
9.4 18.2 2.7
450.9 -63.9 -59.5 -24 -4.2 -5.3
1142.5 -337.4 43 -64.8 33.3 -45.7
2291.3 88.2 25.1 6.5 -1.6 5.8
winner is: 19
