Regression analysis information for: KLH021a_0415
number of formants: 3
number of coeccicients: 5
11.7 6.4 57.6
404.4 27.8 -68.2 -23.6 -28.3 -19.6
1004.4 171 6.5 4.8 9.7 -7.7
2178.5 13.1 -313.4 -111.8 -40.6 -154.7
10.2 6.6 60
403.7 23.4 -71 -23.5 -27.1 -17.9
1004.7 168.7 4 4.2 7.6 -8.1
2204.2 -27 -302 -94 -79.1 -132.9
8.5 7.1 62.2
402.3 18.3 -73 -22.8 -25.4 -16.8
1004.1 166.9 0.6 4.5 4.9 -7.6
2220.3 -60.6 -288.9 -97.5 -99.4 -116.6
7.2 9.4 68.9
398.6 12.1 -71.2 -21.1 -25.1 -14.6
1000.7 163.2 -5.4 3.9 -1.8 -6.6
2241.8 -113.6 -277.8 -105.5 -128 -92.2
6.9 10.9 72.7
394.1 7.2 -67 -17.8 -24.8 -12.9
997.9 162.7 -6.8 6.7 -5.3 -2.4
2261.5 -160.3 -265.6 -112.6 -148.5 -61.8
9.6 18.4 69.6
388.6 5.4 -63.6 -9.6 -26.1 -12.7
992.6 168 -9.3 17.5 -11.9 3.5
2275.4 -169.3 -256.6 -109.8 -156 -48.9
14.2 49.7 65.8
388.8 -3.2 -52.7 -16.3 -20.1 -16
1011.9 124.8 36.9 -24.8 29.9 -35
2288.1 -202 -243.6 -126.7 -144.2 -58.2
21.4 90.6 59.5
392.1 -18.9 -36.6 -27.6 -6.3 -25.5
1031.4 79.6 85.3 -65.9 74.6 -73
2297.9 -223.8 -229.8 -146.1 -123.9 -73.9
21.4 91 57.6
389.6 -17.9 -35.7 -25.1 -7.3 -23.4
1030.3 82 90.1 -61.8 76.3 -70
2301.4 -221.5 -229 -145 -121.1 -73.6
27.4 115.3 55.6
395.9 -33.5 -20.3 -38 6.8 -34.2
1051.9 38.3 136.3 -100.8 118.7 -104.5
2313.8 -235.6 -208.4 -160.8 -104.5 -90.4
27.4 116.2 53.6
395.5 -33.7 -20.1 -37.3 7.1 -32.8
1052.8 40.9 139.3 -97 121.9 -100.6
2317.3 -231.7 -202.8 -159.2 -102.9 -91.5
27.6 117.4 52.8
394.9 -32.3 -20.5 -36.5 6.2 -31.8
1053.4 44.8 141.4 -94 123.2 -97.7
2319.1 -229.7 -198.8 -156.4 -100 -90.4
29 118.7 53.1
393.1 -27.2 -24.5 -32.1 2.7 -28.1
1055.7 51.1 144.6 -88.7 125.6 -93.3
2323.3 -221.1 -188.8 -151.1 -96.2 -89.4
30.5 130.9 54.1
403 -44.7 -7.3 -48.1 17 -40.3
1081.5 7.9 191.3 -128 163.9 -123.4
2337.2 -225.4 -161.9 -158.6 -79.3 -99.5
30.5 131.5 55.8
404 -44.5 -7.6 -47.3 16.6 -39.8
1083.6 9.6 192.6 -126.6 164.9 -122.5
2343.4 -213.7 -150.7 -151.5 -73.8 -98.1
30.5 132 61
405.2 -43.7 -7.2 -46.4 16.3 -39.6
1085.9 13.8 194.7 -123.6 165.6 -121.1
2355.5 -191.1 -131.3 -137.7 -66.8 -97
30.4 132.9 66.3
406.4 -43.1 -8.2 -45.2 15.9 -39
1087.9 15.3 195.1 -122.8 166.5 -120.9
2363.9 -179.1 -120.5 -131.2 -62.2 -99.1
30.3 133 93.8
407.8 -41.6 -8.5 -44 15.8 -38.6
1089.9 15.2 195.4 -124.6 166.4 -123.3
2375.7 -160.5 -102.8 -117.1 -48.5 -91.5
30.1 134.3 65.6
408.9 -40.3 -9.5 -42.3 15.3 -37.8
1092.5 19 198 -121.9 169 -121.5
2436.4 -46.4 8.2 -15.5 45.5 -13.5
30.3 134.8 51.7
410.2 -39 -10.4 -40.5 14.7 -36.9
1093.8 21.3 198 -121 169.2 -121.2
2452.8 -18 32.7 5.2 60.1 -6.7
winner is: 1
