Regression analysis information for: KLH021a_0092
number of formants: 3
number of coeccicients: 5
12.6 45.6 60
372.8 22.6 -21.6 -29.8 1 14
1277.2 -264.5 16.9 2 -29.3 13.9
2171.5 22.9 -83.3 20.5 -59.4 17.7
12.7 40.2 61.7
370.4 25.6 -22.5 -31.6 2.9 12.7
1280.7 -272.9 23.6 -5 -25.6 13.3
2151 -26.4 -124.2 -19.4 -86.3 11.1
12.8 40.2 63.3
369.4 26.7 -23.3 -32 3.4 12.7
1271.9 -258.1 10.4 4.1 -31.6 17.7
2111.5 2.2 -142.8 -28.8 -93.7 38.2
12.7 35.5 66.4
368.8 27.9 -23.4 -32 3.8 12.2
1272.8 -259.8 14.3 -0.2 -26.8 14.7
2097.9 65.8 -140.9 -8.5 -56.9 24.9
12.4 29.3 69.1
368.9 28.4 -22.8 -32.3 4.1 12
1279.9 -271.9 28.4 -13.1 -14.9 6.6
2127.2 112.4 -97.6 22.8 -26.3 48.4
12.3 24.6 51.6
368.9 28 -22.4 -32.1 3.4 11.4
1287.1 -285.8 41 -25.5 -4.2 -3.5
2149.4 110 -95 42.4 -36 39.8
12.3 21.1 35.9
369.7 27.7 -22.2 -31.9 3.3 11.1
1297.5 -303.6 57.1 -39.2 7.4 -13.4
2173 111.7 -88.2 64.8 -44.1 34
12.3 24 32.8
370.3 27.4 -21.6 -31.9 2.8 10.5
1305.9 -316.2 69.2 -48.9 15.2 -22.7
2184 106.2 -73 63.1 -46.8 38.3
12.1 46.8 38.7
370.8 27 -20.9 -31.7 2 10.2
1296.7 -295.2 49.4 -30 -0.3 -14
2193.1 88.3 -57.9 51.5 -39.8 36
12 18.6 21.7
371.5 26.6 -20.3 -31.7 1.3 9.6
1319.6 -336.5 86.5 -59.4 19.9 -28.2
2222.9 30.3 -6.5 9.4 -10.1 20
12 18.9 6.9
372.2 26.1 -19.5 -31.5 0.5 9.1
1321.8 -337.8 87.8 -57.7 16.7 -27.3
2238.9 -1.9 23.8 -20.3 17 -5.6
11.9 19.1 8.4
372.9 25.8 -19 -31.6 0 8.7
1324.6 -339.8 89.5 -56.7 14.2 -26.8
2240.6 -5.1 26.6 -22.8 19.2 -8.2
12 19.7 8.4
373.6 26 -18.6 -31.7 -0.6 8.4
1327.6 -340.7 90.8 -56 12.1 -27.2
2241 -5.4 26.6 -22.6 18.7 -8.1
12.1 20.2 8.4
373.7 26.3 -18.4 -31.7 -0.8 8.4
1328.9 -341 91.5 -55.2 11.3 -27
2241.3 -5.5 26.7 -22.4 18.3 -8
12.1 20.7 8.4
374.1 26.1 -18.5 -31.9 -0.8 8.3
1330.3 -342.7 91.6 -55.2 11.1 -27.2
2241.8 -6 26.9 -22.5 18.3 -8.3
12.2 21.5 8.5
374.2 26.3 -18.6 -32.2 -1.1 8.4
1330.9 -342.7 91.2 -55 10 -27.1
2242 -6 26.9 -22.4 18 -8.3
12.1 22.3 8.7
374.2 26.4 -18.6 -32.3 -1.3 9
1331.4 -343.2 90.8 -54.1 9.3 -25.8
2242.1 -6.2 26.9 -22.3 17.8 -7.9
12.2 23.5 8.8
374.2 26.8 -18.8 -32.1 -1.1 9.1
1330.8 -341 89.2 -52.1 8.7 -24.6
2242.1 -5.9 26.7 -21.7 17.8 -7.6
12.1 24.4 9.1
374.4 27.2 -19.2 -32.4 -1.1 8.9
1330 -338.5 87.4 -52.3 8.6 -25.8
2242.1 -5.4 26.3 -22 17.9 -7.9
12.2 25.2 9.3
374.7 27.6 -19.3 -32.6 -1.2 9.1
1330.7 -337 86.6 -51.1 7.7 -25
2242.5 -5.1 26.3 -21.8 17.8 -7.6
winner is: 11
