Regression analysis information for: KLH021c_0428
number of formants: 3
number of coeccicients: 5
32.2 13.4 44.2
662.8 -94.4 -24.2 -11.2 -30.1 -4.2
1276.1 37.4 28.9 6.6 10.4 12
2221.7 -109.8 -58.2 -29.3 -7.4 -9.7
40.5 14 47.3
649.9 -76.7 -39.1 -3.4 -35.3 -0.4
1270.6 40.6 24.6 7.2 10.2 13.5
2204.8 -119.8 -38.2 -34.8 0.9 14.2
41.8 14.8 47
636.2 -53.9 -56.4 4.6 -36.6 -2.3
1263.7 49.1 16.3 10.1 9.6 13.7
2194.6 -120.5 -32.5 -55 19.3 29.5
43.8 15.3 47.1
628.5 -37.9 -68.9 11.3 -38.8 -2.5
1261 55.6 11.5 12.2 9.5 12.7
2197.2 -108.8 -45.5 -67.6 29.8 28.2
44 18.2 45.8
626.6 -33.8 -73.2 11.6 -37.9 -4.9
1261.4 54.9 11.3 9.4 12.2 8.3
2201.2 -94.6 -66.6 -69.6 34.9 27.6
43.5 17.4 44.9
627.4 -30 -75.3 10 -34.8 -8.9
1262.6 59.3 9.9 9.7 12.6 6.5
2209.1 -58.3 -97.9 -86.6 51.7 -4.1
42.4 19.6 48.6
630.1 -28.1 -77.5 9.5 -34.3 -9.8
1266.3 59.7 11.4 7.7 14.6 3.7
2227.9 -47 -109.5 -94.3 38.6 -14.6
40.8 17.1 49.1
633.4 -24.4 -82.1 11.7 -36.6 -8
1269.6 64.1 9.9 9.7 12.6 4.2
2247.3 -46.2 -110 -83.8 23 -37.4
40.5 13 44.4
639.2 -22.5 -85.5 13.9 -38.7 -6.9
1273.2 70.4 7.2 14.3 8.4 6.9
2267.4 -50.1 -104.8 -70.6 2.7 -49.7
40.1 13.1 36.3
645.2 -17.7 -92.7 19.4 -44 -2.6
1279.2 73.5 7.8 15.7 7.5 6
2286 -53.6 -94.7 -61.1 -16.6 -53.6
49.1 35 31.1
663.2 -34.6 -79.7 4.7 -30.2 -18.4
1294.7 58.4 26.2 -0.7 23.5 -12.8
2306.7 -63.8 -78.6 -56.5 -31.6 -54.2
47.1 14.3 24.5
670.4 -26.1 -92.8 16.2 -41.9 -9.6
1291.8 80.7 7.6 20 3 3.8
2324 -70.4 -68.4 -46.4 -52.2 -43.8
59.5 34.8 36.7
689.1 -40.6 -83 6.5 -32.7 -22.4
1306.3 67.1 24.7 5.6 16.6 -14
2346.9 -104.6 -43.4 -55.1 -51.5 -42.6
61.1 96 78.8
738.5 -115.3 -18.6 -54.5 20.1 -71.6
1350.8 -8.1 97.8 -60.2 72.5 -64.8
2383.2 -170.8 19.7 -110.8 -4 -80.9
50 50.4 40.4
756.8 -130.5 -12.8 -55.2 17.1 -67.8
1330.8 44.5 48.4 -8.7 22.6 -20.4
2359.5 -119.6 -28.3 -63.6 -48.4 -37.8
36.6 50.2 23.6
783.9 -161.3 6 -70.9 25.8 -72.3
1343.8 25.9 68.4 -27.4 40 -41.4
2351.4 -98.4 -46.9 -46 -61.4 -29.7
37.2 57.8 23.7
799.8 -174.1 8.5 -72 22 -68
1356.7 6.9 87.5 -43.5 51.2 -53.1
2354.1 -100 -44.9 -47.2 -60.7 -30.2
35.2 60.7 24
806.1 -176.1 2.5 -67.9 17.6 -66.7
1367.3 -12.4 105.4 -58.1 60 -59.3
2355.8 -101.7 -43.8 -48.1 -60.6 -30.4
35.7 63.9 24.5
808.9 -175.2 1.5 -68 14 -63.1
1373.8 -23.8 117.8 -67.3 65.2 -62.3
2357 -101.7 -43.1 -48 -61.1 -29.5
33.9 67.4 24.7
807.7 -174.3 1.6 -68.7 13.1 -64
1379.1 -35.8 130.3 -78.7 73.3 -68.4
2357.5 -102.6 -42.5 -48.5 -61.3 -29.5
winner is: 12
