Regression analysis information for: KLH021c_0691
number of formants: 3
number of coeccicients: 5
10.3 95.5 17.7
281.9 -31.2 -9.1 -5 8.8 -6.4
1000.6 -74.9 438.9 0 241.3 27.5
2272 1.2 16.9 0.4 -4.2 13.5
10.3 150.1 17.1
283.7 -31.3 -12.6 -3.1 7.6 -6.3
1024.8 -132.4 414.1 18.4 218.1 -6.3
2273 0.2 13.9 1.8 -3.3 13.5
10.2 215.5 15.9
286 -31.3 -15.1 -2.7 7 -6.2
1079.4 -173.8 384 85.6 198.9 -66.1
2275.3 1.2 11.9 2.4 -3.6 12.8
9.7 215.9 14.7
288.1 -30.6 -17.9 -2 5.5 -5.6
1063.6 -84.2 228.9 301 2.2 44.5
2277.5 4.2 8.5 2.8 -6.1 13.1
8.9 222.9 13.3
290.8 -30.8 -19.7 -2.1 4.7 -4.7
1072.6 -72 242.6 300.3 7.7 47.1
2280.9 6.4 6.4 2.2 -7.7 14.1
8 249.4 30.5
292.6 -30.9 -20.6 -2.7 4.3 -4.3
1143 -158.5 271.2 365.7 -81.2 106.6
2297.1 -11.6 7.1 18.8 -33 31.8
7.3 192.7 12.6
294.7 -32 -20.9 -2.2 2.7 -3.8
1235.8 -243.9 293.7 444.4 -125.8 116.2
2286.2 8.3 6.2 1.2 -9 14.5
6.6 148.8 12.7
295.5 -32.4 -20.5 -3.4 1.3 -2.4
1245 -389.9 362.2 384.2 -173.3 251.2
2286 6.4 4.6 -2 -11.2 15
5.7 167 11.9
297 -33 -20.3 -4.1 1.2 -2.5
1349.1 -598 539.3 295.2 -98.2 237.2
2287.4 5.8 5.5 -3.5 -11 13.5
5.1 187.3 11.9
297.8 -33.8 -20.1 -5 1.2 -2.2
1376.9 -670.9 542.5 242.8 -88.3 218.5
2287.2 3.6 4.8 -5.9 -11.3 12.6
5.2 158.5 27.3
297.4 -32.4 -20.5 -6.6 3.9 -3.6
1310.1 -677.5 656.3 214.5 -48.9 338.3
2302.3 -13.5 -0.1 16.2 -28.4 14
4.9 75.5 18.8
296.8 -31.9 -19.9 -7.5 5.2 -3.6
1265.2 -565 691.4 55.1 56 328.4
2305.4 -19.7 16.1 8.5 -32 40.9
4.6 73.4 20
297.6 -31.5 -20.9 -7.8 6.3 -3.4
1261.5 -578.2 722.3 73.3 45.7 339.4
2315.5 -31.8 24 10.3 -37.5 53.6
20.4 109.7 26.1
288.6 -27.8 -2.3 -19 -7.4 11.3
1205.5 -611.4 785.8 93.8 45.9 415.5
2329.9 -52.1 37.2 9.7 -42.4 64.9
19 440.6 257.3
289.8 -36.3 -10.4 2.5 4.2 -9.4
1705.5 -272 486.7 255.3 33.4 -340.4
2594.1 62.7 -138.7 76.6 -26.9 -259.9
5.2 382.8 276.6
299.3 -28.4 -25.9 -6.9 9.6 -6.3
1941.3 -130.5 182.9 128.4 158.1 -324
2752.7 64.4 -312.7 19.6 -2.3 -190.5
5.3 394.6 279.2
299.3 -27.8 -26.5 -6.1 9.2 -6.1
1935.7 -81.8 189.4 202.8 133.8 -306.7
2738 87.1 -332.4 34.9 -13.1 -185.9
5.1 236.2 152.2
300.6 -26.5 -29 -7.5 9.4 -6.3
1977.3 135.6 -46.2 -87.8 149.8 -223.3
2754.9 242.8 -477.6 -117.5 59.8 -206.7
5.2 69 80.4
301.3 -26.3 -30.1 -6.8 9.2 -6.7
2131.9 145.2 -192.7 -40 -5.2 -113.4
2847 202.4 -552 -88.1 -37.4 -159.2
5.4 72.5 83.3
302.1 -25.6 -30.9 -7.3 9.3 -7.1
2145.3 181.7 -164.1 -17.9 17.4 -105.8
2837.6 206.1 -540 -99.1 -33.5 -146.7
winner is: 13
