Regression analysis information for: KLH021c_0031
number of formants: 3
number of coeccicients: 5
2.5 3.6 23.4
576.3 -50.3 -32 -24.5 -13.7 -5.9
1113.3 34.3 25.7 1.3 -3.5 -5.4
2247.4 211 2.4 -30.5 -20.9 4.9
2.7 3.9 33.6
578.5 -48.4 -31.9 -25.9 -14 -6
1116.3 36.8 25.3 -1.1 -3.9 -5.1
2287.5 198.4 -17.9 -71.9 16.8 14.2
2.9 4.5 33.6
580.8 -46.5 -32 -27.4 -14.3 -5.9
1119.5 39.2 24.7 -3.4 -4.4 -4.6
2306 179.3 -25.5 -66.8 28.6 4
3.1 5.2 35.6
583.3 -44.6 -32.2 -28.8 -14.6 -5.6
1122.7 41.6 24.1 -5.5 -4.8 -3.9
2323.2 158.9 -25.5 -61.6 35.2 -7.3
3.6 5.9 37.8
585.6 -42.9 -32.3 -29.8 -14.6 -4.9
1125.6 43.6 23.6 -6.9 -4.9 -2.8
2340.1 139.9 -27.3 -50.7 32.6 -11.6
3.7 6.2 36.6
587.7 -41.3 -32.6 -30.2 -14.2 -4.1
1128.2 45.1 23 -7.5 -4.5 -1.7
2359.5 117.8 -29 -37.9 28.6 -17.3
4 6.7 35.3
590 -40.1 -32.5 -30.5 -13.7 -3.5
1130.7 46.2 22.9 -8.1 -4 -0.8
2381.3 90.7 -27.1 -25 21.5 -20.5
3.8 6.6 30.8
591.3 -39.6 -31.9 -29.6 -12.9 -3.6
1132.2 46.3 23.5 -7 -3.1 -0.9
2400.2 66.2 -21.6 -18.8 17.7 -18.9
3.7 5.9 26
591.4 -40.7 -31.6 -27.8 -11.1 -1.9
1132.1 44.7 23.7 -5 -1.2 0.7
2417 42.3 -14.4 -15.5 16 -18.1
3.8 5.8 16.8
592.8 -41.1 -31.3 -27 -10.2 -1.5
1133.4 43.9 23.9 -4.2 -0.5 1.1
2438.1 10.3 0.2 -14 9 -8.1
3.8 5.5 5.7
594 -41.8 -31 -26.3 -9.5 -1.3
1134.7 42.9 24.1 -3.6 0 1.3
2450.2 -9.4 12 -13.8 1 3.2
3.6 5.2 5.2
595.4 -43 -30.9 -25.8 -8.9 -1.4
1136.1 41.2 24 -3.3 0.4 1.1
2450 -8.6 12.1 -13.6 1.5 3.3
3.5 5 5.2
597.1 -44.3 -30.9 -25.6 -8.7 -1.9
1137.8 39.7 23.8 -3.3 0.3 0.6
2449.9 -7.8 11.8 -13.6 2 2.7
3.6 4.8 5.2
599.2 -45.7 -31.1 -25.6 -8.6 -2.3
1139.7 38.2 23.5 -3.6 0.2 0.3
2450.3 -7.5 11.6 -13.5 2.3 2.4
3.7 4.6 5.2
601.4 -47.1 -31.3 -25.5 -8.3 -3
1141.6 36.7 23.2 -3.7 0.3 -0.2
2451.1 -7.6 11.4 -13.2 2.5 2
4.1 4.6 5.1
603.9 -48.3 -31.9 -25.6 -8.5 -3.9
1143.7 35.5 22.7 -3.9 0 -0.6
2452.1 -7.8 11.1 -13.2 2.1 1.6
4.5 4.6 5.1
606.5 -49 -32.8 -26 -8.2 -4.7
1145.6 34.7 22.1 -4.1 0.2 -0.9
2453.2 -7.8 10.7 -13.3 2 1.3
4.8 4.8 5
609.4 -49.4 -33.6 -26.3 -8.2 -5.4
1147.4 33.9 21.4 -4.3 0.2 -1.1
2454.4 -7.6 10.5 -13.4 1.7 1
4.9 5.1 4.9
612.5 -49.2 -34.8 -26.9 -8.5 -6
1148.9 33.2 20.7 -4.3 0.2 -0.9
2455.6 -7.4 10.3 -13.6 1.3 0.7
5.2 5.4 5
615.5 -48.2 -36.2 -28.2 -9 -6.5
1149.7 32.3 19.7 -4.6 0.4 -0.7
2456.9 -6.5 10.2 -13.9 1.1 0.5
winner is: 15
