Regression analysis information for: KLH021a_0581
number of formants: 3
number of coeccicients: 5
5.3 8.8 11.4
400.4 22.5 -74.9 -31.9 -24.6 -8.1
1773.9 -101.2 13.2 -4.3 17.3 0.4
2204.8 28.8 -41.4 19.3 -23.1 25.9
4.2 8.2 10.6
395.6 24 -73.7 -32 -24.7 -7.7
1778.1 -99.7 13.1 -2.5 16.2 1
2217.1 8.1 -22.9 4.6 -12.2 18.2
4.5 75.9 57.6
392.8 25.4 -73 -30.2 -23.9 -8.1
1739.2 -86.4 91.3 -52.1 -40.8 68.2
2195.7 6.8 43.8 -45.7 -33.8 55.4
3.6 65.3 62
388.4 24 -74.1 -27.7 -22.4 -7
1732.3 -55.3 62.5 -57.5 7.7 12.6
2129.4 105.8 27.5 -114.5 68.8 -29.5
3.9 50 63.7
387.8 24.2 -73.8 -26.8 -22.8 -7.5
1745.8 -68.9 55.3 -45.6 6.5 12.4
2124.4 113.8 24.8 -115.7 69.9 -26.6
3.6 110.8 75.5
386 23.9 -73.7 -24.6 -22.6 -6.6
1622.8 99 -27.5 82.7 -182.4 97.8
2073.2 188.4 -19.9 -54 -10.9 6.9
3.5 50.6 45
385 22.6 -74.2 -23.7 -21.9 -6.6
1671 86.5 -96.6 93.2 -106.3 86.2
2095.1 185.1 -61.7 -40.5 27.5 -14.4
3.7 20.5 29.6
384.3 21.1 -73.9 -21 -19.5 -6
1703.7 60.5 -126.5 105.9 -73.6 56.2
2130.1 160.3 -110 7.3 33.5 -48.9
2.8 27.7 28.2
382.5 17 -75.6 -20.5 -18.1 -3.9
1720.2 38.4 -104.4 97.8 -73.8 64.6
2145.1 141.9 -108.1 26 7.9 -31.8
2.9 32.2 27.7
383.5 17.1 -75.9 -20.1 -17.4 -3.7
1728.6 20.1 -91 87.5 -69.9 65.2
2157.7 122.4 -104.6 39.9 -14.9 -12.4
2.8 54.5 24.3
382.6 15.3 -74.5 -18.7 -17.8 -4.1
1731.4 17 -90.3 90.8 -78 79.8
2174.1 97.9 -95.5 49.9 -38.6 18
2.6 92.2 24.8
382.1 13.7 -74.4 -17.8 -17.7 -4.6
1724.9 34.3 -106.3 111.8 -99.9 107.7
2182.5 84.8 -86.6 49.4 -45.3 32.3
2.5 22.7 43.9
381.5 12.4 -74.6 -18.7 -17.9 -4.7
1777.7 -72.3 -2.6 7.6 0.5 6.8
2202.9 43.6 -47.8 11.2 -10.3 -1.8
2.7 27.3 36.5
380.9 12 -72.7 -17 -17.8 -4.5
1776.6 -69.3 -5.4 10.3 -1.8 8.9
2209.6 33.1 -40.1 8.3 -12 5.9
2.4 8.3 4.8
380.4 10.2 -74.4 -18.4 -18.4 -4.5
1789.1 -93.2 16.5 -8.5 12.7 -1
2233 -12.2 -2 -20.4 3.6 3.1
2.3 7.5 5.6
378.7 8.6 -73.7 -18.2 -19 -4.3
1787.2 -97.1 13.5 -11.8 10 -3.6
2232.5 -13.8 -3.8 -22 2.4 1.7
2.2 7.5 5.5
377.8 8.2 -73.2 -18.3 -19 -3.9
1786.5 -97.8 13.5 -12.6 9.9 -3.5
2232.5 -14 -3.9 -22.3 2.3 1.7
2.2 7.5 6
377.3 7.2 -73.2 -17.5 -18.6 -3.8
1783.8 -103.4 8.9 -15.8 6.5 -6.6
2231.9 -15.3 -5 -23.1 1.5 0.9
2.1 8 6.3
376.3 6 -72.5 -17.3 -18.8 -3.3
1779.2 -111.2 3.8 -20.6 2.5 -8.9
2230.9 -16.9 -5.9 -24.3 0.6 0.7
2.1 8.1 6
375.7 5.8 -72.5 -17.4 -18.6 -3.3
1774.3 -120 -3.4 -26.6 -1.7 -11.7
2229.7 -18.7 -7.1 -25.7 -0.2 0.4
winner is: 17
