Regression analysis information for: KLH021b_0162
number of formants: 3
number of coeccicients: 5
9.2 4.6 11
628.5 44.5 -18.8 2.1 -9 5
1349.6 -57.5 -8 7.8 1.2 3.7
2337.3 -129 -89.3 -55.6 -22.1 -0.5
10 5 16
623.7 46.7 -19.2 2.9 -9.2 4.9
1346.2 -58.7 -7.9 7.2 1.9 3.8
2296.5 -186.6 -83.1 0.3 34.5 18.5
10.7 4.5 15.6
620.3 49.3 -16.9 2.9 -11.1 4.6
1342.3 -57.2 -4 6 0.5 3.2
2299.6 -176.1 -60.1 23.3 33.7 -0.7
10.5 4.6 14.4
619.9 52 -17 3 -10.8 4.4
1341.7 -53.4 -3.1 5 2.2 3.2
2335.7 -127 -47.6 12.9 29 9.7
10.7 4 8.6
620.3 54.6 -15.4 3.5 -11.6 4.3
1341.7 -49.9 0.4 5.3 1.2 3
2373.2 -46.7 -10.8 10.7 26.3 -7.3
10.9 3.6 6.4
621.5 57.4 -13.9 4.1 -12.3 4.2
1343.1 -46.4 2.9 6.4 0.3 2.7
2402.9 -8.6 -2.3 -2.3 4.1 -13.1
10.7 3.3 5.5
623.1 60.2 -12.5 4.6 -12.8 4
1345 -43.2 4.9 7.3 -0.2 2.6
2404.4 -11.4 -3.9 -2.8 2.5 -8.9
10.5 3.3 2.7
625.4 62.6 -11.3 5.4 -13.3 3.6
1348.2 -41 5.9 8.8 -0.5 2.4
2407.1 -15.3 -3.9 -1.5 0 -2.9
10.4 3.4 2.7
627.6 64.8 -10.1 6.1 -14 3.5
1351.3 -39 6.7 10 -1.2 3.1
2406.3 -14.8 -3.2 -1.8 0.2 -3.4
10.1 3.7 2.8
630.2 66.5 -10.2 6.7 -14.3 3.3
1355.4 -38.3 5.1 11.7 -1 3.3
2405.3 -13.9 -1.7 -2.2 -0.3 -3.9
9.8 4.2 2.9
633 67.2 -10.6 7.2 -14.3 3.5
1359.4 -38.5 3.3 13.5 -1.1 3.7
2405 -13.2 -1.1 -2.3 -0.5 -4.3
9.5 4.7 2.9
635.3 67.3 -11.5 7.6 -14.4 3.6
1363.3 -39.7 0.7 15 -0.9 4.1
2405.2 -12.7 -1 -2.2 -0.4 -4.5
9.2 5.2 2.8
637.1 66.9 -13 7.5 -14.5 3.6
1366.4 -40.8 -2.4 16.2 -0.7 4.6
2405.6 -12.5 -1.3 -2.1 -0.3 -4.5
8.9 5.7 2.8
639 66.8 -14.3 7.9 -13.8 3.6
1369.5 -41.7 -5.2 17.6 0.3 4.4
2406.3 -12.3 -1.8 -1.7 -0.1 -4.5
8.7 6.1 2.7
640.7 66.6 -16 7.7 -13.3 3.5
1372.2 -42.5 -8.3 18 1.6 4.2
2406.9 -12.3 -2.5 -1.7 0.1 -4.5
8.7 6.4 2.7
641.9 65.5 -17.6 7.4 -12.8 3.6
1374.2 -44.1 -10.7 17.8 2.5 4.4
2407.4 -12.6 -3 -1.9 0.4 -4.6
8.7 6.5 2.7
643.1 64.1 -18.6 8.2 -12.1 3.8
1376.5 -46.2 -12.6 19.6 3.2 4.4
2407.8 -13 -3.5 -1.6 0.6 -4.5
8.6 6.7 2.7
643.8 63.3 -18.7 8.6 -11.3 4.2
1377.6 -47.5 -12.5 20.2 3.9 4.6
2408.1 -13.5 -3.5 -1.6 1.1 -4.5
8.7 6.6 2.7
645.4 62.9 -19.7 8.9 -10.8 3.8
1380 -48.5 -14.4 21.2 4.8 3.8
2408.7 -13.9 -3.9 -1.6 1.4 -4.7
8.9 6.4 2.8
646.4 63 -18.7 9 -11.1 3.3
1381 -49 -13.1 21.3 4.3 3.3
2409.1 -14.1 -3.3 -1.8 1.5 -5
winner is: 8
