Regression analysis information for: KLH021c_0118
number of formants: 3
number of coeccicients: 5
3.2 88.7 39.7
307.7 28 -19.3 -1.5 -4.1 4.5
1971.2 159.6 -214 163.3 -105.6 44.2
2431.8 74.3 -55.6 -15.7 -32.6 12.6
3.1 69.4 43
307.5 27.5 -18.7 -1.3 -4.5 4.3
2003.5 107.3 -169.2 145 -107.4 74.6
2437.5 62.2 -69.5 -28 -15.8 23
3.2 58.9 38.8
307.3 27.2 -18.2 -1.2 -4.8 3.9
2028.1 59.9 -131.7 118.1 -98.6 83.4
2441.7 53.8 -76.3 -46.6 -31.6 2.4
3.2 51.9 31.8
307.2 27 -17.5 -1.1 -5 3.8
2037.5 43.2 -114.9 102.7 -83 73.8
2454.4 71.5 -67.8 -36.5 -26.8 -2
3.3 46.4 24.8
307.1 26.9 -16.8 -1.1 -5.1 3.7
2065.9 -13.1 -70.8 66.4 -62.9 67.4
2464.9 80.3 -61.1 -22.5 -15.8 5.6
3.3 46.7 13.4
307 26.9 -16.2 -1.4 -5.2 3.6
2083.3 -46.1 -46.2 45.8 -49.1 59.8
2478.3 83.7 -53.4 -8.6 2.5 13
3.2 40.9 13.3
307.2 26.3 -15.3 -2.1 -5.3 2.8
2088.7 -56 -39.3 37.1 -41.8 50.7
2481.8 77.6 -59.2 -6.8 4 12.3
3.1 67.5 35
307.1 26.6 -14.8 -2.2 -5.3 2.7
2072.8 -64.5 0.6 45.9 -77 32.2
2469.7 69.9 -34 4 -23.6 -1.8
3.2 61.7 42.1
306.8 27.8 -14.9 -1.6 -5 3.2
2076.4 -60.9 -9.1 53.9 -74.4 38.3
2464.4 67.9 -24.7 9.2 -33.8 -6.2
3.2 52.5 41.1
306.8 28.1 -14.6 -1.6 -5 3.2
2084.2 -63.1 -13.3 49.7 -63.2 40.2
2467.3 68 -26.7 10.8 -30.9 -5.9
2.9 46.2 30.2
307.2 27.6 -14.2 -2.2 -5 2.4
2092.4 -67.2 -14.7 41.5 -52 40.6
2477.9 69.3 -39.2 7.3 -16.3 2
2.8 35.7 24.9
307.2 27.9 -14.1 -2.1 -5 2.3
2102.2 -66.4 -26.1 37.2 -37.8 48.7
2481.4 72.2 -43.3 6 -9.7 4.7
3.1 33.7 15.1
307.1 29 -14.2 -1.5 -4.7 2.9
2103.7 -63.8 -25.6 40.4 -37.2 51
2491.4 78.9 -62.1 -0.4 11 14.8
3.1 32.2 15.5
307.1 29.2 -14 -1.5 -4.7 2.7
2106.6 -66.2 -22 39.7 -36.6 50.9
2489.8 84.9 -61.7 -3.5 16 11.9
3 30.6 15
307.2 29.4 -14 -1.5 -4.7 2.6
2108.2 -66.1 -17.9 37.2 -32.9 47.6
2489.1 89.7 -59.7 -3.9 17.5 9.4
3 29.6 15.3
307.3 29.5 -14 -1.5 -4.7 2.5
2109 -64.7 -15.9 35.6 -30.5 45
2489.9 93.3 -59.9 -3.4 18.2 6.7
3 27.4 14.3
307.5 29.6 -14 -1.6 -4.7 2.4
2111.2 -66.1 -11.4 31.5 -25.5 40.1
2492.1 95.1 -61.3 -0.6 18 3.4
3 26 13.7
307.6 29.6 -14 -1.7 -4.8 2.3
2113.2 -67.1 -9.3 29.7 -23.9 37.8
2496.6 93.8 -63.2 2.5 15.4 1.7
2.7 25.4 13.3
308 28.9 -13.9 -2.3 -5.1 1.6
2116 -70.5 -6.3 26 -22.7 36.1
2502 91.7 -64.1 5.2 12.5 3.6
2.7 24.7 13.7
308.2 28.9 -13.9 -2.4 -5.2 1.5
2118.8 -73.3 -4.6 24.8 -22.9 34.9
2507.9 88.1 -67.1 8.9 8.9 2.2
winner is: 20
