Regression analysis information for: KLH021a_0839
number of formants: 3
number of coeccicients: 5
2.5 34.3 163.4
302.9 -25 -7.8 3.7 -2.7 -0.5
992.3 -23.6 44.6 15.8 18.2 3.1
2085 256.8 -166.5 80.3 15.7 -34.9
2.1 13.9 156.1
301.5 -25.4 -4.4 0.4 -1.9 0.8
992.9 -54.3 63.5 -8 19.7 4.7
2116.8 188.6 -40.2 -82.3 177.4 -145.5
2.3 13.8 21.5
301.6 -25.2 -5.7 2 -3.4 2.3
998.6 -49.1 66.4 0.8 17.6 13
2212.7 46.3 -34.3 56.9 -34.2 41
2.2 22.1 117.7
300 -23.7 -5.9 0.1 -2.8 1.7
976.3 -39.9 45.1 -12.1 17.1 -0.3
2036.4 314.2 -165.7 -4.2 121 -141.1
2.1 13.4 106.2
299.5 -23.5 -6.5 0.8 -2.8 2.4
985.3 -43.1 56 -6.7 15.6 15.6
2095.2 249.9 -110.3 9.2 104.5 -116.5
1.7 11.7 50.2
298.2 -23.8 -5.8 1.1 -2 2.6
975.7 -45.7 57.8 -6.9 19.9 17.7
2126.1 192.1 -67.2 -29.8 107.3 -110
1.7 12.4 38.2
298.3 -23.1 -4.6 0.4 -2.1 2.5
970.4 -39.8 57.8 -10.1 16 16.7
2175.2 109.2 -30.4 -19 68.6 -55.5
1.6 13.1 24.2
297.7 -23.6 -4.9 1.4 -2.1 2.7
973.4 -42.2 65.1 -4.1 20.6 18.6
2217.2 37.5 -17.1 9 4.2 -0.4
1.3 11.3 23.2
297.6 -23.2 -3.8 1.6 -1.5 1.7
967 -38.2 65.4 -0.5 22.3 11.1
2220.6 38.1 -15.3 12.3 3.3 3.4
1 10.5 8.3
297.6 -23.7 -3.4 1.9 -1.1 1.4
967.3 -42.8 69 1.4 26 8.5
2231.8 19.3 -12.7 25.8 -17.1 19.2
1.1 11.4 9
297.8 -24.3 -3.8 2.9 -1 1.5
977 -44.6 78.4 7.6 32.1 8.8
2232 20.7 -9.7 29.5 -12.7 17.7
1.2 12.9 6.6
297.2 -24 -3.1 3.6 -0.9 1.1
972.8 -40.3 84.1 14.4 34.9 7.1
2225.6 17.9 -0.8 45.7 -3.3 18.3
1.1 12.3 5.3
298.1 -23.9 -2.9 3.3 -0.7 1
973.8 -39.5 77.6 14.2 32.1 7.2
2231.5 22.5 -0.1 40.1 -8.3 18.9
1.2 12.9 6.4
298.2 -23.9 -3.4 3.7 -0.7 1
981.9 -38.1 85.2 15.8 37.1 6
2233.1 26.7 2.5 41.7 -4.1 15
1.1 13.5 5.8
298.7 -24.5 -3.3 3.4 -0.5 0.9
978.5 -45.3 75.9 13.9 33.8 6.2
2230.6 16.3 -1.4 38.6 -4.9 18.1
1.2 14.6 6.9
299.2 -23.9 -2.7 3.4 -0.6 1
983.7 -38.5 82.8 15.9 36 8
2239 28.9 6.1 37.8 -6.1 18.3
1.3 15.2 10.8
299.3 -23.6 -3.7 3.7 -0.8 1
991 -34 86.5 16.6 38.1 6.7
2243.7 38.6 2.7 33 -8.5 15.7
1.2 15.7 11.5
300.2 -23.8 -3.5 3.2 -0.7 1
990.9 -36.7 79.7 15 34.7 8.6
2248.9 37.5 1.3 26.2 -14.1 18.4
1.4 17 16.4
300.2 -23.5 -4.4 3.4 -0.7 0.9
997.7 -33.6 84.7 14.6 39.2 6.8
2252.1 43.4 -0.7 22.5 -12.1 16.9
1.4 17.5 18.3
300.7 -22.8 -4.4 3.1 -0.3 1
1001.5 -27.5 87.6 14.7 42.5 7.5
2258 52.7 2.8 20.5 -11.8 17.1
winner is: 13
