Regression analysis information for: KLH021a_0368
number of formants: 3
number of coeccicients: 5
36.1 67.2 116.2
610.9 -79.9 39.4 -56.1 32.6 -16.7
1268 -12.8 224 -207.2 88.2 117
1664.5 -60.4 387.5 116.4 130.5 129.5
38.1 69.8 113.3
618.6 -101.5 64.6 -87.5 56.2 -36
1277.1 -26 198.9 -208.1 82 101.4
1692.4 -190.7 426.6 40.9 164.9 131.1
42.6 72.8 102.6
628.6 -116.8 70.9 -97.8 66.6 -50.7
1284.8 -4.2 209.6 -219.6 77.3 97.1
1710 -207.7 446.4 -8.6 199.1 105.5
39.4 92.7 115.3
649.5 -149.4 79.6 -95.2 50.7 -41.3
1295.6 -45.3 207.1 -225.3 15.9 114.7
1731.4 -308.7 404.8 -28.4 85.7 142.7
67.8 76.5 189.8
632 -136 117.9 -138.6 46.8 3.6
1294.4 -10.5 262.2 -227.2 15 155.3
1843.9 -151.8 414.7 -137 -21.7 131.9
43.3 150.6 269.6
653.8 -147.9 70.6 -89.6 41.5 -39.9
1323.4 -85.2 128.4 -168.1 22.9 9.5
1905.6 -275.4 129.6 -177 -96.3 -103.5
48.2 140.4 238.1
666.7 -158.3 62.7 -91.7 62.4 -69.9
1353.7 -89.3 82.6 -127 71 -28.5
1993.4 -279.6 -18.8 -188.4 -70.5 -162.8
18.1 45.7 96.9
676 -157.5 28.3 -33.6 5.3 -34.3
1417.2 -194.4 7.1 -35.4 -18.5 3.2
2145.7 -279.8 -105.8 -108 -92.7 -88.3
15.6 6.1 44.6
676.2 -156.2 23.9 -30.6 1.9 -32.8
1451.9 -130.4 60.4 0.5 -1.4 0.7
2210.8 -186.1 -69.4 -85.9 -44.4 -48.5
12.5 6.8 36.4
675.9 -152.3 16.2 -23.1 -2.8 -29.3
1452.1 -129.8 59.6 -0.4 -1 1.1
2224.6 -156.7 -42.6 -63.4 -25.2 -33.1
10.7 6.9 40.2
676.3 -150.9 12.7 -19.2 -4.6 -28.1
1452.6 -128.5 59.8 -0.6 0.2 1.3
2229.3 -145 -31 -51.9 -11.1 -18.4
10.6 6.6 19
677.2 -151.2 12.6 -17.1 -4.4 -28.3
1453.6 -126.9 60.6 0.8 1.8 2
2253.7 -96.9 9.3 -21.5 7.7 -13.2
10 6.1 8.1
677.4 -151.4 13.6 -15.8 -5.2 -26.7
1454.3 -125.6 61.8 2.1 3.4 2.5
2261.8 -79.8 23.1 -9.1 17.7 -7.1
9.9 5.8 7.9
677.2 -152 15.7 -15.5 -5.2 -25.3
1455 -124.9 63 3.7 4.8 3.6
2262.3 -79.5 22.9 -9 18 -7.4
10.4 5.5 7.9
676.7 -153.4 18.5 -16.5 -5.3 -23.9
1455.4 -125.2 64.2 5.1 5.8 4.7
2262.9 -79.2 22.3 -8.2 17.7 -7.3
12.3 5.2 7.9
675.6 -154.1 22.1 -17.8 -5.6 -22.6
1455.6 -125.5 65.7 6.3 6.6 5.7
2263.7 -79.5 22.4 -7.8 17.9 -7.3
13 5.1 8.2
673.9 -154.6 26.3 -20.8 -6.1 -20
1455.1 -126.7 66.3 6.3 6.2 6
2264.5 -80.2 22.3 -7.3 18 -7.6
14.7 5 8.5
670.1 -153.4 32.8 -27.1 -5.7 -15.2
1454.2 -127.2 68.1 6.5 6.7 7.9
2265.4 -81.3 22.6 -6.7 18.1 -7.6
15.5 5.2 8.6
667.6 -154.2 35.9 -29.5 -6.7 -13
1452.1 -129.8 68 6.6 5.7 8.9
2265.6 -83 22.9 -6.6 18.5 -7.5
18.1 5.2 8.6
662.9 -151.2 39 -33.3 -6.9 -11.3
1449.7 -131.3 68.9 6.1 4.2 8.3
2265.8 -84.8 23.6 -6.4 18.3 -7.7
winner is: 14
