Regression analysis information for: KLH021a_0438
number of formants: 3
number of coeccicients: 5
1 249.1 62.9
262.2 -0.3 -1.9 -3.8 1.5 -2.2
1371.1 -678.4 2 446.3 -33.9 146.6
2136.7 -161.6 13.6 -8.7 9.1 31.3
7 312.7 52.3
259.4 -2.6 -1.1 0.2 7.4 0.7
1574.3 -232.6 292.3 471.8 -144.2 -81.6
2215.9 -61.6 100.7 33 -23.6 15.8
1.2 340.4 47.9
262.5 2 -0.9 -4.8 1.8 -2.5
1522.5 -150.5 503.4 204.3 -198.6 -135.4
2232.3 -63.2 105.3 10 -43.3 2.6
1.3 220.6 34.7
262.9 2.9 -1 -5.2 1.8 -2.9
1709.1 223 34.5 -401.2 218.4 -173.1
2269.8 -10.3 25.6 -86.5 23.3 12.7
1.4 229.6 34.6
263.5 3.6 -0.8 -5.7 1.4 -3.2
1685.2 224.3 83.6 -413.7 167.3 -126.8
2268.3 -10.8 25.1 -84.6 22.6 13.6
1.4 180.6 26.2
263.7 3.6 -0.9 -6 1.3 -3.4
1788.1 95.4 135.8 -454.2 137.3 41.3
2284.9 -29.8 30.3 -91 27.1 28.1
1.4 179.7 26
263.9 3.9 -1.3 -6.4 1 -3.2
1814.9 54.4 150 -430.2 91.8 92.8
2288.6 -36.4 34 -86.1 19.4 35.1
1.4 159.9 26.2
263.9 3.4 -1.7 -6.7 0.7 -3.1
1852.9 5.4 149.5 -383.9 35.1 137.7
2293.1 -41.7 35.6 -80.4 12.2 41.2
1.6 148.4 27.6
263.3 2.6 -2.2 -6.6 0.7 -2.8
1882.4 -26.5 140.8 -347.8 0.2 160
2299 -47.4 36.4 -75.1 5.3 45.6
1.5 137.1 29.5
263 1.9 -2.9 -6.7 0.8 -2.7
1905 -64.7 150 -300.3 -74.1 183.5
2304.1 -52.7 36.9 -68.3 -1.9 47.4
1.5 137.1 32.7
262.5 1.5 -3.2 -6.3 0.9 -2.5
1936.6 -72.2 87.8 -277 -19.9 144.6
2309.7 -54.4 28.5 -66.1 7 41.6
1.5 135 34.2
262 0.9 -3.3 -5.9 1 -2.4
1955.9 -98.4 81.9 -243.2 -61.5 152
2314.9 -60.4 25.9 -60 0.7 40.9
1.4 138.7 32.5
261.7 0.3 -3.6 -5.4 1.5 -2.1
1996 -115.2 2.2 -195.5 -5 72
2328.3 -68.1 0.6 -42.7 14.5 14.8
1.4 68.9 23.1
261.3 0.1 -3.6 -5 1.4 -2.3
2041.7 -160.2 -56.7 -113.3 -28.1 6.2
2337 -78.2 -10.7 -28.1 8.9 3.5
1.5 12.4 9
261 -0.1 -3.7 -4.6 1.6 -2.4
2068.8 -189.3 -91.6 -63 -46.6 -34.3
2344.6 -87.2 -22.8 -12.2 1.9 -7.8
1.5 12.6 9
260.7 0 -3.7 -4.5 1.7 -2.5
2069.3 -190.8 -92.2 -64.1 -46.5 -34.3
2344.1 -86.7 -24.6 -10.7 0.1 -5.7
1.6 12.5 9.8
260.4 -0.1 -3.6 -4.1 1.9 -2.7
2069.3 -192.3 -93.3 -65.5 -46.6 -34
2342.7 -86.8 -26.1 -8.7 -1.2 -3.8
1.6 12.4 10.2
260.2 0 -3.6 -4 2.2 -2.8
2069.9 -192.4 -92.4 -65.1 -46.3 -33.4
2341.6 -84.6 -28.3 -5.5 -3 -1
1.6 12.1 10.1
260 0 -3.5 -3.7 2.3 -2.9
2069.7 -192.9 -92.4 -64 -45.2 -31.5
2340.4 -85.2 -27.8 -3.1 -2.4 -0.9
1.7 12.1 9.5
259.8 0.1 -3.5 -3.8 2.4 -2.9
2070 -192.6 -92 -62.2 -44.2 -30.2
2340 -84.6 -28.1 -1.8 -1.3 -0.2
winner is: 15
