Regression analysis information for: KLH021a_0499
number of formants: 3
number of coeccicients: 5
5.1 5.4 22.8
494.9 40.3 -3.3 6.4 -8.1 0.5
1804 38.1 -12.4 9.9 1.6 12.9
2378.7 -40.4 -2.8 -7 -17.1 -17.3
5.4 5.1 8.5
490.9 39.6 0.7 7.1 -9.6 -0.3
1807.2 40.2 -12.9 11.4 2.6 12.7
2400.6 -6 13.7 -1 -7.3 -1.9
6.2 5.2 8.5
488 38.4 4.3 9.1 -9.6 -1.5
1808.8 40.8 -14.4 11.2 2.3 12.6
2399.7 -7.1 11.7 -0.5 -6.1 -0.9
6.9 5.1 8.3
484.9 36.7 7.5 10.3 -9.8 -2.2
1811 42.1 -15 11.7 2.5 12.2
2399.7 -7.8 9.7 -0.3 -5.2 -0.7
7.4 4.8 58.6
482 35 9.2 10.7 -9.6 -2.7
1813.4 43.6 -14.9 12.9 2.4 12.1
2365.4 33.2 34.2 -62.9 39.8 16.1
7.6 4.7 97.1
480 33.2 9.8 10.8 -9.7 -2.2
1815 45 -14.6 13.5 2.6 11.3
2324.3 75.9 79.6 -137.3 67.4 60.9
7.4 35.8 128.4
476.9 30.1 9.5 11 -9.4 -1.7
1792.2 35.3 27.7 42.6 -26.5 -29.8
2216.9 84 228.2 -117 5.2 -26.7
19 117 118
465.3 16.5 10.5 24.9 3.4 -0.1
1756.7 -11.2 48.6 143.9 81.7 -18.3
2157.1 53.3 301.1 -40.2 24.4 -57.9
6.2 12.7 76.7
472.8 25.3 6.1 11.5 -8.3 0.8
1814.8 46.9 -4.8 23.3 4.1 2.2
2185.7 49.1 296.3 -53.7 -56 -59.8
5.6 5.6 66.1
471.5 22.8 4 11.1 -8.1 1.8
1820.3 52.4 -9.2 13.8 1.8 8.6
2248.3 32.7 214.5 -34.8 -29.5 -42.6
5.1 5.8 56
470.7 20.8 2.1 10.6 -8.5 2.1
1821 53.3 -8.1 14.1 1.8 8.2
2313.7 8.4 133.7 -3.8 -17.8 -38.1
5 6.3 10.3
469.7 18.5 -0.6 10.3 -8.5 3
1821.7 54.7 -7.4 14.9 1.4 7.8
2406.6 -2 13.3 -3.3 -4.1 -5.6
4.8 6.5 10.1
468.9 16.2 -3.2 9.6 -8.9 3.3
1822.5 55.8 -6.8 15.9 1.3 7.7
2407.3 -1.6 14.2 -2.4 -4.9 -6
4.7 6.6 10.5
469.1 16.3 -3.3 10.9 -8.4 3.7
1822.7 55.6 -7.6 16.1 0.6 7.1
2407.5 -1.6 14.1 -2.9 -5.1 -6.2
4.5 6.4 10.7
469.1 16 -4.1 11 -8.4 3.9
1823 55.7 -8 16.7 0.5 7.2
2407.6 -1.6 14.3 -2.7 -5.2 -6.4
4.2 6.1 10.6
468.9 14.9 -5.7 10.2 -9.4 3.2
1823.5 55.9 -8.1 17.5 0.7 7.4
2407.8 -1.5 14.4 -2.2 -4.8 -6.2
4 5.8 10.3
468 13.7 -6.2 11.4 -9.4 2.5
1823.6 56.4 -8.7 18.6 0.5 7.3
2408.4 -0.8 13.8 -2.5 -5.5 -5.9
3.8 5.6 10.3
467.7 13 -6.9 11.1 -9.9 2.1
1823.9 56.6 -9.1 19.4 0.6 7.4
2408.6 -0.5 13.5 -1.9 -5.4 -5.8
3.7 5.3 10.1
467.3 12.1 -8 10.3 -10.8 1.2
1824.3 56.7 -9 19.9 0.9 7.3
2408.8 -0.5 13.5 -1.5 -5 -5.8
3.9 4.9 9.7
466.3 10.9 -8.8 8.7 -11.8 0.3
1824.2 57.3 -8.1 19.7 1.3 7.3
2408.9 -0.4 13.9 -1.5 -4.7 -5.8
winner is: 20
