Regression analysis information for: KLH021a_0057
number of formants: 3
number of coeccicients: 5
11.1 17.7 52.2
362.8 59.9 -43.9 -19.1 -17.8 0.4
1071.1 179.8 43.6 1.8 -24.4 -4.3
2009.1 401 -110.5 -13.8 16.7 -32.9
12.4 17.8 51.4
363.6 61.8 -44.7 -22.9 -19.5 1.8
1070.7 181.4 42.8 -1.9 -25.8 -1.9
1985.1 402.2 -54.6 -42 -8 -13.5
13.6 17.5 48.6
365 63.5 -45.8 -26.8 -20.7 2.6
1071.8 182.3 42.4 -6.9 -25.2 -0.2
1989.3 393.2 -30.6 -80.3 11.2 2.5
14 18.3 57.5
365.7 63.9 -45.9 -28.6 -22.1 2.4
1072.6 182.1 43.3 -9.4 -26.2 -0.1
1990.3 365.3 10.3 -84 3.6 -19.8
12.3 17.7 61.9
364.5 62.1 -44.3 -25.9 -21.5 -0.4
1073.3 180.6 44.7 -9.3 -25.6 -2.3
2016.4 331.2 22.8 -99.5 27.3 -35.3
11.3 17.3 67.5
362.2 57.1 -44.8 -24.4 -19.9 0.6
1074.5 177.6 46.7 -9.4 -26 -2.4
2051.9 278 55 -121.7 45.5 -46.6
9.7 16.4 61
359.5 51.3 -44.5 -20.8 -17.7 0.4
1075.2 173.1 48.7 -6.5 -25.9 -4.8
2095.4 221.3 72 -128.9 60 -54.3
7.3 13.1 44.2
355.3 43.4 -44.6 -14.4 -13 0.3
1074 166.9 50.5 1.1 -22.5 -8
2140 178.8 61.2 -122 72.7 -52.2
5.6 11.2 26.8
354.5 38.6 -46.6 -12.3 -11.3 0.7
1075.3 161.5 49.5 5.1 -20.9 -9.5
2193.2 129.7 37.5 -97 73.6 -37.1
4.3 10.2 21.6
354.4 34.7 -48.8 -9.8 -9.7 1
1076.7 157 48.1 10.2 -19.1 -10.6
2250.1 75.8 5.6 -52.7 63.8 -28.4
3.6 10.1 17.6
354.5 30.7 -52 -7.1 -7.3 2.1
1078.2 152.8 44.5 15.1 -16.1 -9.6
2296.6 20.6 -8.4 2.4 17.8 -13.2
3 10.6 8.7
355.4 27.6 -55.8 -4.6 -5.7 2.9
1079.1 148.1 39.3 19.3 -13.9 -7.8
2311 0.4 -5.1 17.2 -3.4 2.6
3.1 11.6 8.5
356.8 25.8 -58.8 -1.8 -4.4 2
1080.3 145.6 35.7 23.5 -11.9 -7.5
2310.8 0.4 -5 17.2 -2.4 3
3.4 12.5 8
358.4 24.4 -61.5 0.2 -4 1.9
1081.9 144.4 32.7 26.4 -11.4 -5.9
2310.4 0.8 -6.1 17.9 -1.9 3.6
3.1 13.8 7.5
359.1 23.3 -62.7 1.7 -3.9 1
1081.9 143 31.6 28.4 -11.6 -5.7
2309.9 0.4 -7.7 18.5 -2 4.3
3.6 13.9 7.1
359.6 22.7 -63.6 2.9 -2.9 0.7
1082.3 142.2 31.6 30.6 -10.2 -5.6
2309.8 0.1 -8 19.9 -1.6 4.7
3.7 14.3 7.4
358.3 23.2 -60.9 1.6 -4.8 2.2
1081.5 142.9 34.6 29.9 -12 -3.8
2310.2 0.2 -7.9 20.4 -1.7 5.6
3.5 14.5 7.4
357.3 24 -59.3 0.2 -4.9 3
1081.1 144.1 37.2 29.1 -11.5 -2.8
2311 -0.3 -6.8 20.3 -1.2 5.9
3.2 14.8 7.9
356.8 24.4 -58.3 -0.7 -5.3 3.6
1081 145.3 39.1 28.7 -11.3 -1.5
2311.7 -0.4 -5.8 20.4 -0.6 6.6
3.1 15.3 8.6
356.2 25.3 -57.4 -1.7 -5.8 3.9
1080.6 147.1 40.5 28.1 -11.5 -1.2
2311.6 1.3 -6 20.4 -1.1 6.7
winner is: 12
