Regression analysis information for: KLH021c_0014
number of formants: 3
number of coeccicients: 5
2.4 8.1 31.6
409.8 -81.4 28.3 -10.2 3.2 -2.7
1719.3 42.4 -10.2 14.2 -4.3 10.2
2214.3 -176.7 -100.1 -43.5 -5.2 -4.7
2.4 8.6 31.1
408.3 -79.5 27.8 -9.9 3.4 -2.4
1717.7 44.5 -11.2 14.3 -4.2 9.9
2213.9 -168.5 -98.4 -29.6 10.7 -6.9
2.4 8.8 32.5
407.7 -78.6 27.6 -9.6 3.3 -2.5
1716 46 -12 15.1 -4.1 9.3
2207 -152.6 -99.5 -16 23.6 -12.2
2.3 9 25.2
407.4 -78.1 27.8 -9.7 3.1 -2.1
1714.7 47.3 -12.2 15.2 -4.8 9.5
2202.3 -138.3 -100.6 -10.3 26.1 -8.1
2.2 8.7 20.3
407.6 -78.1 27.8 -9.6 3 -2
1714.4 47.2 -12.5 14.6 -5 9.4
2205.1 -126.2 -94 -8.2 31.6 2.4
2.3 8.6 20.4
408.4 -78.3 27.9 -9.4 3 -1.9
1715.6 46.2 -13.2 14.5 -5.8 9.7
2228.2 -102.4 -71 9.6 35.7 16.1
2.3 8.6 20.5
409.4 -78.7 28.4 -9.6 3 -1.7
1717.9 45 -12.8 12.9 -6.3 10.1
2260.2 -72.4 -33.3 20.3 43.8 32.4
2.2 8.3 17.8
410.8 -79.2 28.9 -9.7 3.1 -1.6
1721.2 43.5 -12.4 11.8 -7 10.5
2296.7 -55.2 -3.7 18.8 36.5 38.7
2.2 8.2 14.1
412 -79.7 29.6 -10 3.3 -1.6
1724.4 42.5 -11.8 10 -6.7 10.7
2319 -36.6 6.8 7.1 19.5 32.3
2.2 7.9 9.1
413.6 -80.6 30.4 -10.1 3.1 -1.5
1729.1 40.2 -11.4 9.2 -8 11.2
2337.1 -18.6 6.1 -10.3 -6.5 14
2.4 7.5 4.3
414.9 -81.3 31.4 -10.7 3.3 -1.7
1733.3 38.6 -10.9 7.4 -7.8 10.8
2343.6 -12 7.5 -15.8 -14.7 1.8
2.4 7.4 3
416.4 -82.4 32.7 -11.2 3.4 -1.8
1738.5 35.7 -10.4 6.2 -8 11
2344.6 -15.8 6.5 -14 -10.9 3.1
2.6 7.1 2.5
417.7 -83.6 34.4 -12.1 3.3 -2
1743.5 32.9 -10 4.6 -7.8 11.1
2346.9 -17.6 5.9 -13 -8.5 3.8
2.9 7.2 2.3
418.5 -84.9 36.6 -13.1 3.1 -2.1
1748.3 29.5 -9.5 3.8 -7.4 10.9
2349.4 -18.6 5.6 -12.3 -7.1 3.9
3.4 7.1 2.1
418.6 -85.8 39.6 -14.6 2.4 -1.7
1753.2 26 -9.8 3.9 -7.7 10.7
2352.2 -19.4 5.1 -11.1 -6.6 3.7
4.1 7.2 2.2
417.6 -86.3 43.7 -16.9 1.2 -1.2
1757.9 22.9 -10.5 3.6 -7.9 11
2354.7 -20 4.3 -10.7 -6.4 3.6
5.2 7 2.1
415 -85.9 50.1 -20.6 -0.3 0
1762.7 19.8 -11 3.5 -8.1 10.9
2357.4 -20.2 4.1 -10.1 -6.1 3.5
6.2 6.7 1.9
410.3 -84.5 58.2 -24.8 -3 1.9
1766.3 17.5 -12.4 3.3 -8.1 11.5
2359.4 -20.5 3.3 -9.9 -5.9 3.9
7.5 6.5 2
402.7 -81.1 70.1 -32.6 -6 5.5
1769.9 15.1 -13.1 3.5 -8.3 11.6
2361.3 -20.6 2.9 -9.7 -5.9 3.7
9.8 6.5 2.1
391.8 -75.9 86.3 -42.7 -10.5 10.4
1773.2 13 -13.4 3.1 -8.5 11.9
2363.1 -20.6 2.8 -9.7 -6 3.6
winner is: 13
