Regression analysis information for: KLH021a_1230
number of formants: 3
number of coeccicients: 5
5.7 11.3 18.5
424.1 65.9 9.8 -5.4 -0.4 1.4
1832.9 -158.5 -66.3 -23.4 -13 -11.3
2309.2 -58.8 -43.8 25.5 2.6 31.7
5.9 11.5 51.9
420.5 64.1 8.3 -4.4 0.2 2.3
1836.1 -156.5 -65.1 -24.2 -14.1 -12.7
2284.5 -112.3 -60.8 20.1 36.3 64.3
6.5 60.7 79.4
416.7 64.3 8.7 -3.7 0.9 1
1804.6 -213.5 -81.7 3.2 46.2 55.5
2245 -192.8 -113.1 -11.1 37.7 77.2
9.9 96.9 69.6
410.2 63.8 10.3 0.2 5.8 2.8
1775.7 -262 -78.1 53.1 112.1 98
2219.2 -239.1 -130.7 1.2 65.4 101.3
7.7 83.7 59.8
405.1 69.6 14.5 -3.7 0.9 0.9
1775.6 -268.2 -65 71.2 110.5 72.4
2201.2 -268.7 -126.1 31.5 85.1 90.5
8.2 79.6 39.2
400.1 72 19.5 -4.3 -0.4 0.5
1739.8 -306.4 -21 149.5 138 33.6
2160.5 -303.2 -62.2 135 124.4 47.1
7 178.1 69
395.8 74.1 24.4 -4.7 -2.3 0.6
1692.6 -138.4 -148 238.3 -30.8 102.2
2140.7 -253.4 -52.6 204.2 88.2 54.1
4.9 161.4 76.7
392.9 77 27.8 -6 -4.4 0
1705.5 -129.4 -145.2 205.9 -23.9 71.4
2142.9 -221.3 -26.1 237.3 87.3 50
4.3 229.2 108.4
392.3 79.1 29.5 -6.9 -5.9 0.2
1642.1 -120.5 -0.1 73.7 -24.4 207.5
2091.4 -170.2 99.9 141.5 78 129
4.1 107.9 122.5
393.1 80.2 30.9 -8.3 -6.8 -0.1
1780.3 -153.1 -8.3 -9.8 -88.2 84.3
2153.1 -128.7 132.9 71.3 -19 52.9
4 39.4 101.2
394.3 81.7 31.5 -9.5 -7.5 -0.4
1834.9 -173.6 -32.4 -37.5 -39.7 28.4
2230.1 -91.9 97.8 3.5 -64.1 48.6
4 82.9 88.9
395.5 83 32 -10.4 -7.9 -0.4
1819.4 -124.4 -51.4 -78 34.6 -23.8
2235.4 -52.4 90.3 -33.8 -55.5 36
4 14.9 56.4
396.8 84.2 32.3 -11 -8.3 -0.4
1861.3 -172 -69.4 -17.3 -17.8 -3.9
2304.8 -71.5 19.1 22.2 -53.8 -2.4
4.1 12.2 16.1
397.9 85.1 32.4 -11.4 -8.1 -0.3
1864.4 -170.2 -72.9 -18.3 -13.7 -1.4
2332.5 -66.7 -33 11.8 -6 16
4.2 12.5 4.1
398.7 85.6 32.4 -11.4 -7.9 -0.3
1865.5 -169.4 -72.5 -18.6 -13.6 -1
2339.7 -66.9 -46.5 13.5 6.9 13.2
4.2 12.8 4.1
399.2 86.4 32.2 -11.1 -7.4 -0.1
1867 -168.9 -72.2 -18.8 -13.3 -0.5
2340.6 -66.9 -46.5 13.1 6.9 13.4
4.3 13.1 4.3
399.1 86.5 31.7 -10.5 -6.8 0.1
1868.3 -169.1 -72.2 -19 -12.8 -0.1
2341.5 -67.1 -46.7 12.6 7.3 13.6
4.2 13.3 4.4
398.2 85.8 31.4 -9.6 -5.7 0.9
1868.8 -169.9 -72.5 -19.1 -12.1 0.4
2342.2 -67.3 -47 12.5 7.7 13.7
4.1 13.6 4.5
397.4 85.6 31.3 -8.7 -5.3 1
1869.2 -170.7 -72.5 -18.9 -11.6 0.5
2342.7 -67.7 -47.3 12.5 8.1 13.6
4.1 14 4.8
396.2 85.5 31.5 -7.5 -4.8 1.3
1868.9 -171.1 -71.9 -18 -10.9 0.6
2342.6 -67.9 -47 12.9 8.4 13.5
winner is: 15
