Regression analysis information for: KLH021c_0720
number of formants: 3
number of coeccicients: 5
14.8 25.8 98.2
625.9 -166.5 64 -67.6 9.1 12.2
1232.5 -14.7 93.5 -50.1 49.6 -31.5
2026.7 -43.8 165.2 -117.4 96.8 -40.8
65.8 51.1 125.6
575.6 -83 8.2 -45.3 15.1 -0.9
1199.4 35.1 49.5 -16.6 34.2 -23.5
1961 30.7 74.4 -63.4 117.2 -64.7
69.4 51.2 136.9
580.7 -79.4 -7.5 -12.3 -29.6 52.1
1185.6 73.3 13.4 14.1 6.9 3.1
1981.6 108.6 10.5 -12.4 64.1 -24.5
15.4 15.9 70.9
627.2 -157.9 57.4 -73.4 22.7 1.7
1245 -18.4 87.1 -45 47.1 -25.1
2137.3 -5 108.8 -98.9 86.8 -50.7
15.3 17.4 79.7
637.9 -156.6 45.3 -62.7 14.1 9.4
1250.6 -0.9 72.7 -44.1 50.2 -20
2185.5 27.4 19.5 -139.3 115.9 -59
15.1 10.2 49.5
654.7 -160.4 32.1 -51.3 5.7 15.1
1274.3 -9.1 67.8 -38.4 39 -1.9
2245.8 -47.6 5.1 -69.3 44.8 -8.1
11.3 11.3 15.4
674.7 -167 16.5 -37 -1.2 14.6
1291.7 -9.9 61.5 -38.2 39.7 2.9
2277.6 -85.8 -9.4 -17 1.8 -4.1
7.1 13.7 4.2
696.3 -176.7 -1.5 -17.6 -7.9 7.1
1306.2 -10.3 54.2 -34.5 39.2 4.1
2285.1 -91.9 -11.9 -6.7 -5.3 -5.3
11.2 16.5 4.2
713 -184.6 -15.5 -2.3 -12.2 -2.8
1316.1 -9.7 47.7 -29.2 37.4 2.8
2287.1 -91 -11 -7 -4.5 -5.1
16.7 21 4.1
723.8 -188.6 -24.7 6.3 -13.6 -10.6
1320.7 -4.7 39.5 -23.8 36 -0.3
2289 -90.1 -10.4 -7 -4 -4.9
21.2 26.7 4
729.2 -189.4 -29.7 12.3 -13.9 -16.6
1318.5 8.5 28.2 -14.7 32.9 -3.2
2290.4 -88.9 -10 -6.7 -3.9 -4.7
27.8 32.4 4
728.9 -184.6 -34.4 17.1 -14 -25.2
1309.4 28.7 14.6 -3.5 27.9 -6
2291.4 -87.2 -10.1 -6 -4.2 -4.5
40.2 30.7 4.1
718.4 -168.3 -42.8 20.9 -14.1 -35
1294.1 53.9 2 5.4 21 -2
2291.6 -85.2 -11 -5.2 -5 -4.1
48.7 23.3 4.2
704.8 -151.3 -54.3 28.9 -16.1 -43.6
1279 72.7 -9.7 16.8 10.7 5.1
2291 -83.7 -12.4 -4.1 -6.2 -4.1
50.1 4.2 4.4
685.5 -128.2 -60.4 23.8 -8.8 -52.9
1262.4 91.5 -16.2 19.5 4.4 14.7
2289.4 -82.6 -14.3 -3.7 -7.7 -4.8
42.8 6.2 4.5
669.4 -108.2 -63.3 27.5 -12.4 -46.8
1255.3 97.2 -12.3 21.6 3 18.3
2288.1 -80.6 -14.4 -1.7 -8.3 -5.2
29 3.6 4.6
651.7 -87.7 -60.9 19.8 -11.2 -33.7
1254.5 93 -5.1 16.2 7.8 15.3
2286.6 -79.7 -14.9 -0.8 -8.8 -5.3
22.9 3.2 4.7
643.2 -78.6 -57.2 12.2 -9.4 -26.8
1254.7 90.5 -2.9 14.3 9 14.4
2285.6 -79.5 -15.3 -1 -9 -5
15.4 3.2 4.8
633.6 -68.5 -47.6 -0.9 -4.2 -19
1256.6 88.9 -2.1 16.4 8.9 13.1
2284.9 -78.4 -13.9 -1 -8.7 -4.7
12.3 3.8 5.2
632 -65.2 -45.1 -4.2 -2.8 -16.2
1258.7 89 -2 17.6 9.2 12.2
2285.3 -77.7 -12.9 -1.1 -8.3 -4.3
winner is: 20
