Regression analysis information for: KLH021a_0077
number of formants: 3
number of coeccicients: 5
29.2 9.7 70.7
459.3 123.3 -85.2 -64.8 -34.2 -32.7
1132.1 271.2 -54.6 -4.1 4.8 -5.7
2186.2 -45 -50.3 -114.8 -15.6 -51.8
24.4 10 59.2
450.3 122.3 -68.2 -65.1 -47.9 -32
1130.9 268.7 -50.4 -6.4 2.1 -3.4
2201.3 -67.9 -66.9 -102 -39.3 -38.8
25.6 33.1 155.9
445.4 117 -68.2 -67.8 -53.8 -37.5
1116.9 241.3 -74.2 -31.7 -20.1 -21.8
2165.4 -18.9 -32.5 -207.3 -46.8 -52.5
24.2 33 131.6
439.3 114.8 -56.7 -63.7 -61.9 -41.9
1114.5 238.4 -68.7 -33.5 -26.3 -22.8
2163.9 -46.5 -18.4 -204.6 -108.1 -7.2
23.3 19.1 123
436 112.9 -51.2 -61 -65.5 -44.9
1125.1 262 -40.3 -12.1 -14.4 -12.3
2175.2 -14 50.6 -155.8 -135.1 -18.9
24.9 45.3 99.3
428.4 99.2 -60.2 -68.1 -72.4 -48.8
1098.1 208.1 -86.3 -54.6 -49.1 -35.4
2175.7 -107.1 -45.1 -165.8 -210.9 -62.5
23.4 37.1 84.8
430.9 106.2 -49 -57.5 -66.2 -48.5
1108.3 227.6 -64.5 -39.6 -39.2 -32
2208.5 -84.1 -50.6 -146.6 -200.3 -77.9
23.1 41.7 80.2
429.2 102.4 -51.4 -58 -67 -50.2
1102.8 214.9 -74.7 -46.3 -42 -32.1
2212.4 -107.8 -97.9 -154.9 -184.1 -86.8
24.8 30.7 78.7
428.4 100.6 -49.4 -52.3 -62.5 -50.1
1115.7 235.8 -55 -29.9 -30.3 -28.4
2235.4 -83.2 -93.6 -137 -159.1 -89
26.2 40 82.5
425.7 94.8 -51.2 -48.8 -57.3 -48.8
1109.3 218.9 -69.6 -40.8 -34.4 -31.3
2228.1 -107.2 -117.4 -142.2 -158.6 -106.3
28 40.2 74.9
424.6 91.3 -51.8 -45 -51.8 -46.9
1112.4 219.4 -68.7 -39.2 -29.8 -29.8
2237.9 -100.4 -125 -153.6 -157.6 -97.5
30.5 26.7 101.2
424.7 90.4 -49.8 -39.1 -44.3 -44.5
1127 243.9 -44 -16.2 -8.9 -22.7
2241.9 -80.3 -71.5 -78.5 -87.8 -67.2
31 33.8 88.8
426 90.1 -50.2 -39 -42.3 -44.8
1125.3 236.3 -49.8 -21.6 -8.9 -26.1
2249.5 -72.6 -70.2 -86.2 -93.4 -68
32.9 17.9 97
426.5 89.8 -47.3 -34.9 -36.3 -42
1138.9 261 -20.6 6.8 21.2 -5.8
2268.7 -32.3 -14 -21.2 -26.4 -19.3
32.9 20.4 112.5
426.1 86.2 -48.9 -36 -34.9 -41.5
1138.8 258.4 -21.1 7.2 25.5 -4.3
2261.4 -44.4 -8.4 -2.3 1 -0.8
33.7 15.4 105.4
427.3 85.7 -47.4 -35.1 -31.6 -39.7
1143.6 263.3 -20 2.5 22.2 -8.6
2267.6 -37.7 -4.8 -4.7 0.9 1.2
34.5 17.5 100
428.3 85 -43.5 -33.9 -29.8 -38.1
1144.3 265 -17.9 1.9 22.3 -9.6
2279.8 -12.4 34.8 44.6 59.3 54.6
33.1 28.4 88.3
429.4 82.5 -44.5 -37 -29.7 -37
1143 259.1 -15.9 3.7 34.4 -8.5
2293.4 2.9 28.9 15.8 23.8 27.1
33.2 37.2 29.1
430 79.3 -41.5 -38.3 -29.7 -35.5
1150.8 259 -6.3 -12.8 34.8 -27.4
2342.2 77.7 56.3 -6.9 -13.4 14.8
31.8 58.2 28.5
429.4 73.8 -43.4 -42.1 -30.3 -34.6
1157.1 246.4 5.6 -27.6 48.7 -42.7
2344.3 79.4 58.5 -6.5 -12.1 15.5
winner is: 2
