Regression analysis information for: KLH021a_0624
number of formants: 3
number of coeccicients: 5
12.8 29.4 54.7
458.5 -56.8 -66.4 79.1 -43.8 17.7
1564.5 385.1 -7.7 65 -10.4 34.2
2172.4 -117.2 8.8 7.3 -41.2 -31.2
11.3 35.8 74
450.9 -52.4 -66.8 80.8 -45.1 16.4
1575.1 402.6 -16.4 56.5 -22.3 23.2
2193.9 -92.2 24.6 34.9 -24.6 -34.8
11 35 109.8
443 -53.6 -61.6 81.6 -46.6 16.5
1572.6 398 -17.7 60.2 -20.7 18.9
2180.5 -71.5 112 99.2 -36.3 -50.6
11 70.6 115.6
436.5 -50.7 -59.4 78.3 -44.9 12.8
1517.7 377 78 116.5 -91.8 -60.6
2194.6 -33.4 161.4 126.7 -40 -50.5
12.8 104.6 136.9
426.6 -43.1 -55 69.1 -39.5 12.3
1443.9 308.8 112.3 159.7 -60.5 1.1
2138.1 -29.8 246.3 114.5 -86.3 -5.1
12.3 103.1 130.7
422.4 -40.4 -55.7 66.7 -38.6 11.7
1426.9 290 107 181.8 -20.2 34.2
2134.2 -42.5 254.7 115.9 -86.5 16.9
12.8 192.2 154.1
419.5 -37 -55 60.8 -35.1 13.9
1304 59.3 -77.9 62.5 -55.5 76.2
2094.2 -111.8 205.4 62.1 -116.8 33.9
21.7 163.4 87.3
409.8 -44.3 -56.7 60.8 -32.5 5.2
1217 -66.2 -99.5 137.9 -16.4 -25
2046.5 -182.9 204.2 144.4 -46 -10.4
16.5 85.1 105
412 -35.1 -57.6 52.1 -31.4 12.7
1221 -111 -265.3 -96.9 -194 -87.1
2043.2 -173.6 176.2 9.1 -158 14.5
14.4 146.9 145.6
413.2 -30.7 -53.6 51.4 -27.9 16.8
1342.9 95.7 -104.9 56.1 -7.3 99.9
2080.1 -101.7 225.5 31.9 -109.5 89.4
13.9 148.7 129
414.1 -31.4 -52.7 49.8 -24.7 15.3
1347.3 140.7 -4 142.8 20.9 81.3
2076.6 -95.2 255.8 77.2 -93 71
14.4 165.6 87.2
414.6 -29.6 -53.4 49.6 -22.5 16.3
1338.9 154.8 45.9 164 12.5 89.5
2062.9 -110.8 284.7 147.8 -45.9 55.7
17 155.3 157.1
414.8 -27.2 -53.5 49.1 -23.6 16.4
1439.6 302.8 86.9 144.1 -7.1 63.8
2189 -16.4 172.6 71.6 -7.2 72
19.5 157.7 129.3
414.4 -23.4 -61.5 50.9 -22.8 23.7
1438 241.6 -22.4 152.8 116.2 142.9
2226 -19.6 84.9 34 55.3 137.2
27 93.6 120.2
427.8 -45.6 -38.4 29.7 0.6 -1.8
1562.4 315.3 3.7 39 107.9 40.9
2294.2 -47.4 61.9 37.9 157.4 48.3
36.8 128.2 137.9
439.5 -68.6 -16.1 7.4 21.7 -25.3
1594.9 281.7 54.9 -11.5 140.7 -21.6
2324.2 -73.6 103.4 1 178.3 -19.6
42.8 127.8 129.1
450.4 -88.4 1.8 -12.6 39 -40.1
1616.7 258.7 87.4 -51.8 153.2 -52.5
2350 -26.5 101.3 -74.6 101.7 -7.5
38.2 94.3 49.1
448.7 -84.3 -5.1 -7 34.5 -36.9
1641.7 298.2 85.2 -73.3 102.4 -98
2367 28 38.9 -35.4 49.6 -37.3
37 89.9 6.3
447.5 -83.8 -7.2 -4.6 31.6 -37.1
1634.5 313.1 70.9 -58.2 90.7 -89.3
2348.7 66.2 2.9 0.6 17.5 -6.8
37.1 98.6 14.4
447.9 -83.8 -7.7 -3.9 31.2 -37.1
1643.1 297.8 84.3 -71.7 103.3 -101
2354.1 56 12.6 -9 27 -16.3
winner is: 1
