Regression analysis information for: KLH021c_0702
number of formants: 3
number of coeccicients: 5
2.6 4.7 50.6
402.6 -59 -28.6 -14.3 -11.8 -12.3
871.5 -39.2 10.8 -6.6 -11.8 -11.1
2136 46.2 -16.8 119 -20.6 -107.5
3.3 4.4 44.3
403.4 -60.1 -28.4 -17.5 -13.5 -13
873 -39.9 11.2 -10.5 -14.4 -10.8
2178.1 67.6 -5.1 75.4 -45.9 -99.3
2.5 4 41.7
409.5 -54.7 -23 -16.3 -11.1 -11.7
877 -40.5 12 -10.9 -15.7 -12.5
2216.6 69.7 13.4 63.1 -12.6 -56.6
25.6 6 36
421.3 -38.1 -1.1 2.3 10.8 10.9
877.5 -47.5 6.3 -18.9 -21.5 -13.1
2250.4 48.9 24.1 26.8 -3 -23.3
27.4 76.7 20.1
425.8 -39 2 1.8 12.7 12.8
917.5 20.5 77.3 49.4 46.8 55
2271.3 29.4 25.1 5.9 7.6 1.7
26.5 75.7 11.1
429.4 -43.6 2.8 -1.4 12 12
920.9 16.2 75.3 47.6 44 55.1
2279.8 24.4 19.7 -0.3 12.4 15.9
6 6.3 8.8
424.5 -69.4 -16.5 -26.1 -11.4 -11.1
892.1 -53.9 8.9 -15.5 -24 -8.5
2280.1 21.3 11.7 -7.4 10.2 18
25.4 86.1 50.6
437.7 -57.5 7.1 -5.8 12.1 12.7
933.4 15.5 85.5 59.6 50.3 70
2304.9 67.9 58.2 39.1 56.2 59.9
32.1 78.8 48.1
452.7 -42.3 28.8 12.2 29.1 29.4
935.6 7.1 80.1 53.6 36.6 58.7
2306.1 68.3 57.8 38 52 53.5
31.9 22.5 8.4
456.5 -49.8 29.1 10.1 28.1 29
911.4 -53 26.4 6 -13.3 22.6
2285.8 26.3 16.3 -0.3 14.4 19.5
31.9 78.2 40.4
472.6 -34.5 50.6 26.3 42.6 40.4
966 37.6 119.9 92.2 56.2 89.5
2307.8 66.5 54 33.7 42.9 41.1
31.1 48.9 7.9
477.1 -40.9 52.1 24.3 41.1 39.7
939.8 -31.1 65 45.4 8 68.6
2289.4 28.3 17.4 1.3 14.3 19.1
32.6 61.3 7.7
477.2 -43.4 46.1 22.4 38.7 37
950.6 -6.1 84.5 67.1 28.7 84.7
2291.2 30 17.6 1.7 14.2 18.7
27.6 84.7 37
489.8 -24 63 34.9 51 36
992.4 90.5 159.9 136.6 82.2 111.1
2312.9 70.2 52.3 29.9 33.6 27.8
26.7 92 38.2
491.6 -23.6 60 37 49 35.6
997.2 98.9 169.2 147.5 92.2 122.1
2315 72.6 53.5 31.2 34.1 27.7
29.8 85.9 7.2
493.2 -27 57 34.2 50.6 30.7
959.8 37.8 107.9 105.4 64.6 112.2
2295.5 33.6 17.2 1.8 13.2 16.7
21.9 88.8 42.9
502.9 -9 67.5 46 51.6 27.4
1021.9 157.3 212.8 185.5 114.1 127.9
2318.9 77.1 52.1 25.9 22.8 11.9
24.1 110 66.9
504.4 -6.3 66.7 46.8 53.5 23.9
1037 194.3 241.7 211.2 131.5 135.6
2340 117.2 86.5 53.4 42 21.3
26.7 130.5 70.2
504.5 -6.4 63.3 47.7 54.1 25.3
1082.6 285.2 334.7 297.7 216.1 213.7
2407.9 249 214.7 172.5 153.5 119.6
32 131.9 70.3
503.2 -7 61.9 47.4 53.6 28.4
1081.1 281.8 332.4 298.6 218.7 215.9
2407.5 248.1 212.8 169.4 149.8 116.7
winner is: 7
