Regression analysis information for: KLH021b_0175
number of formants: 3
number of coeccicients: 5
12.5 23 165.3
520.8 -10.9 -161.7 20 -71.6 2.9
1380.9 335.6 -88.1 15.7 -36 -28.1
2126.5 147.1 -157.2 12.8 28.7 -203
11.8 22 176.3
512.4 -10.5 -155.3 18.8 -70.8 2.9
1375.2 349.5 -83 5.6 -19.4 -32.3
1994.1 182.1 -103 -190.8 49.6 -187.9
10.7 12.1 101
508 -11.9 -151.7 19.5 -69.5 2.2
1388.7 342.8 -74.6 23.4 -32 -15.2
1880.6 128.6 -84.8 -294.1 138.9 -117.7
12.1 10.1 79.1
505.3 -15.1 -146.3 21.8 -69.9 1.3
1393.8 343.9 -65.6 28.8 -30.7 -8.9
1835.9 54.9 6.8 -216.7 186.2 -106.8
12.4 9.5 77.2
504.5 -17.8 -142.8 23.3 -71.5 0.7
1393.4 341.3 -61.7 28.9 -31.6 -10.5
1840.5 27.3 77.4 -147.9 182.4 -127.4
13.5 8.5 110.4
506.1 -21.5 -141 24.6 -73.3 2.5
1392.9 339.5 -58.8 28.4 -30.3 -13
1879.6 37.6 109.4 -104 225.1 -125.1
14 14 128.7
506.9 -22.9 -141.3 25.4 -73 3.6
1386 348 -60.4 22 -17.3 -24.1
1921.1 54.3 122.8 -60 260 -113.9
17.1 12.5 114.5
510.8 -26.6 -139.6 25.8 -75.5 7.1
1392.8 337 -56.1 24.7 -25.9 -11.8
2070.4 -45.6 179.8 38.8 126.2 19
18.9 9.6 67.4
514.8 -29 -139.7 26.2 -77.1 8.8
1399.1 330.3 -57.5 29.9 -32.9 -7.1
2180.8 -94.2 172.3 97.4 63.5 15.5
20.7 9.6 37.3
518.5 -31 -140.3 26 -78.3 10.4
1401.9 329 -58.7 29.1 -32.7 -6.2
2241.1 -84.6 139.5 122 26.9 -8.7
23.6 9.6 27.1
523.7 -34.9 -140.4 25.5 -80.7 13.4
1405.8 327.6 -60.5 28.5 -33.7 -4.5
2281.5 -50.3 113.5 95.3 9.3 -29.7
22.2 9.1 16.6
525.6 -32.4 -144.3 23.8 -79 11.3
1407.6 329.4 -64.1 27.1 -32.6 -5.2
2319.8 -17.7 78.2 52 -2.3 -30.3
21.3 9.6 7.4
526.9 -28.6 -149.5 22.7 -77.6 9.4
1409.1 331.2 -67.6 26 -31.5 -5.6
2353.3 6.5 38.6 12.1 0.7 -14.8
19.9 9.6 3.5
528.2 -23.6 -154.8 21.1 -76.1 7.8
1410.3 333.8 -70.8 25 -30.6 -5.9
2362.1 11.3 25.2 -0.5 4.5 -3.7
18.7 9.2 3.5
529.3 -18.9 -160.2 18 -73.1 6.1
1411.2 336.2 -73.7 22.8 -28.5 -7.1
2362 11.1 25.5 0 4.6 -3.7
18.9 9.2 3.4
529.8 -15.8 -165.5 16.2 -71.6 7.7
1411 338 -77.1 22 -28.3 -6.2
2362.5 11.7 26 0.2 4.8 -4
19.5 9.1 3.5
530.5 -12.5 -166.8 13.9 -72.7 8.5
1411 340.3 -78.1 20.8 -28.8 -5.5
2362.5 11.3 25.6 -0.1 4.8 -4.1
19.7 8.8 3.4
529.4 -7.5 -170 12.2 -72.5 9.4
1409.9 343.9 -79.9 20.3 -28.9 -4.6
2362.5 11.6 25.3 -0.6 4.9 -4.5
21.8 9.2 3.5
526.6 -2.7 -173.8 14.6 -75.8 13.1
1407.7 347.2 -83 21.7 -31.7 -1.4
2362.4 11.7 25.1 -1.3 4.8 -4.9
26.3 9.5 3.5
523.4 4.2 -180.1 19.1 -80.2 18.1
1405.9 349.9 -85.8 23 -33.3 0.6
2362.1 11.8 24.5 -1.9 4.9 -5.4
winner is: 15
