Regression analysis information for: KLH021a_1144
number of formants: 3
number of coeccicients: 5
1.9 7.4 7.8
330.1 -1.7 -18.6 -0.4 -5 -1.9
1838.1 331.7 -76.6 38.8 -17.1 13.5
2239.9 63.2 0.8 -8 -7.9 -2.3
2.2 7.5 6.5
326.2 -4.3 -17.3 1.3 -2.9 -1.4
1839.1 329.8 -79.4 40.1 -19.3 14.2
2259.7 99.4 31.2 13.5 2.7 0.1
2.2 7.1 6.1
323.3 -5.8 -18.6 1.9 -4.3 -1.1
1841.3 327.6 -79.4 37.6 -18.1 13.3
2260.8 98.5 31.2 11.6 2.7 -0.2
1.9 6.6 5.8
321.3 -6.7 -18.9 1.3 -4.6 -0.6
1843.5 327.2 -80.3 38.6 -18.1 12.6
2262.4 99.5 31.6 11.6 2.5 -0.3
5.2 114.8 21.1
318.5 -10 -19.4 3.1 -0.9 4
1798.1 255.1 -93.6 89.3 77.9 104.9
2256.5 90 30.1 19.3 16.9 13.1
2 104.5 20.9
319.5 -6.7 -18.3 -0.2 -6 1.1
1803.7 255.2 -110.2 63.4 53.2 97
2257.4 89.3 27.5 16.9 15.3 13.2
13.9 170.6 29.3
313 -17.2 -24.8 -0.6 -1.3 12
1595.2 -141.7 -458.2 -207.8 -137.5 -20.6
2222.2 21.3 -32.3 -31.2 -19 -10.7
1.7 6.9 5.3
318.8 -5.8 -18.4 0 -8.2 2.2
1847.1 327.6 -83.7 41.9 -13.7 9.4
2265.6 101.6 33 13.6 6.1 -2.3
1.7 7.3 5.2
318.6 -4.6 -18.7 -0.4 -8.4 2
1847.4 326.7 -84.4 43.8 -14.7 10.5
2265.6 100.2 33 14.2 6.4 -1.9
1.7 8.7 5.4
318.4 -3.1 -19.1 -0.2 -8.4 2
1845.8 328.4 -87.8 47.4 -18.5 13.7
2265 98.3 32.4 13.8 6 -1.7
1.8 9 5.4
318.3 -2.1 -19.3 -0.1 -8.2 1.7
1845.3 328.5 -89.5 48.8 -20.7 15.3
2264.5 96.9 31.5 13.5 5.2 -1.2
1.7 9.4 5.5
318.2 -1.3 -19.1 -0.1 -7.7 1.1
1845.2 328 -90.3 49.5 -22.6 17
2264.4 96.1 30.9 13 4.5 -0.6
1.7 9.4 5.4
317.7 -0.3 -19.3 0.1 -7 0.4
1843.5 331.8 -94.6 53.1 -26.1 19.2
2264.5 96.2 30.3 13.1 3.8 -0.1
1.8 9.3 5.5
316.9 -0.1 -18.9 0.3 -6.4 0
1843.8 333.2 -96.4 53.9 -27.1 19.4
2265.3 97 29.9 13 3.3 0
1.7 8.6 5.8
315.6 0.7 -19 0.1 -5.5 -1
1839.7 342.8 -104.1 58.5 -28.6 19
2265.2 99.6 28.8 13.6 3.4 0
2 8.3 5.9
314.2 0.4 -18.3 0 -4.6 -1
1839.4 346 -106.1 57.6 -26.5 16.2
2266 101.5 28.6 13.1 3.9 -0.9
2 7.9 6.1
313.1 0.1 -17.8 -0.3 -4.9 -1.1
1838.2 350.6 -109 58.2 -24.3 14
2266.5 103.6 28.4 13.4 4.7 -1.3
1.8 8.6 6.8
311.9 -0.1 -17.2 -0.4 -5.1 -1.3
1832.8 362 -115.7 58.1 -18.9 7
2265.7 107.1 27.2 13.4 6.1 -2.8
1.9 7.9 6.6
310.6 -0.8 -16.5 -0.2 -5.1 -1.4
1831.5 366.2 -116.3 55.5 -15 5.1
2265.3 108.7 27.6 13.1 6.9 -3.6
1.9 7.8 6.7
310 -1.1 -16.2 -0.4 -5.1 -1.2
1829.9 369.1 -115.8 52.9 -11.1 2.4
2264.6 109.2 28.1 12.6 7.7 -4.4
winner is: 8
