Regression analysis information for: KLH021a_0024
number of formants: 3
number of coeccicients: 5
8.1 38.5 33.6
297.9 -2.9 -31.4 -7.7 7.9 1.3
1944.8 -142.9 116.6 52.4 -41.3 -22.1
2350.2 35.5 -11.3 -15.8 -18.3 -8.5
7.8 36.9 13
294.7 -5.3 -33.1 -9.7 7.5 -0.3
1946.8 -138.5 117.4 53.1 -37 -21.2
2383.6 65 -4 35.1 24.7 -14.3
7.5 35.3 14.5
292.2 -5.7 -33.6 -10.8 7.1 -1.1
1948.8 -135.4 117.1 53.9 -33.5 -19.8
2387.3 61.5 -7.8 38.1 28.6 -20.4
6.9 31.5 13.1
288.9 -5.3 -30.6 -11.8 5.6 -0.5
1953.5 -133.8 110.6 54.8 -26.7 -19.6
2389.5 59.4 -7.2 38.3 29.8 -21.6
6.3 31.9 12
286 -4.1 -29.4 -12.9 7.5 -1
1955.7 -133 109.6 55.3 -26.4 -19.1
2392.9 56.2 -7.3 40.8 27.7 -21.8
5.6 31.6 11.1
283.2 -2.9 -28.8 -12.7 10 -1.4
1958.5 -133 108.2 55 -26.7 -19.6
2397.1 52.2 -6.2 41.2 25.2 -21.6
5.4 30.3 11.3
281.2 -2.8 -27.8 -11 10.3 -2.1
1961.3 -132.9 105.6 53 -25.7 -18.9
2399.9 50.1 -5.2 39.3 24.8 -21.8
5.1 29.4 10.5
278.1 -2.8 -25.3 -9.4 10.2 -3
1966.1 -132.5 100.3 51.3 -22.7 -18.4
2403.9 47.8 -5.8 37.9 24.9 -22
4.8 28.5 10.2
277.4 -1.7 -25.2 -8.9 10.1 -3.4
1966.9 -134.4 99.4 50.4 -22 -18.2
2405.4 44.6 -4.3 36.4 25.4 -21.6
4.3 25.9 9.8
276.9 -1 -24.8 -8.1 9.6 -3.5
1967.8 -136 97.3 48.1 -20.1 -17.7
2406.4 42 -3 33.7 26.9 -22.5
4.6 24.3 9.5
276.4 -0.4 -25.1 -7.9 9 -3.1
1969 -136.6 97.3 47.7 -18.1 -17.9
2408 39.6 -1 32.4 28.2 -23.5
4.4 24.7 9.8
276 0.4 -25.6 -8.6 9.2 -2.3
1969.6 -138 99.1 48.2 -18.7 -19.3
2410.1 36.3 1.5 31.8 28.9 -25.7
4.5 25.9 10
275.6 0.8 -26 -9.4 10.3 -1.1
1970.1 -138.6 100.5 49.1 -20.9 -21
2411.8 35.1 2.3 32.6 27.2 -27.7
4.3 27.2 10.2
274.8 0.5 -26.6 -9.4 10.6 -1.4
1971.4 -137.9 102.7 49.5 -20.9 -20.6
2413.7 33.8 4.5 32.2 27.8 -28.1
4.2 28 10.2
273.9 0.6 -26.9 -10 11.8 -1.4
1973.1 -138.2 103.4 50.4 -21.6 -20.6
2416 32.3 5.1 33.2 26.4 -28.4
4.3 28.3 10.1
272.8 0.6 -27 -10.6 12.5 -1.7
1975.5 -138.2 103.4 51.4 -21.3 -20.3
2418.5 31.1 5.5 34.2 25.5 -28.3
4.4 28.5 9.8
271.3 0.5 -26.2 -10.5 13.2 -1.8
1978.1 -138.7 101.5 52.6 -21.1 -20.4
2420.7 30.5 4.5 35.7 23.8 -28.3
4.5 28.4 9.8
269.9 -0.2 -25.4 -10.2 13.6 -2.2
1980.1 -139 100.3 53.5 -20.3 -20.4
2422.3 30.4 3.6 36.8 22.9 -28.4
4.7 28.1 9.8
268.6 -0.7 -24.5 -9.8 13.5 -2.5
1981.7 -140.5 98.5 54.6 -19.2 -21.2
2422.9 30.5 1.7 38.6 21.8 -28.1
4.7 28.2 10.1
267.1 -0.7 -22.8 -10.2 13.1 -2.5
1983.2 -143.8 96 57.7 -18.7 -22.9
2422.5 30.5 -0.4 40.7 21.7 -29
winner is: 11
