Regression analysis information for: KLH021c_0253
number of formants: 3
number of coeccicients: 5
21.5 37.9 10085.4
656.3 163.6 95.8 38.7 2.5 -15.5
1042.4 77 56.7 10.6 53 1.1
2106.2 228.7 215.3 -19.7 48.9 -72.3
23 33.7 10088.3
655.7 155.9 94.1 42.1 0.8 -14
1045.3 70 58.1 15 48.5 5.3
2091.4 240.9 189.8 30.1 23 -48
23.4 18.8 10068.3
655.8 148.5 88.2 46.3 0.3 -12.1
1047.9 82 52.1 33.8 33.7 20
2084 271.7 129.4 86.2 -12.2 -3.2
22 19.9 66.8
658.2 140.2 81.7 52.1 1.5 -10.4
1061 82.3 60.7 40.9 29.5 19.5
2111.3 249.1 110 86.5 6 -10
20.3 21.6 63.2
664.7 134.9 75.2 58.8 1.9 -11.8
1075 67.5 67.4 46.5 25.2 23.4
2140.5 211.6 82.1 98.3 48.7 -8.5
19.1 25 61.7
675.3 132 66.2 63 -2 -17.8
1099.6 43.3 79.6 59.1 14.1 29.4
2200.7 203.9 31.6 89.9 58.2 -56.2
16.4 33 76.2
685.6 127.8 57.9 71.2 1.2 -19.4
1135.3 -9.9 89 77.6 -17.9 45.1
2269 146.3 -20.7 81.3 169.9 -144.6
15.3 36.6 108
696.6 127.7 49.8 76.4 2.4 -24.8
1158.5 -60.4 86.3 94.3 -36.7 55
2322.4 96.3 -13.1 69.6 157.4 -147.4
15.1 25.2 70.1
702.1 122.9 44.4 84.6 11.7 -21.6
1167.8 -120.2 80.5 100.3 -33.9 75.3
2379.2 -1.5 18 98.8 82.3 -20.7
13.2 23.9 22.2
710.1 122.2 36.6 86.4 19.4 -17.3
1176.3 -159.1 72.6 93.8 -43.7 72
2417.5 -17.4 34.6 60.5 52.4 2.4
13.5 25.9 19.9
721.5 128.7 28.8 78.7 17.7 -13.5
1169.3 -205.6 52.8 80.7 -52.9 73.4
2443.2 9.8 17.3 16.8 20.9 5.2
25.5 23.7 16.6
730.8 130.5 9.5 52.8 1.7 -13
1170.9 -227 54.4 80.6 -54.7 67.9
2453.9 21.8 13.8 2.4 4.7 -3.1
37.8 20.8 16.7
730.6 118.7 -17.2 26.4 -12.6 -12.9
1175.3 -229.4 50.8 73.1 -71.8 59.9
2454.5 20.3 12.5 2.8 5.3 -2.8
35.4 21.6 16.4
730.6 111.9 -33.2 12.5 -18.8 -16.8
1185.4 -217.6 54.3 61.3 -90.5 55.9
2455.3 19.4 11.3 2.9 5.6 -2.7
33.7 29.6 16.3
731 110.6 -41.6 2.9 -20.4 -13.7
1189.2 -199.4 58.2 43 -111.6 59.9
2456.1 19 10.5 2.9 5.7 -2.6
32.9 36.4 16.2
731.1 110.8 -49.2 -7.9 -22.6 -11.2
1185 -180.9 62.2 32.9 -121.3 62.5
2456.7 18.9 9.5 2.3 5.8 -2.5
32.5 43 16
730.1 114.4 -51.1 -13.8 -23.7 -10
1170.5 -153.9 56.4 27.4 -123.4 61.5
2456.9 19.6 8.9 1.7 6 -2.6
30.3 46.6 16.1
728.5 117.6 -49.3 -19.8 -26.1 -4.7
1162.8 -138.6 54.2 24.3 -124.6 56.6
2457.1 20 8.3 0.9 6 -2.2
29.7 48.8 15.4
728.1 129.3 -42.2 -21.8 -20.4 -2
1134.2 -116.8 48.9 15.1 -99.9 43.7
2456.5 23.5 9.2 -1 8.3 -2
26.5 46.9 14.8
724.2 130.1 -38.5 -19.7 -20.5 -6.5
1124.8 -109.9 44.5 20.7 -91.3 43.1
2456.1 24.7 9.2 -2 8.6 -2
winner is: 10
