Regression analysis information for: KLH021c_0499
number of formants: 3
number of coeccicients: 5
4 3.3 59.7
344.1 40.6 -14.4 -9.9 -6.8 -6.1
863.3 47.1 19.3 4.1 -5.3 -0.9
2162.2 -220.7 -87.9 -64.5 -2.6 42.5
4 3.7 57
344.6 40.9 -13.9 -9.8 -7 -6.1
865.2 46.2 21.2 4.5 -6.2 0
2178 -221.2 -67.3 -54.7 -18.8 52.1
4.1 4 53.3
345.4 41.8 -13.5 -9.3 -6.8 -6
867.4 47.6 23 5.8 -6.1 0.2
2196.6 -201 -60.2 -39.9 -16.1 54.8
4.1 4.7 54.3
346.8 43 -13.1 -9.5 -7.1 -6
870.8 49 25.4 6.3 -7.2 0.8
2233.4 -168.4 -51 -43.4 -22.6 60.9
4.7 6.1 49.4
348.7 44.2 -13 -10.1 -7.8 -6.4
875.1 48.6 28.1 5.7 -9.2 0.5
2274.3 -134 -57.5 -57.5 -32 50.6
4.9 7 41.3
350.6 45.4 -13.1 -10.7 -8.7 -6.6
879 48.9 30 5.9 -11.4 0.4
2311.1 -94.2 -59.7 -58.5 -37.7 32
5.4 8.5 24.5
353.2 47.3 -12.8 -11.1 -9.4 -7.2
884.1 49.6 33.6 6.5 -13.4 0.1
2349.9 -54.2 -59.6 -42 -25.3 12.3
6.1 9.9 9.6
356.3 49.3 -12.7 -11.7 -10.6 -7.9
889.3 49.8 37.3 7.5 -16 -0.1
2373.2 -33.7 -62.6 -26.2 -8.8 -1.6
6.8 11.2 10.4
359.8 51.6 -12.6 -12.5 -11.8 -8.4
894.1 50 41.4 8.6 -18.5 -0.6
2374.4 -34.2 -64.3 -26.4 -6.1 -2
7.4 12.2 10
363.4 53.3 -12.5 -13.3 -12.6 -8.7
898.7 48.8 46.6 10 -20.5 -0.2
2374.6 -35.1 -62.6 -27.1 -7 -1.5
8.1 13.4 10
367 54.7 -12.7 -14.3 -13.6 -9.1
902.1 47.3 51.6 11.6 -23.2 -0.3
2375.5 -36.1 -61.9 -27.3 -7.2 -1.5
8.5 14.3 9.9
370.5 56 -12.6 -15.1 -14.3 -9.5
904.1 46.2 56.8 14 -25.5 -0.1
2376.8 -36.5 -61.4 -27.2 -7 -1.5
8.5 16 10
373.6 56.3 -12.4 -16.4 -15 -9.4
904.5 43.9 62.3 16.8 -27.7 0.4
2378.3 -37.1 -60.9 -27.3 -6.6 -1.4
7.2 18.8 9.9
374.8 53.2 -12.7 -16.3 -14.7 -8.3
902.1 39.8 65.1 21 -32.1 4.7
2379.5 -37.9 -60.7 -27.2 -6.2 -1.5
7.3 23.8 10
376.5 53.2 -11.1 -17.4 -14.9 -9
897.4 44.2 65.8 27.6 -35.5 8.3
2380.7 -37.8 -60.2 -27.1 -5.2 -1.5
8.1 54.8 13.9
377.4 50.9 -9.1 -17.6 -16.6 -9.8
915.2 -0.6 111.9 -12.4 4.6 -33.1
2384.7 -44.3 -54.1 -33 1.2 -7.6
8.4 91.3 16.8
376.6 47.2 -8.4 -18.1 -18 -10.7
933.8 -48.6 158.4 -59 47.7 -76.8
2387.3 -50.1 -50 -38 5.7 -12.6
9.5 91.8 12.1
376.5 45.6 -6.2 -18.8 -18.7 -11.2
926.4 -40.9 152.8 -48.9 39.5 -67.9
2384.9 -43.9 -55.9 -31.5 0.2 -6.1
10.1 119.3 17.8
376.7 44.3 -6 -19.7 -17.6 -10.6
947.7 -89.8 200.8 -91.9 82.8 -108.5
2389.4 -52.8 -47.5 -39.9 8.5 -13.7
11.9 88.8 18.3
376.8 41.4 -3.7 -20.3 -17.6 -11.7
1028.5 -255.8 354.2 -219.8 185.8 -177.3
2390.2 -54.5 -47.1 -40.4 7.9 -12.5
winner is: 8
