Regression analysis information for: KLH021b_0041
number of formants: 3
number of coeccicients: 5
11.8 58.2 55.3
356 34.2 -46.4 -10.8 9.7 -3.6
1000.7 177.5 -33.3 62 -29.7 44.5
2177 29.9 -179 -42.5 -90.5 -98.4
13.2 153.9 246
354.6 30 -42.3 -11.3 11.8 -4
1036.7 -66.2 103.7 -72.7 196.9 -20.8
2114.7 -232.9 -155.3 -39.5 162.3 41.3
18.4 128.3 236.7
349.8 22.3 -39.1 -7.8 19 1.6
1058.3 -19.4 119.7 -80.5 151.1 -63.9
2129.8 -232.3 -144.7 -45.8 125.2 -6.3
13.8 94.6 187.8
352.2 26.2 -35 -10.9 12.6 -5.6
1102.4 -42.8 184.3 -135.8 160.9 -126.1
2203.3 -158.7 -55.5 -44.9 94.5 -92.7
13.3 92.7 182.6
351.1 25.6 -33 -9.7 11.5 -5.6
1102.2 -45.5 190 -134.2 161.3 -122.4
2211.4 -172.2 -40.3 -38.3 96.4 -92.6
12.9 89 118.8
350.6 25.2 -30.3 -9.8 10.6 -6.8
1102.6 -46.3 195.7 -134.7 159.5 -120.4
2251.8 -119.6 -50.1 -96.5 16.5 -124.8
12.1 82.9 102.2
349.8 24.2 -27.6 -8.8 9.8 -8
1105.4 -52.4 206.4 -135.5 160.4 -118.9
2265.2 -108.3 -39.8 -96.1 11.3 -114
11.5 77 81.7
348.9 23.3 -25.3 -7.2 8.4 -9.1
1108.5 -63.1 219.6 -137.4 161 -121.6
2285.1 -101.3 -33.1 -115.3 -14.2 -119.1
10.7 78.4 69.4
349.1 23.5 -24.7 -6.7 7.7 -8.7
1122 -83.7 242.7 -152.2 172.2 -126.4
2308.8 -113.3 7.2 -117.3 7.5 -110.5
10.2 73.9 67.7
349.2 23.1 -23.6 -5.6 6.9 -8.5
1125.5 -88.3 251 -150.3 171.5 -124.2
2328.1 -127.2 36.9 -116.7 16.6 -96.4
9.9 72 64.2
349.1 22.5 -23.3 -3.6 6.5 -7.6
1128.1 -93.3 257.4 -147 173.7 -122.7
2345 -130.8 60.8 -107.5 24.3 -81.2
9 70.6 78.6
348.5 22.9 -24.5 -0.9 5 -5.7
1126.4 -91.8 255.5 -138.9 171.3 -118.7
2350.2 -122.5 65.3 -92.1 24.5 -71.3
9 67 71.8
348.7 21.4 -24.2 0.9 5.2 -5
1138.2 -118.4 276.4 -148.1 182.5 -118.9
2362.6 -128.5 79.2 -81.4 28 -54.3
8.8 62.1 70.6
348.9 21 -25.3 2.9 3.9 -3.6
1138.3 -119.2 273.2 -141.2 177.8 -112.1
2369.9 -144.9 83.5 -84.1 25 -53
8.9 55.4 70
350 19.6 -25 4.2 3.7 -2.7
1149.9 -139.3 289.8 -148.5 184.2 -107.9
2379.4 -147.7 92.3 -72.2 27.9 -37.5
8.9 46.8 35.2
351 18.2 -25 5.9 2.6 -1.7
1163.3 -163.2 308.9 -157.9 188.7 -102.4
2410.4 -205.6 135.3 -97.4 38.8 -31.5
8.9 41.7 34.1
351.9 17.1 -25.6 7.3 1.6 -0.8
1172.3 -180.2 321.3 -166.2 192.8 -99.4
2413.8 -216 136 -98.1 39.8 -31
8.8 39.9 27
352.5 16.7 -25.9 7.7 1.7 -0.9
1177.9 -189.2 328.1 -169.8 194.8 -96.8
2419.4 -227.7 142.8 -104 45.4 -32.3
9 38.7 27.3
353.3 16.6 -27 9.4 1.1 -0.8
1178.5 -187.6 329.5 -172.9 201.5 -101.4
2423.8 -230.3 143.7 -101.9 47.2 -33.4
9.5 40.9 33.5
354.4 16.3 -27.8 10.7 0.5 -0.8
1178.3 -183.7 327.9 -172.4 202.2 -101.1
2415.9 -204.8 120.5 -77.6 27 -16.7
winner is: 19
