Regression analysis information for: KLH021a_0169
number of formants: 3
number of coeccicients: 5
3.7 8.4 28.7
319.8 -13 0.9 -4.5 -9.6 1.6
970.9 155.5 30.3 24.1 15.2 -0.7
2195.1 -81.6 9.3 38.9 40.6 40
3.8 8 10.3
319.8 -13.6 0.7 -4.8 -10 1.5
972.4 154 31.3 22.9 13.8 -1
2221.3 -46.2 15.4 8.8 2 12.5
3.8 7.9 2.2
320.1 -14.1 0.8 -4.9 -10.3 1.5
974.8 152.6 32.3 22.3 11.6 -1.4
2227.4 -34.6 15.6 -1.9 -12.2 2.4
3.9 7.6 1.9
320.2 -15.1 0.4 -5.2 -10.9 1.4
977.2 150.2 31 21.3 8.8 -1.3
2227.4 -34.4 17.2 -0.1 -12 3
4 7.8 1.9
320.7 -15.8 0.2 -5.2 -11.3 1.5
980.6 147.5 30.4 20.9 6.5 -1.4
2227.7 -35.2 17.9 1.1 -12.2 3
4 8.2 2.1
321 -16.7 -0.2 -5.4 -11.8 1.4
983.3 144.2 27.9 19.5 2.6 -2.2
2228.7 -35.6 18.5 2.2 -11.9 3.3
3.9 8.4 2.2
321.5 -17.5 -0.6 -5.2 -12.3 1.5
986 140.8 24.7 19.2 -0.9 -2.6
2229.6 -36 18.4 3 -12 3.3
3.9 8.9 2.2
322 -18.3 -1 -5.1 -12.7 1.5
988.1 136.6 21.4 18 -3.6 -3.6
2230.5 -36.9 18 2.9 -11.9 2.8
3.8 9.1 2.3
322.6 -18.8 -1.4 -4.7 -13 1.5
990.9 134.3 18.6 18.6 -6.3 -4
2231.2 -37.5 17.2 2.8 -12.2 2.4
3.7 9.4 2.4
323 -19.4 -1.8 -4.5 -13.2 1.3
992.8 131.5 16.2 18.6 -7.1 -5.1
2231.8 -38.5 16.5 2.2 -12.2 1.7
3.6 9.7 2.7
323.6 -20.1 -1.8 -4.4 -13.3 1.4
995.7 129.4 14.7 18.6 -8.3 -5.6
2232.6 -39.5 16.4 1.6 -11.9 1.3
3.6 9.1 2.8
323.8 -20.4 -2.1 -4.4 -13.2 1.2
996.3 128 12.7 17.5 -7.8 -6
2232.7 -40.3 15.6 1 -11.9 1
3.6 9.3 3.1
324.2 -20.9 -1.9 -4.6 -13 1.2
997.9 127.1 13.3 16.6 -6.8 -6
2233.6 -40.9 16.3 0.5 -11 0.8
3.6 8.3 3.3
324.1 -20.7 -1.7 -5.4 -12.1 0.9
997.9 128.9 14.2 13.6 -3.8 -6.9
2234 -40.7 17.1 -0.3 -9.6 0.7
3.6 8.5 3.8
324.7 -21.3 -1.5 -5.5 -12 0.8
1000.1 128.1 14.4 13.5 -3.6 -7.1
2235 -41 17.9 -0.4 -8.8 0.7
3.6 8.4 4.1
325.1 -21.7 -1.1 -6 -11.5 0.6
1001.9 128.5 15.1 12.6 -2.6 -7.6
2236 -40.8 19 -0.8 -7.6 0.8
3.6 8.7 4.6
325.7 -22.2 -0.8 -6.1 -11.3 0.5
1004.3 129.1 15.4 12.6 -2.9 -7.9
2237.2 -40.4 19.9 -0.6 -6.8 0.9
3.6 8.8 5.1
326.2 -22.9 -0.5 -6.3 -11.2 0.4
1006.5 129.7 15.7 12.6 -3.2 -8.2
2238.2 -40 20.9 -0.5 -6 1.2
3.6 9 5.4
327 -23.6 -0.3 -6.3 -11.2 0.5
1008.8 130.8 15.9 13.4 -3.3 -8.4
2239.5 -39.3 21.9 0.1 -5.2 1.5
3.5 9.2 6
328 -24.8 0.4 -6.6 -10.9 0.4
1011 132.3 16 13.9 -3.3 -8.6
2240.9 -38.9 23.3 0.4 -4.1 1.8
winner is: 4
