KLH021c_0439 analysis information:
Number of steps:
20
Cutoff frequencies were: 
4500 4579 4658 4737 4816 4895 4974 5053 5132 5211 5289 5368 5447 5526 5605 5684 5763 5842 5921 6000
Number of coefficients for prediction: 
5
Number of formants: 
3
Winner is:
5132 5132 5132
Errors (total,f1,f2,f3): 
45.8 47.6 54.9 59.1 48.5 62 60.9 30.9 28.3 28.7 32.8 37.6 132.3 134.7 179.3 207.7 209.4 230.2 238.4 354.7
5.5 6.8 7.3 10 11.6 13 13.1 8.1 7.6 7.6 7.8 8 10.5 13.2 15 16.5 19.8 22.4 22.6 37.5
9.2 9.4 11.4 19.7 15.5 35.4 38.7 13 10.3 10.8 14.7 19.2 85.5 85.2 117.1 138.1 141.1 155.7 160.5 230.2
31.1 31.4 36.2 29.4 21.4 13.6 9.1 9.8 10.4 10.3 10.3 10.4 36.3 36.3 47.2 53.1 48.5 52.1 55.3 87
Coefficients are (row-wise by formant):
383.4 32.4 -28.9 -0.6 -17.6 -7.4
882.5 81.3 -22.1 12.7 -38.8 -1.7
2357.2 -28.2 -55.5 -6.5 -16.5 8.7
