KLH021c_0453 analysis information:
Number of steps:
20
Cutoff frequencies were: 
4500 4579 4658 4737 4816 4895 4974 5053 5132 5211 5289 5368 5447 5526 5605 5684 5763 5842 5921 6000
Number of coefficients for prediction: 
5
Number of formants: 
3
Winner is:
5053 5053 5053
Errors (total,f1,f2,f3): 
25.9 24.9 26.8 26.6 22.8 23.9 20.7 18.6 20.7 26.4 26.4 27.7 28 29.7 27.8 27.3 27.3 28.4 38.6 109.8
2.4 2.5 2.8 3.1 3.4 3.6 3.7 3.7 3.8 3.9 4 4.3 4.3 4.2 3.7 4.4 6.5 10.6 19.5 20.4
2.7 2.6 2.6 2.6 2.7 2.6 2.5 2.4 2.7 3.3 4 4.9 5.8 6.6 7.2 7.9 8.6 8.4 8.7 77.3
20.8 19.8 21.4 20.9 16.7 17.7 14.5 12.5 14.2 19.2 18.4 18.5 17.9 18.9 16.9 15 12.2 9.4 10.4 12.1
Coefficients are (row-wise by formant):
756.4 74.7 -55.1 9.1 -0.7 1.4
1210.6 99.7 -4.2 3.3 -10.9 -2.1
2448 147.9 -15 -73.7 35.8 -7.6
