KLH021a_1237 analysis information:
Number of steps:
20
Cutoff frequencies were: 
4500 4579 4658 4737 4816 4895 4974 5053 5132 5211 5289 5368 5447 5526 5605 5684 5763 5842 5921 6000
Number of coefficients for prediction: 
5
Number of formants: 
3
Winner is:
5526 5526 5526
Errors (total,f1,f2,f3): 
164.5 144.9 144.2 217.1 186 226.1 232.8 165 28.8 27.9 26.9 25.5 24.9 24.3 24.4 27.9 29.9 30.9 34.3 35.3
4.5 4.8 4.6 4.7 4.7 4.7 4.6 4.4 4.4 4.3 4.2 4.2 4.2 4.2 4.2 4.3 4.3 4.3 4.3 4.2
118.1 114.7 111.2 170.2 138.9 178.7 186.8 140 10.9 10.1 10.1 9.1 8.8 8.4 8 9.1 9.2 10 11.4 12.3
41.9 25.4 28.4 42.2 42.4 42.7 41.4 20.6 13.5 13.5 12.6 12.2 11.9 11.7 12.2 14.5 16.4 16.6 18.6 18.8
Coefficients are (row-wise by formant):
266.1 6.3 -15.1 -0.6 -3.1 -5.6
2193.9 -26.3 15.1 1.4 9.1 -14.8
2605.6 90.2 -4.5 59.7 -19 -15.3
