KLH021c_0464 analysis information:
Number of steps:
20
Cutoff frequencies were: 
4500 4579 4658 4737 4816 4895 4974 5053 5132 5211 5289 5368 5447 5526 5605 5684 5763 5842 5921 6000
Number of coefficients for prediction: 
5
Number of formants: 
3
Winner is:
4737 4737 4737
Errors (total,f1,f2,f3): 
143.4 128.6 108 98.1 107.1 126.8 150.1 160.1 131.6 116.4 117.4 146.3 107.3 115.5 200.8 298.5 319.9 260.3 227.7 227
8.7 8.6 8.5 8 7.6 6.4 5 9.7 4.7 4.6 5.1 4.9 4.9 4.8 13.8 5.1 5 14.1 5.1 6
78.7 72.8 63.4 61.4 76.3 94.7 112.5 118.3 100.9 93 92.5 120.3 89 97.2 138.3 189.4 209.5 158.4 142.9 137.2
56 47.2 36.1 28.7 23.2 25.7 32.6 32.1 26 18.8 19.8 21.1 13.4 13.5 48.7 104 105.4 87.8 79.7 83.8
Coefficients are (row-wise by formant):
310.5 -18.2 2 -15.5 -5.7 0.7
1088.1 -156.5 298.6 -223.2 173 -82.4
2379.5 -1.8 24.8 -9.8 19.6 7.6
