KLH021a_0008 analysis information:
Number of steps:
20
Cutoff frequencies were: 
4500 4579 4658 4737 4816 4895 4974 5053 5132 5211 5289 5368 5447 5526 5605 5684 5763 5842 5921 6000
Number of coefficients for prediction: 
5
Number of formants: 
3
Winner is:
5447 5447 5447
Errors (total,f1,f2,f3): 
150.5 230.5 206.7 226.7 209 236.9 234.7 179.2 133.4 61.3 53.1 50.2 49.2 49.4 50.4 51.1 51.6 51.9 51.9 52.5
20.7 24 22.7 21.9 21.5 21.1 19.4 16.9 12.9 9.4 7.8 7.1 6.8 6.3 6.6 6.7 6.5 6.7 6.7 6.7
26.3 38.8 20.6 23.5 28.6 35.9 31.9 29 28.5 29.6 29.5 28.9 27.8 28.4 29.2 29.7 30.3 30.2 30.1 30.5
103.5 167.7 163.4 181.3 158.9 179.9 183.4 133.3 92 22.3 15.8 14.2 14.6 14.7 14.6 14.7 14.8 15 15.1 15.3
Coefficients are (row-wise by formant):
333.6 46.2 -60.3 -21.9 -12 -1.6
1117.4 78.2 109.1 95.4 41.4 24.4
2327 -26 -12.1 -22.2 6.2 3.7
