KLH021a_0680 analysis information:
Number of steps:
20
Cutoff frequencies were: 
4500 4579 4658 4737 4816 4895 4974 5053 5132 5211 5289 5368 5447 5526 5605 5684 5763 5842 5921 6000
Number of coefficients for prediction: 
5
Number of formants: 
3
Winner is:
5132 5132 5132
Errors (total,f1,f2,f3): 
263.1 270.7 175.3 153.2 182.9 153.3 83.9 60.2 59.5 61.2 292.4 282.1 272.2 276.2 270.9 288.8 308.3 280.4 299.1 241.7
30.8 19.9 10.4 10.5 11.1 11.1 10.9 10.5 11.1 19 41.3 35.3 37.2 41.9 39 40.4 45.1 35.3 38.4 23
93.8 90.4 50.9 31.6 44.8 35.8 26.3 24.5 24 21.8 208.6 216 206.6 208.8 202.3 211.2 221.9 203.8 215.2 163.8
138.5 160.4 114 111.1 127 106.4 46.7 25.2 24.4 20.4 42.5 30.8 28.4 25.5 29.6 37.2 41.3 41.3 45.5 54.9
Coefficients are (row-wise by formant):
510.8 24.5 -107.1 -39.1 -21 -21.3
1069.8 -297.4 -140.8 -25.5 60.7 22.4
2240.2 -4.2 1.9 43.9 -4.4 -19.3
