KLH021c_0793 analysis information:
Number of steps:
20
Cutoff frequencies were: 
4500 4579 4658 4737 4816 4895 4974 5053 5132 5211 5289 5368 5447 5526 5605 5684 5763 5842 5921 6000
Number of coefficients for prediction: 
5
Number of formants: 
3
Winner is:
4500 4500 4500
Errors (total,f1,f2,f3): 
28.1 33.5 78.2 84.9 99.1 56.1 35.6 39.7 41.5 40 36.9 35.2 37.8 40.6 256.8 255.7 255.4 255.9 255.8 32.2
1 1.4 1.7 2.2 3.1 4.3 7.8 11.5 11.8 10.2 7.6 6.8 9.8 14.6 81.2 81 80.9 81.1 81.4 10.9
4.1 5.1 6.2 7.1 9.1 10.8 12.8 13 14 13.7 12.9 11.8 10.8 9.2 82.6 81.9 81.7 81.8 81.7 6.6
23 27 70.3 75.6 86.9 41 15 15.2 15.7 16.1 16.4 16.6 17.2 16.8 93 92.8 92.8 93 92.7 14.7
Coefficients are (row-wise by formant):
391.7 -85.5 -7.8 5.9 -9.4 -5.8
998.3 165.9 47.8 26.6 20.8 -10.2
1921.5 92.6 250.7 0.5 105.1 8.4
