KLH021a_0224 analysis information:
Number of steps:
20
Cutoff frequencies were: 
4500 4579 4658 4737 4816 4895 4974 5053 5132 5211 5289 5368 5447 5526 5605 5684 5763 5842 5921 6000
Number of coefficients for prediction: 
5
Number of formants: 
3
Winner is:
5763 5763 5763
Errors (total,f1,f2,f3): 
129.6 60.2 41.9 34.5 43.8 44.4 47.8 45.6 43.2 40.1 37.7 35.1 34.5 34 33.1 33.1 32.9 34.5 35.7 40.1
3.6 4.4 5.4 6 7.7 7.8 7.9 7.8 7 6.2 5.5 5.1 4.7 4.6 5.1 4.8 5.3 5.3 5.5 6.6
18.7 15.4 15.6 16.6 23.8 24 26.7 23.8 21.6 18.6 17 14 13.4 13.1 11.4 11.5 11.8 12.5 14.3 17.8
107.3 40.4 20.9 11.9 12.3 12.6 13.2 14 14.6 15.3 15.2 16 16.4 16.3 16.6 16.8 15.8 16.7 15.9 15.7
Coefficients are (row-wise by formant):
390.3 -39.2 -10.5 -5.7 1.9 -2.1
764 -90.8 108.8 42.8 35 -11.5
2374.5 -47.8 18.1 23.1 -2.1 -22.9
