KLH021a_1374 analysis information:
Number of steps:
20
Cutoff frequencies were: 
4500 4579 4658 4737 4816 4895 4974 5053 5132 5211 5289 5368 5447 5526 5605 5684 5763 5842 5921 6000
Number of coefficients for prediction: 
5
Number of formants: 
3
Winner is:
5921 5921 5921
Errors (total,f1,f2,f3): 
151.1 153.1 133.7 138 138.3 150.6 165.5 169.1 205 177 167.9 152.3 136 113.6 115.2 102.7 115.6 104.4 86 94.4
3.8 3.7 2.8 2.7 2.7 2.7 3.2 2.6 2.6 2.5 3 2.4 2.3 2.4 2.9 2.9 2.3 2.2 2.2 2.2
113.4 112.9 92.3 90.9 95.7 84.9 68.8 67.7 75.9 64.1 55.9 47.7 45.3 43.8 37.7 29.8 19.3 14.6 14.5 30.2
33.9 36.5 38.6 44.4 39.9 63 93.5 98.8 126.5 110.4 109 102.2 88.4 67.4 74.6 70 94 87.6 69.3 62
Coefficients are (row-wise by formant):
289.5 -5.7 -3.7 -8.3 -2.1 -3.5
1974.5 118.7 -30.1 30.4 -16.2 -3.4
2405.1 123.7 54.9 -14.2 50.4 45.8
