KLH021c_0583 analysis information:
Number of steps:
20
Cutoff frequencies were: 
4500 4579 4658 4737 4816 4895 4974 5053 5132 5211 5289 5368 5447 5526 5605 5684 5763 5842 5921 6000
Number of coefficients for prediction: 
5
Number of formants: 
3
Winner is:
5053 5053 5053
Errors (total,f1,f2,f3): 
60.8 60.8 49.7 35.5 25.4 24.1 22.5 21.6 21.8 22 22.2 22.4 22.4 22.9 23.1 23.3 24.6 26.3 28.7 33
3 2.9 2.8 2.6 2.5 2.5 2.5 2.4 2.3 2.2 2.1 2 2 2 2 2 1.9 2 2.1 2.3
6.2 6 6.2 5.9 5.8 5.7 5.9 6.5 7.5 8.3 9.2 9.9 10.8 11.5 12.6 13.3 15 17 19.3 23.3
51.6 51.9 40.7 27 17.1 15.9 14.1 12.7 12 11.5 10.9 10.5 9.6 9.4 8.5 8 7.7 7.3 7.3 7.4
Coefficients are (row-wise by formant):
286.2 16.3 -13.2 0.7 -7.1 -3.3
1209.5 0.9 24.7 -27.2 21 -12.3
2321.4 -98.7 -58.3 -34.6 -1.6 20.4
