KLH021c_0764 analysis information:
Number of steps:
20
Cutoff frequencies were: 
4500 4579 4658 4737 4816 4895 4974 5053 5132 5211 5289 5368 5447 5526 5605 5684 5763 5842 5921 6000
Number of coefficients for prediction: 
5
Number of formants: 
3
Winner is:
5447 5447 5447
Errors (total,f1,f2,f3): 
201.3 207.2 205.5 199.5 181.1 173 175.6 175 165.7 168.9 157.8 129.7 128.2 128.8 132.2 132.1 149 160 169.7 179.1
13.5 12.7 12.2 12.4 13.5 14.7 15.7 16.4 17.1 18.4 19.1 18.8 19.2 18.9 19.4 18.5 17.4 18.3 19.6 21.9
109 111.2 106.1 99.7 98.3 109 119.4 118.3 112 117.7 104.2 78.1 78.6 80.6 84.1 85.6 101.4 112.9 120.2 125
78.8 83.3 87.2 87.4 69.3 49.3 40.5 40.3 36.6 32.8 34.5 32.8 30.4 29.3 28.7 28 30.2 28.8 29.9 32.2
Coefficients are (row-wise by formant):
435.8 108.8 -106.3 -22.5 -14.4 3
1739.1 -311.4 255.2 281.1 175.2 96.5
2376.5 18.4 156.8 -4 -19.3 18.2
