KLH021a_1378 analysis information:
Number of steps:
20
Cutoff frequencies were: 
4500 4579 4658 4737 4816 4895 4974 5053 5132 5211 5289 5368 5447 5526 5605 5684 5763 5842 5921 6000
Number of coefficients for prediction: 
5
Number of formants: 
3
Winner is:
5921 5921 5921
Errors (total,f1,f2,f3): 
19.6 24.3 32.4 30.6 29.3 54.4 103.1 48.3 49.6 54.8 58.6 54.4 49.1 35.8 20.2 16.1 15.7 15.6 14.8 14.9
1.4 1.2 1.4 1.5 2 2.3 2.5 2.7 2.7 2.8 2.8 2.8 2.9 2.8 2.7 2.5 2.4 2.3 2.2 2.2
6.2 6.1 6.4 6.6 7.1 7.7 15.7 14.4 7.4 10 11.2 8.7 10.3 10.3 10.3 10 9.8 9.8 9.1 9.1
12 17 24.6 22.5 20.2 44.4 84.9 31.2 39.5 42 44.6 42.9 35.9 22.7 7.2 3.6 3.5 3.5 3.5 3.6
Coefficients are (row-wise by formant):
473.9 6.9 -30.7 -4.3 -10.7 -1.1
1494.7 -290.1 -7.5 -29.1 -2.9 -14.4
2185.8 -96.1 33.4 -3.5 2.6 -2.9
