KLH021c_0128 analysis information:
Number of steps:
20
Cutoff frequencies were: 
4500 4579 4658 4737 4816 4895 4974 5053 5132 5211 5289 5368 5447 5526 5605 5684 5763 5842 5921 6000
Number of coefficients for prediction: 
5
Number of formants: 
3
Winner is:
4974 4974 4974
Errors (total,f1,f2,f3): 
119.1 84 56 40.7 36.1 35.7 30.2 30.5 32.1 33.4 35.1 35.7 34.5 34.7 34.4 35.1 35.4 36.3 40.9 155.6
16 13.9 11.1 8.4 6.1 6.8 5.6 7.9 8.8 9.5 10.3 10.2 9.7 9.7 9.6 9.9 10.4 11.9 16.6 36.6
20.8 20.6 19.7 18.3 16.6 15 11.8 10.6 10.8 10.8 10.8 10.9 10.8 11.1 11.5 12 12.2 11.9 11.9 69.3
82.3 49.5 25.2 14 13.4 13.9 12.8 12 12.5 13.1 14 14.6 14 13.9 13.3 13.2 12.8 12.5 12.4 49.7
Coefficients are (row-wise by formant):
659.3 84 -60.5 -6.9 -28.2 -1.4
1236.7 67.3 23.4 -6.4 19.8 0.5
2455.5 14.3 -7.5 12.4 -18.8 5.9
