KLH021c_0153 analysis information:
Number of steps:
20
Cutoff frequencies were: 
4500 4579 4658 4737 4816 4895 4974 5053 5132 5211 5289 5368 5447 5526 5605 5684 5763 5842 5921 6000
Number of coefficients for prediction: 
5
Number of formants: 
3
Winner is:
5605 5605 5605
Errors (total,f1,f2,f3): 
64.7 64 68.5 66.1 62.9 62.4 61.6 59.5 47.6 42.5 33.6 29.6 27 26 25.6 25.7 25.9 26.3 26.8 27.7
1.9 1.9 2 2 2 2 2 2 2 2 2 2 2.1 2 2.1 2.1 2.1 2.2 2.2 2.2
22.4 22 20.3 17.1 14 13.5 12.6 13.2 12.2 11.7 11.8 11.7 11.6 11.4 11.4 11.3 11.3 11.3 11.4 11.5
40.4 40.1 46.2 47 46.9 46.9 47 44.3 33.4 28.8 19.8 15.9 13.3 12.6 12.1 12.3 12.5 12.8 13.2 14
Coefficients are (row-wise by formant):
381.6 25.4 22.4 -4.4 0.6 1.4
1926.9 -157 -130 -57.1 -33.4 -6.4
2337.1 2.8 -46.5 -16.3 13.1 1.4
