KLH021a_0202 analysis information:
Number of steps:
20
Cutoff frequencies were: 
4500 4579 4658 4737 4816 4895 4974 5053 5132 5211 5289 5368 5447 5526 5605 5684 5763 5842 5921 6000
Number of coefficients for prediction: 
5
Number of formants: 
3
Winner is:
5684 5684 5684
Errors (total,f1,f2,f3): 
79.4 80.6 79.7 74.4 74.7 76.4 72.8 68.6 69 67.9 67.8 67 67.3 66.6 66.6 66.3 67.3 69.2 71 73.6
22.3 22.5 22.5 22.6 22.5 22.7 22.8 22.9 23.4 23.4 24 24.1 24.6 24.6 25 25.3 26 27.3 28.6 29.9
18.2 17.9 13.5 12.1 11 10.8 10.6 10.6 11 11.2 11.6 11.9 12.7 13.4 14.4 15.6 17.5 19.3 22.1 25.1
38.9 40.2 43.7 39.7 41.2 42.9 39.4 35.1 34.6 33.3 32.2 31 30 28.6 27.2 25.4 23.8 22.6 20.3 18.6
Coefficients are (row-wise by formant):
461.2 63.4 -13.4 -43.7 -30.6 -13.9
1056.1 251.8 101.5 -30.6 -20.8 1.8
2280.2 27.4 16 -56.9 -44.6 -17.6
