KLH021c_0192 analysis information:
Number of steps:
20
Cutoff frequencies were: 
4500 4579 4658 4737 4816 4895 4974 5053 5132 5211 5289 5368 5447 5526 5605 5684 5763 5842 5921 6000
Number of coefficients for prediction: 
5
Number of formants: 
3
Winner is:
4816 4816 4816
Errors (total,f1,f2,f3): 
57.6 53.3 37.2 37.9 35.8 47.4 111.6 49.8 45.6 53.7 47.6 47.9 53.6 53.3 49.8 53.9 52.2 41.3 45.9 49.7
7.2 6.7 5.7 4.8 4.8 6.5 11.9 13.1 9 11.9 9.9 9.7 11.9 12.3 11.5 10.8 8.9 6.9 6.2 4.4
6.6 6.3 6 5.8 6.1 6.2 9.9 35.3 35.3 40.2 36.2 36.7 40.3 39.6 37 41.8 42 33.2 38.5 44
43.8 40.3 25.5 27.3 24.9 34.7 89.8 1.4 1.3 1.6 1.5 1.5 1.4 1.4 1.3 1.3 1.3 1.2 1.2 1.3
Coefficients are (row-wise by formant):
565.8 -15.5 -15.8 -21 -12.6 -7.9
865.5 -21.8 4.7 -9.6 -25.3 -14.5
2363.6 -143.5 -32 -118 -146.2 -54.2
