KLH021a_0722 analysis information:
Number of steps:
20
Cutoff frequencies were: 
4500 4579 4658 4737 4816 4895 4974 5053 5132 5211 5289 5368 5447 5526 5605 5684 5763 5842 5921 6000
Number of coefficients for prediction: 
5
Number of formants: 
3
Winner is:
5053 5053 5053
Errors (total,f1,f2,f3): 
152.3 111.2 93.4 100.2 93.3 87.2 100.4 49.6 65.5 67 65.3 63.8 66.2 73.2 67.5 72.1 77.8 83.1 70.5 61.5
4.5 4.4 4.8 6.3 6.8 8.7 11.3 13 13.5 14.5 15.6 17.8 19.8 26.2 27.6 30.4 33.1 34.9 24.6 25.3
21.5 19.3 20 21.8 20.7 19.5 17.2 19.2 23.4 26.5 27.8 26.4 27.1 27.4 19.6 20.5 21.8 24.5 21.9 12.8
126.3 87.5 68.6 72.1 65.8 59 71.9 17.4 28.6 26 21.9 19.6 19.3 19.6 20.3 21.2 22.9 23.7 24 23.4
Coefficients are (row-wise by formant):
538.8 13.9 -73.5 -7.5 -18.1 9.8
1092.8 53.5 41.8 -9.3 -33.3 -16.2
2247.2 35.7 8.3 -14.4 2.4 -3.4
