KLH021a_1066 analysis information:
Number of steps:
20
Cutoff frequencies were: 
4500 4579 4658 4737 4816 4895 4974 5053 5132 5211 5289 5368 5447 5526 5605 5684 5763 5842 5921 6000
Number of coefficients for prediction: 
5
Number of formants: 
3
Winner is:
5684 5684 5684
Errors (total,f1,f2,f3): 
72.6 51.9 55 131.8 170.6 102.6 139.1 119.2 155.7 135.2 249.1 307.9 185 313.7 93.8 6.7 45.8 20 7.6 7.8
1.8 1.9 1.6 1.5 4 1.4 2 1.8 1.6 1.3 1.8 6.4 1.5 5.6 1.8 1.7 1.7 1.9 2 2.1
30.8 25.3 20.1 61.7 100.7 39.5 80.1 59.3 97 62.6 132.5 158.6 63.3 159.7 7.6 2.8 2.8 3.2 3.3 3.6
40 24.7 33.3 68.6 65.9 61.7 57 58.1 57.1 71.3 114.8 142.9 120.2 148.4 84.4 2.2 41.3 14.9 2.3 2.1
Coefficients are (row-wise by formant):
338.2 32.3 -15.2 9.7 -4.9 3.3
1729.4 76.9 -10 15.3 -9.5 5.9
2396.1 -82.5 3.1 -0.9 -1.4 -1.6
