KLH021a_0097 analysis information:
Number of steps:
20
Cutoff frequencies were: 
4500 4579 4658 4737 4816 4895 4974 5053 5132 5211 5289 5368 5447 5526 5605 5684 5763 5842 5921 6000
Number of coefficients for prediction: 
5
Number of formants: 
3
Winner is:
6000 6000 6000
Errors (total,f1,f2,f3): 
56.8 54.5 58.3 63 57.4 44.8 47.5 50.7 54.1 40.4 48.7 62.3 60 50.7 46.4 45.4 45.1 42.9 40.6 39.7
2.3 2.1 2.3 1.5 2.1 2.5 2.9 3 3.1 3.1 3 2.9 2.8 2.7 2.6 2.6 2.8 2.9 3 3.3
6.6 6.9 6.4 6.1 6.1 7.2 6.8 8.5 10.6 12.9 18.6 27 28.5 27.9 26.9 26.3 26.5 25.8 25.1 24.6
47.9 45.5 49.6 55.4 49.2 35.1 37.8 39.2 40.4 24.4 27.1 32.4 28.7 20.1 16.9 16.5 15.8 14.2 12.5 11.8
Coefficients are (row-wise by formant):
321.5 9.7 -25.4 -3.1 -3 -3.1
1209.2 194.9 77.8 96.3 64.8 42.6
2398 6 28.6 60.4 35.9 26.6
