KLH021a_1369 analysis information:
Number of steps:
20
Cutoff frequencies were: 
4500 4579 4658 4737 4816 4895 4974 5053 5132 5211 5289 5368 5447 5526 5605 5684 5763 5842 5921 6000
Number of coefficients for prediction: 
5
Number of formants: 
3
Winner is:
4500 4500 4500
Errors (total,f1,f2,f3): 
5.6 5.7 6.8 6.9 9.5 176.4 68.5 103.3 244.2 93.9 132.9 89.6 70.2 60.6 65.9 51.2 18.7 11.8 8.1 8.6
1.4 1.8 3.2 3.5 5.3 28 4.6 4.7 5 3.5 4 4.5 5.1 4.7 4.7 5.6 3.8 6 3.4 4
1.7 1.6 1.6 1.8 2.2 44.7 2.6 7.6 51.2 3.9 11.6 4.8 5 4.6 4.2 4.7 3.3 4 3 2.9
2.5 2.3 2 1.6 2 103.7 61.3 91 188 86.5 117.3 80.3 60.1 51.3 57 40.9 11.6 1.8 1.7 1.7
Coefficients are (row-wise by formant):
682 0.9 10 -14.3 6.5 2.5
1317 -6.5 2.8 -8.2 4.1 1.4
2266.1 -28.9 6.4 -0.8 5.9 -6.8
