KLH021a_0922 analysis information:
Number of steps:
20
Cutoff frequencies were: 
4500 4579 4658 4737 4816 4895 4974 5053 5132 5211 5289 5368 5447 5526 5605 5684 5763 5842 5921 6000
Number of coefficients for prediction: 
5
Number of formants: 
3
Winner is:
5368 5368 5368
Errors (total,f1,f2,f3): 
122.1 133.1 109.9 69.3 88.6 51 43 49.2 32.6 17.1 20.2 16.6 16.8 18.1 17.5 18.4 17.7 18 18 18.1
10 9 7.4 7.1 7.4 6.9 7.3 7 7.1 6.9 6.9 7.1 7.2 7.2 7 7 6.7 6.8 6.9 7
3.3 3.4 2.9 2.6 2.6 2.6 2.9 2.8 3.4 3.5 3.7 3.6 3.3 3.5 3.5 3.8 3.9 3.9 4.1 4.3
108.8 120.7 99.6 59.6 78.6 41.5 32.8 39.4 22.1 6.7 9.6 5.9 6.3 7.4 7 7.6 7.1 7.3 7 6.8
Coefficients are (row-wise by formant):
444.6 26.7 -65.2 1.9 -5.9 -10.1
1075.4 73.4 -5.9 -5 -11.6 -3.3
2355.5 24.2 -1.8 -22 5.7 -4.9
