KLH021a_0959 analysis information:
Number of steps:
20
Cutoff frequencies were: 
4500 4579 4658 4737 4816 4895 4974 5053 5132 5211 5289 5368 5447 5526 5605 5684 5763 5842 5921 6000
Number of coefficients for prediction: 
5
Number of formants: 
3
Winner is:
4500 4500 4500
Errors (total,f1,f2,f3): 
15.2 15.5 16.1 15.5 15.9 16.7 17.1 17 17.2 21.9 33.6 48.1 80.2 69.7 79.6 72.6 39.7 36.4 36.4 40.7
4 4.2 4.6 4.7 4.8 4.4 4.3 3.8 3.3 5.4 13.3 24.7 54.7 43.7 54.7 48.5 17.4 14.6 13.6 16.8
2.9 2.4 2.6 1.9 2 2.6 2.6 2.5 2.8 4.9 7.5 9.9 12.4 13 10.9 10.1 9 10.6 10.2 11.5
8.3 8.9 8.9 8.9 9.1 9.7 10.2 10.7 11.1 11.6 12.8 13.5 13.1 13 14 14 13.3 11.2 12.6 12.4
Coefficients are (row-wise by formant):
614 -74.7 -12.7 -29.2 1.1 -8.6
1334.6 55.2 15.6 -4.8 0.8 1.8
2239.9 -15.9 21.5 -7.3 13.6 9.1
