KLH021c_0804 analysis information:
Number of steps:
20
Cutoff frequencies were: 
4500 4579 4658 4737 4816 4895 4974 5053 5132 5211 5289 5368 5447 5526 5605 5684 5763 5842 5921 6000
Number of coefficients for prediction: 
5
Number of formants: 
3
Winner is:
5053 5053 5053
Errors (total,f1,f2,f3): 
45.1 35.6 43.6 47.3 43.7 36.5 21.1 14.1 14.3 14.9 15.7 17.2 19.1 21.3 23.6 27.3 32.3 31.6 29.4 30.1
8.7 7.2 8.3 7.8 8.1 8 7.5 7.7 8.1 8.8 9.5 10.3 10.9 11.4 11.3 11 11 11.4 12 13.2
4.4 3.6 4.4 3.9 4.1 3.9 3.5 3.3 3.2 3.3 3.6 4.4 5.7 7.4 9.8 13.7 18.6 17.4 14.5 13.9
32 24.8 30.9 35.6 31.5 24.6 10.1 3.1 3 2.8 2.6 2.5 2.5 2.5 2.5 2.6 2.7 2.8 2.9 3
Coefficients are (row-wise by formant):
503.1 -29.2 -39.4 -2.2 -16.2 -3.5
1041.4 54.8 -21.8 -0.6 0.8 -1
2437.9 36.5 5.4 13.1 16.8 -2.7
