KLH021c_0367 analysis information:
Number of steps:
20
Cutoff frequencies were: 
4500 4579 4658 4737 4816 4895 4974 5053 5132 5211 5289 5368 5447 5526 5605 5684 5763 5842 5921 6000
Number of coefficients for prediction: 
5
Number of formants: 
3
Winner is:
5132 5132 5132
Errors (total,f1,f2,f3): 
76.4 88.2 73.3 56.8 46.5 38.9 32 28.2 27.3 27.9 31.5 245.1 247.7 299.3 301.7 302.6 302.9 304.1 304.8 306.7
8.2 5.3 5.5 6 5.4 6.2 6.9 8.2 9.4 11.9 16.9 85.6 86.4 107 107.4 106.8 106.2 105.7 105.3 105.8
3.9 3.8 4.6 5.7 6 6.7 7.2 7.5 6.8 6.4 5.9 76.9 77.7 94.6 95.3 95.6 95.8 96.4 96.6 97
64.3 79.1 63.2 45.1 35.1 26 17.9 12.5 11.1 9.6 8.7 82.6 83.6 97.7 99 100.2 100.9 102 102.9 103.9
Coefficients are (row-wise by formant):
485.7 72.2 -131.4 18.1 -9.7 2.2
1316.6 56.7 18.8 -6.7 8 -3.5
2201.3 0.8 -29.2 -9.2 -15.5 -14.2
