KLH021a_0879 analysis information:
Number of steps:
20
Cutoff frequencies were: 
4500 4579 4658 4737 4816 4895 4974 5053 5132 5211 5289 5368 5447 5526 5605 5684 5763 5842 5921 6000
Number of coefficients for prediction: 
5
Number of formants: 
3
Winner is:
5053 5053 5053
Errors (total,f1,f2,f3): 
243.6 271.2 200.2 130.3 116.7 70.2 31.8 26.1 26.8 33.1 33.8 68.6 65.7 66.8 67.5 66.3 62.5 59.8 59.7 56.8
5.3 8.4 5.3 5.2 5.2 4.7 4.5 4.1 3.9 3.5 3.2 2.9 2.8 2.8 2.7 2.7 2.8 2.9 3.1 3.3
6.6 34 28.8 6.7 6.7 6.3 6.6 6.2 6.8 8.1 9.3 10.8 10.8 11.4 11.2 11 10.8 10.6 10.3 9.9
231.7 228.8 166.1 118.4 104.8 59.2 20.7 15.8 16.1 21.5 21.3 54.9 52.1 52.6 53.6 52.6 48.9 46.3 46.3 43.6
Coefficients are (row-wise by formant):
307.1 -6.1 -31.1 -7.8 -10.4 -4.8
925.2 -24.9 -16.3 -18.2 5 -7.7
2158.5 190.8 -120.9 56.4 -32 2.1
