KLH021a_0288 analysis information:
Number of steps:
20
Cutoff frequencies were: 
4500 4579 4658 4737 4816 4895 4974 5053 5132 5211 5289 5368 5447 5526 5605 5684 5763 5842 5921 6000
Number of coefficients for prediction: 
5
Number of formants: 
3
Winner is:
5684 5684 5684
Errors (total,f1,f2,f3): 
217.7 306.3 435.5 395.2 424.2 410.6 356.3 218.8 175.1 149.3 95.4 65.3 34.6 34.5 33.9 33.7 34.2 34.7 35.8 37
1.4 1.5 5.6 1.6 1.6 1.5 1.5 1.4 1.4 1.3 1.3 1.2 1.2 1.2 1.2 1.3 1.4 1.3 1.3 1.3
150.1 225.3 326.5 289.8 313 289.4 234 123.7 96.3 73.8 53.9 43.4 26.8 26.8 26.5 26.3 26.6 27 27.6 28.4
66.2 79.5 103.4 103.8 109.6 119.7 120.8 93.7 77.4 74.2 40.2 20.7 6.6 6.5 6.2 6.1 6.2 6.4 6.9 7.3
Coefficients are (row-wise by formant):
297.9 -4.7 -7.8 8.2 -4.1 3.3
2012.4 -35.8 -49.3 -37.3 -44.3 -22.2
2347.8 -66.9 1.2 -37 -9.4 -16.2
