KLH021a_1384 analysis information:
Number of steps:
20
Cutoff frequencies were: 
4500 4579 4658 4737 4816 4895 4974 5053 5132 5211 5289 5368 5447 5526 5605 5684 5763 5842 5921 6000
Number of coefficients for prediction: 
5
Number of formants: 
3
Winner is:
6000 6000 6000
Errors (total,f1,f2,f3): 
310.3 314.7 309.5 342.2 377.6 429.6 408.2 350.5 339.1 179.6 137.4 207.1 180.6 154 156.7 118.2 137.2 143.6 73.9 71.5
16.5 16.2 16.5 15.2 14.7 14.7 13.8 13.8 16.5 13 12.6 12.1 11.6 12.3 12.2 12 11.7 12.1 12 11.9
202.6 197.9 192.8 222.1 240.5 273.4 248.4 204.4 192.1 66.9 44.1 98.2 72.7 55 54.1 39 55.5 64 29.1 28.2
91.2 100.6 100.2 104.9 122.4 141.5 146 132.3 130.5 99.7 80.7 96.8 96.3 86.7 90.4 67.2 70 67.5 32.8 31.4
Coefficients are (row-wise by formant):
313 -0.8 -3.1 -30.2 -18.5 14
1967.8 -58.7 -0.1 4.1 -16.4 32.2
2526.9 -38.4 -24 -16.7 -51 28.3
