KLH021a_0705 analysis information:
Number of steps:
20
Cutoff frequencies were: 
4500 4579 4658 4737 4816 4895 4974 5053 5132 5211 5289 5368 5447 5526 5605 5684 5763 5842 5921 6000
Number of coefficients for prediction: 
5
Number of formants: 
3
Winner is:
5211 5211 5211
Errors (total,f1,f2,f3): 
40.8 49.1 129 335.8 117.2 111.9 120.4 126.6 26.8 26.7 27.6 28.9 29.9 31.6 32.2 32.8 34.7 35.4 35.1 35.1
4.6 5.5 5.2 29.3 5.1 5 4.8 4.6 4.4 4.5 5 5.5 6 6.6 6.6 6.8 7 7 7 7
11.6 11.8 64.4 174.5 53.4 48.6 57.8 64.6 13.4 13.3 13.6 13.8 14.4 15 15.9 17 18.8 20.4 21.2 22
24.6 31.8 59.4 132 58.7 58.3 57.8 57.4 9 8.9 9 9.6 9.5 10 9.7 9 8.9 8 6.9 6.1
Coefficients are (row-wise by formant):
539.7 -3.4 -26.3 3.5 -15.2 -3.2
1536.8 -92 68.2 -9.6 20 22.8
2386.6 -11.1 11.2 -8.9 -9 -5.7
