KLH021c_0607 analysis information:
Number of steps:
20
Cutoff frequencies were: 
4500 4579 4658 4737 4816 4895 4974 5053 5132 5211 5289 5368 5447 5526 5605 5684 5763 5842 5921 6000
Number of coefficients for prediction: 
5
Number of formants: 
3
Winner is:
4737 4737 4737
Errors (total,f1,f2,f3): 
85.5 81.9 85.8 75.9 82.4 84.5 88.6 98.4 129.3 155.2 166.6 163.6 155.2 160.1 137.2 130.2 168.9 294.4 351.6 351.4
5.1 5.2 5.3 5.2 5.4 5.7 6.2 7 8.2 10 12.6 12 17.9 21.1 16.8 17.4 17.4 95.3 94.4 93.6
49.8 51.5 53.1 52.9 52.8 53.1 54.4 55.3 59.1 66.4 56.2 69.1 62.4 67.9 79.5 77.4 94 114.8 155.3 157.2
30.6 25.2 27.4 17.8 24.2 25.7 28 36.1 62 78.8 97.8 82.5 74.9 71.1 40.9 35.4 57.5 84.3 101.9 100.6
Coefficients are (row-wise by formant):
288.3 -28 -25.5 -5.4 2.4 -7.5
959.8 13.2 146.4 70.7 137.6 39.8
2061 302.1 -210.6 44 -58.1 -23.7
