KLH033a_0076 analysis information:
Number of steps:
20
Cutoff frequencies were: 
6000 6105 6211 6316 6421 6526 6632 6737 6842 6947 7053 7158 7263 7368 7474 7579 7684 7789 7895 8000
Number of coefficients for prediction: 
5
Number of formants: 
3
Winner is:
6842 6842 6842
Errors (total,f1,f2,f3): 
98.5 66.7 67.2 31.5 45.6 10.7 10.5 10.4 10.2 10.8 11 11.4 11.9 13.1 16.8 21.6 364.6 369 450.2 362
2.8 3.2 3.4 3.7 4.1 4 3.4 2.8 2.9 2.9 2.6 2.7 2.9 3.7 6.8 11.4 120.8 123.3 151.2 118.6
15.8 3 3.3 3.6 3.5 3.6 4 4.4 4.1 4.4 4.7 4.9 5.2 5.5 5.8 5.9 74.2 74 88.3 71.8
79.9 60.5 60.5 24.2 38 3.1 3.1 3.2 3.2 3.5 3.7 3.8 3.8 3.9 4.2 4.3 169.6 171.7 210.7 171.6
Coefficients are (row-wise by formant):
493.9 86.6 -30.1 2.1 -6.3 -0.1
1609.6 -12.5 -17.8 -15.8 10.1 -3.3
2513.7 66.9 25.6 24.1 5 1.8
