KLH033a_0197 analysis information:
Number of steps:
20
Cutoff frequencies were: 
6000 6105 6211 6316 6421 6526 6632 6737 6842 6947 7053 7158 7263 7368 7474 7579 7684 7789 7895 8000
Number of coefficients for prediction: 
5
Number of formants: 
3
Winner is:
6000 6000 6000
Errors (total,f1,f2,f3): 
157.1 277.5 306.7 360 414 414.4 439.6 429.5 427.3 429.7 471.6 444.4 456.1 480.8 560 687 704.9 746.9 721.3 753.1
18.4 15.9 14.7 15.9 14.4 13.8 16.6 12.7 12.9 13 14.4 17.9 18.3 23.8 30.1 27.9 24.3 27.6 29.3 28.7
68.7 157.7 179.7 221.8 258.2 263.5 279.8 273.5 275.5 276.6 246.4 239.9 238.2 182.9 216 319.2 322 344.2 313.4 326.5
70 103.9 112.3 122.3 141.4 137.1 143.2 143.3 138.9 140.1 210.8 186.6 199.6 274.1 313.9 339.9 358.6 375.1 378.6 397.9
Coefficients are (row-wise by formant):
502.5 19.8 22 -28.4 22.1 -0.4
938.4 0.8 39.4 4 -21 2
2444.5 0.3 -33.5 19.6 -40.2 3.4
