KLH033e_0021 analysis information:
Number of steps:
20
Cutoff frequencies were: 
6000 6105 6211 6316 6421 6526 6632 6737 6842 6947 7053 7158 7263 7368 7474 7579 7684 7789 7895 8000
Number of coefficients for prediction: 
5
Number of formants: 
3
Winner is:
7895 7895 7895
Errors (total,f1,f2,f3): 
170.8 184.3 224.6 379.5 377.1 371.7 405.2 407.6 403 400.9 337.3 362.1 359.1 194.6 171.6 161.7 160.8 159.8 158.6 239.9
7.9 7.9 7.6 7.6 7.8 8.1 8.3 9.1 10.6 11.4 13.3 77.6 77.7 77.9 78.1 78.3 78.5 78.6 78.8 139.7
83.6 81.4 77.3 190.3 197 200.7 248 240.1 242.7 230.4 170.8 135.7 132 35.1 34.1 33.2 32.5 31.8 31.1 34.2
79.3 95 139.7 181.6 172.3 162.9 148.9 158.4 149.7 159.1 153.2 148.8 149.4 81.6 59.4 50.2 49.8 49.4 48.7 66
Coefficients are (row-wise by formant):
305 44.9 62.8 65.2 73.6 38.8
2601.5 -1.9 -110.1 24.7 4.8 -25.2
3334.9 -45.8 -239.6 41 -92.8 -21.4
