KLH033b_0352 analysis information:
Number of steps:
20
Cutoff frequencies were: 
6000 6105 6211 6316 6421 6526 6632 6737 6842 6947 7053 7158 7263 7368 7474 7579 7684 7789 7895 8000
Number of coefficients for prediction: 
5
Number of formants: 
3
Winner is:
7684 7684 7684
Errors (total,f1,f2,f3): 
380 314.1 324.2 232.1 203.2 189.2 181.9 187 189.9 203.8 194.9 184.7 180.4 186.3 163.5 146 145.4 147.1 148.7 151.2
59.3 51.4 54.3 45.5 43.6 43.8 44.9 47.2 48.8 50.5 51.8 52.2 53.3 54.9 57.7 59.5 61.1 63.1 63.8 64
90.2 57.1 70.2 40.8 31.8 31.6 31.6 31.5 30.6 30.5 29.7 28.5 28.5 41.7 28.3 29.2 30.3 31.2 31.1 31.8
230.5 205.6 199.7 145.8 127.8 113.8 105.4 108.3 110.5 122.8 113.4 104 98.6 89.7 77.5 57.3 54 52.8 53.8 55.4
Coefficients are (row-wise by formant):
667.3 -46.9 9.8 -24.1 -38.6 -3.9
1911.3 13.9 107.4 -4.6 17.8 7.6
2768.1 9.1 84.3 145.1 71.9 96.6
