KLH033d_0449 analysis information:
Number of steps:
20
Cutoff frequencies were: 
6000 6105 6211 6316 6421 6526 6632 6737 6842 6947 7053 7158 7263 7368 7474 7579 7684 7789 7895 8000
Number of coefficients for prediction: 
5
Number of formants: 
3
Winner is:
7053 7053 7053
Errors (total,f1,f2,f3): 
100.9 147.2 212.3 264.8 116.1 116.1 96.9 95.4 80.8 163.4 66.5 84.5 90.9 102.5 105.2 123.3 106.9 99.3 222.1 89.6
25.6 32.4 25.6 34.3 14.4 12.7 12 11 10.9 11.4 12.6 14.4 19.3 27 38.3 53.8 39.8 37.7 51.7 28.6
25.7 48.2 73.1 87.3 23 21.2 21.7 21.7 23.6 37.3 29.7 35 43.8 47.4 39.4 42.7 40.7 35.5 62.3 34.5
49.6 66.6 113.6 143.2 78.7 82.2 63.2 62.7 46.3 114.7 24.2 35.1 27.8 28.1 27.5 26.8 26.4 26.1 108.1 26.5
Coefficients are (row-wise by formant):
814.4 163.2 -42.1 31.9 -18.9 3.2
1653.3 27.8 15.4 76.1 45.3 53.9
2618.3 41.4 -40.9 -33.3 14.1 -3.8
