KLH033e_0026 analysis information:
Number of steps:
20
Cutoff frequencies were: 
6000 6105 6211 6316 6421 6526 6632 6737 6842 6947 7053 7158 7263 7368 7474 7579 7684 7789 7895 8000
Number of coefficients for prediction: 
5
Number of formants: 
3
Winner is:
7684 7684 7684
Errors (total,f1,f2,f3): 
122 107.3 125.7 143.5 151.8 142.6 98 93.8 105.5 100.1 94.1 83 73.1 67.3 62.4 61.1 60.5 60.7 61.9 63
30.8 28.5 26.8 25.7 24 23.3 27.1 31.5 33.4 35 34.8 32.8 31.8 30.8 30.2 29.9 29.5 29.9 30.7 31.5
8.6 9.7 11.1 12.7 14 15.9 17.8 19.1 19.9 20.3 20.9 20.1 19.2 18 16.8 16.2 16.3 16.2 16.1 16.3
82.6 69.1 87.8 105.1 113.8 103.4 53.1 43.2 52.2 44.8 38.4 30.1 22.1 18.5 15.4 15 14.7 14.6 15.1 15.2
Coefficients are (row-wise by formant):
701.8 18.8 -157.2 25.8 -61.8 46.1
1807.2 94.9 80.1 -5.6 -1.6 -1
2788.2 141 -84.3 -6.7 -11 10.3
