KLH033e_0127 analysis information:
Number of steps:
20
Cutoff frequencies were: 
6000 6105 6211 6316 6421 6526 6632 6737 6842 6947 7053 7158 7263 7368 7474 7579 7684 7789 7895 8000
Number of coefficients for prediction: 
5
Number of formants: 
3
Winner is:
6526 6526 6526
Errors (total,f1,f2,f3): 
94 81.7 77 54.4 49.2 47.3 47.9 55.1 63.2 81.5 106.2 131.3 118.7 87.2 91.1 86.4 81.8 78.4 75 72.1
0.7 0.7 0.7 0.7 0.7 0.7 0.7 0.7 0.7 0.7 0.6 0.6 0.6 0.6 0.6 0.6 0.6 0.6 0.6 0.6
44 37.4 37.9 34.8 36.7 34.6 34.9 41.2 48 64.4 70.4 65.5 42.8 39.7 45.9 47.3 45.9 44.4 42 39.6
49.3 43.6 38.4 18.9 11.8 12 12.3 13.2 14.5 16.4 35.2 65.2 75.3 46.9 44.6 38.5 35.3 33.4 32.4 31.9
Coefficients are (row-wise by formant):
310.4 15.6 0.3 -2.7 1.6 -2.9
2217.9 88.1 -77.4 -49.7 27.8 -30.6
2872.2 -40.3 3.7 0.8 7.4 12.9
