KLH033d_0495 analysis information:
Number of steps:
20
Cutoff frequencies were: 
6000 6105 6211 6316 6421 6526 6632 6737 6842 6947 7053 7158 7263 7368 7474 7579 7684 7789 7895 8000
Number of coefficients for prediction: 
5
Number of formants: 
3
Winner is:
6211 6211 6211
Errors (total,f1,f2,f3): 
72.4 71.5 61.5 64 68.1 77.9 85.8 93.6 101.9 120.1 114.7 111.3 102 91.8 76.2 78.4 79.1 79 78.6 78.5
9.3 8.9 8.9 8.9 9.1 9.2 9.3 9.2 9.3 9.9 9.8 10.5 10.7 10.7 11.2 11.5 12.4 12.5 12.8 12.9
39.2 43.7 38 38 36.3 34.6 34.9 38.6 39.6 39.9 35.2 31.7 26.4 24.3 22.5 21.7 22.8 22.7 22.4 22.3
23.9 18.9 14.6 17.1 22.7 34.1 41.6 45.8 53 70.3 69.7 69.1 64.9 56.8 42.5 45.2 43.9 43.8 43.4 43.3
Coefficients are (row-wise by formant):
496.2 -160.9 -33.5 -10.6 15.4 14.3
2092 155 103.6 11.1 -83.7 -73.5
2458.7 15.6 -56.6 15.3 -5.4 -1.6
