KLH033b_0290 analysis information:
Number of steps:
20
Cutoff frequencies were: 
6000 6105 6211 6316 6421 6526 6632 6737 6842 6947 7053 7158 7263 7368 7474 7579 7684 7789 7895 8000
Number of coefficients for prediction: 
5
Number of formants: 
3
Winner is:
6105 6105 6105
Errors (total,f1,f2,f3): 
189.5 80.2 268.4 278.3 303.6 415.3 322.6 240.7 201.1 227.3 149.5 398.6 396.1 424.2 475.3 404.1 655.8 878.6 625.2 607.4
93.9 23.7 116.1 174.8 169.7 231.9 167.8 159.5 124.6 162 124.8 171.6 177.6 201.7 225.5 269.9 266.6 345.1 275.9 254
31.7 10 65.4 49.2 54.4 89 98 69.5 59.2 52.9 9.2 90.7 92.3 92.6 91.8 53.8 144.8 191.5 127.7 121.4
63.9 46.5 86.9 54.3 79.5 94.4 56.8 11.7 17.3 12.4 15.5 136.3 126.2 129.9 158 80.4 244.4 342 221.6 232
Coefficients are (row-wise by formant):
374.3 -44.9 -37.2 -31.3 -49.8 -13.9
1777.7 -65.2 -38.9 -19 -8.1 -9.2
2165.1 -121.5 74.3 -8 56.4 -2.5
