KLH033a_0856 analysis information:
Number of steps:
20
Cutoff frequencies were: 
6000 6105 6211 6316 6421 6526 6632 6737 6842 6947 7053 7158 7263 7368 7474 7579 7684 7789 7895 8000
Number of coefficients for prediction: 
5
Number of formants: 
3
Winner is:
7789 7789 7789
Errors (total,f1,f2,f3): 
188.6 156.3 218.1 194.9 145.5 156 171.5 151.3 181.2 163.8 219.2 407.7 443.7 330.9 341.6 287.5 72.2 71.3 71.4 71.3
1.3 1.2 1 1 1 1 1 1 1 1 1.1 9.7 1.1 1.2 1.1 1.2 1.1 1.1 1 1.1
130.5 98.2 153.9 134.4 93.7 103.5 112.4 86 119.6 104.7 164.1 307.2 330.8 229.1 260.6 227.5 50.7 51.1 51.3 52.5
56.8 56.9 63.2 59.5 50.8 51.5 58.1 64.3 60.6 58.1 54 90.8 111.8 100.6 79.9 58.8 20.4 19.1 19.1 17.7
Coefficients are (row-wise by formant):
349.9 16.1 -2.6 -3.4 -4.8 -1.8
2642.6 99.5 -347.8 49.1 -188.4 -14.3
3216.1 45 -315.9 30.5 23.6 -33.3
