KLH033b_0624 analysis information:
Number of steps:
20
Cutoff frequencies were: 
6000 6105 6211 6316 6421 6526 6632 6737 6842 6947 7053 7158 7263 7368 7474 7579 7684 7789 7895 8000
Number of coefficients for prediction: 
5
Number of formants: 
3
Winner is:
6632 6632 6632
Errors (total,f1,f2,f3): 
136 147.2 171.2 182.9 128.4 119.3 111.9 116.6 117.2 153.2 206.2 190.5 202.2 174.5 158 154.3 148.8 146.7 148 150.9
11.2 12.5 12 11.6 11.4 11.5 11.2 11 10.9 10.9 10.9 10.7 10.8 11 11.1 11.2 11.7 11.6 11.9 11.9
82.6 96 123.5 139.8 95.2 81.3 78.6 82.4 82.3 93.1 98.3 73.7 65.9 56.5 47.6 43.2 39.3 35.4 34.2 33.6
42.2 38.7 35.7 31.5 21.8 26.5 22.1 23.2 24 49.2 97 106.1 125.5 107 99.3 99.9 97.8 99.7 101.9 105.4
Coefficients are (row-wise by formant):
397.7 86.3 43.1 -7.1 -18.2 -14.2
1960.1 -162.8 -32.6 -39.3 126.5 35.3
2579.6 -276.6 -35.9 46.1 36.3 -37.1
