KLH033a_0570 analysis information:
Number of steps:
20
Cutoff frequencies were: 
6000 6105 6211 6316 6421 6526 6632 6737 6842 6947 7053 7158 7263 7368 7474 7579 7684 7789 7895 8000
Number of coefficients for prediction: 
5
Number of formants: 
3
Winner is:
6737 6737 6737
Errors (total,f1,f2,f3): 
250.7 285.5 296.6 290.3 270.1 226.2 110.8 106.5 112.1 115.3 116.8 117 117.4 118.1 125.8 131.9 134 130.8 136 140.4
5.9 9.2 4.3 4.3 4.3 4.3 4.3 4.2 4 4 4 4 4 4.1 4.1 4.2 4.2 4.2 4.2 4.2
201.2 222.7 235.8 237.7 220.3 181.1 76.3 75.3 80.6 84.8 87.9 88.9 90.1 91.2 99.8 107.1 106.6 101.1 90.8 79.3
43.6 53.6 56.5 48.3 45.5 40.8 30.2 27 27.5 26.5 24.9 24.1 23.3 22.8 21.9 20.6 23.2 25.5 41 56.9
Coefficients are (row-wise by formant):
306.2 -22.2 -0.5 8.4 1.4 0.5
2326.3 -36.8 -378 -230.6 -125 -11
2812.6 -90.7 -42 -48.3 -37 -23
