KLH033e_0202 analysis information:
Number of steps:
20
Cutoff frequencies were: 
6000 6105 6211 6316 6421 6526 6632 6737 6842 6947 7053 7158 7263 7368 7474 7579 7684 7789 7895 8000
Number of coefficients for prediction: 
5
Number of formants: 
3
Winner is:
6105 6105 6105
Errors (total,f1,f2,f3): 
52.2 48.5 67.4 95.8 94 219.6 294.5 295.9 303.4 291.4 287.7 383.4 128.1 136.7 360.7 372 458 485.3 455.4 452.7
6.8 8 8.5 10.9 15.5 111.8 162.3 167.6 172.4 173.9 151.4 153.8 86.8 91.8 146.1 153.8 171.7 173 173.6 174.5
39.8 33.9 35 41.7 42.2 66.4 85 80.1 81.7 60.5 57.7 56.6 26.6 29 53.1 57.5 39.5 62.4 34.4 30.9
5.6 6.6 23.9 43.2 36.3 41.4 47.2 48.2 49.3 57 78.6 173 14.7 15.9 161.5 160.7 246.8 249.9 247.4 247.3
Coefficients are (row-wise by formant):
316.7 35 -26.4 22.8 -17.8 14.4
2436 177.4 -198.8 93.1 -167.1 66.1
2705.4 -95.5 -3.7 -9.2 -15.4 -4
