KLH033a_0586 analysis information:
Number of steps:
20
Cutoff frequencies were: 
6000 6105 6211 6316 6421 6526 6632 6737 6842 6947 7053 7158 7263 7368 7474 7579 7684 7789 7895 8000
Number of coefficients for prediction: 
5
Number of formants: 
3
Winner is:
8000 8000 8000
Errors (total,f1,f2,f3): 
197.3 235 252.6 281.7 223.3 224.8 219.5 196.6 192.3 175.1 179.1 172.7 168 146.8 122.6 117.1 114 109.9 110.2 108.3
21.6 20.3 18.9 18.3 18.1 18 19.3 19.7 20 20.3 20.5 18.5 20.8 18.9 19 18.3 18.7 19.2 19.4 19.6
124.6 149.3 158.4 171.5 130.2 122.8 115.6 88.9 79.1 57.3 43.9 32.7 27.6 28.9 29.6 30.6 29.8 29.4 29.1 28.8
51.1 65.4 75.3 91.9 75 84 84.6 88 93.2 97.5 114.7 121.5 119.6 99 74 68.2 65.5 61.3 61.7 59.9
Coefficients are (row-wise by formant):
407.8 119.3 -30.4 24.6 -2.2 17.2
2405 -293.4 -194.4 -106.2 -105.5 -35.9
2942 -311.6 -92.6 -17.2 77 -64.6
