KLH033d_0153 analysis information:
Number of steps:
20
Cutoff frequencies were: 
6000 6105 6211 6316 6421 6526 6632 6737 6842 6947 7053 7158 7263 7368 7474 7579 7684 7789 7895 8000
Number of coefficients for prediction: 
5
Number of formants: 
3
Winner is:
7789 7789 7789
Errors (total,f1,f2,f3): 
102.3 83 71.8 77.4 101.8 114.8 192 159.1 49.2 42.1 32.6 31.2 37.1 31.4 28.8 27.8 26.7 26.1 27.1 26.8
3.4 3.5 3.4 3.3 3.3 3.2 3.4 4.3 4.9 4.9 4.5 4.4 4 3.9 4.3 4.4 4.3 4.3 4.7 4.8
63.4 47.8 47 38.7 34.4 37.7 106 89.5 6.4 5.9 5.9 5.7 5.4 5.3 5.4 5.6 5.5 5.5 5.8 5.8
35.5 31.7 21.4 35.4 64.1 73.9 82.6 65.3 37.9 31.3 22.2 21.1 27.7 22.2 19.1 17.8 16.9 16.3 16.6 16.2
Coefficients are (row-wise by formant):
393.7 -57.1 -43.6 -3.4 -14.2 8.2
2195.5 -43 -24.9 13.9 0.5 8.5
2767.7 -103.5 -62.7 140 2.6 -38.4
