KLH033d_0166 analysis information:
Number of steps:
20
Cutoff frequencies were: 
6000 6105 6211 6316 6421 6526 6632 6737 6842 6947 7053 7158 7263 7368 7474 7579 7684 7789 7895 8000
Number of coefficients for prediction: 
5
Number of formants: 
3
Winner is:
6000 6000 6000
Errors (total,f1,f2,f3): 
43.9 49.8 52.8 65.2 72.8 78.5 78.4 83.4 76.9 77.4 70.5 63.2 56.3 58.4 65.1 66.6 59.6 57.2 55 55.3
15.9 15.2 15 14.5 14.1 13.9 13.8 13.8 13.7 13.7 13.8 13.9 14 14.4 14.8 15.3 16 16.8 17.6 18.5
16.9 21.8 25.9 35.7 41.5 44.3 43.8 46.5 42.1 43.4 39.8 31.1 17.8 15.3 14.7 21.3 23.8 23 22 21.6
11.1 12.8 11.9 15 17.2 20.3 20.8 23.1 21.1 20.3 16.9 18.2 24.5 28.7 35.6 30 19.8 17.4 15.4 15.2
Coefficients are (row-wise by formant):
438.6 116.9 -36.8 -41.7 -7.9 -2.6
2105 -6.7 10.6 -13.9 8.1 -46.9
2645.9 -263.9 -23.7 -18.1 35.8 17.9
