KLH033b_0129 analysis information:
Number of steps:
20
Cutoff frequencies were: 
6000 6105 6211 6316 6421 6526 6632 6737 6842 6947 7053 7158 7263 7368 7474 7579 7684 7789 7895 8000
Number of coefficients for prediction: 
5
Number of formants: 
3
Winner is:
8000 8000 8000
Errors (total,f1,f2,f3): 
238.2 269.9 307.8 352.2 375.9 425.6 459.3 426.4 400.2 369.7 356.7 404.1 332.6 321.6 290 294.7 205.6 105.5 79.5 60.7
0.6 0.6 0.6 0.6 0.7 4.3 0.7 0.7 0.6 0.6 0.6 3.5 0.6 0.6 0.6 0.6 0.6 0.6 0.6 0.6
195.5 222.3 253.6 275.4 296.6 335 327.7 295.6 270.6 250.6 245.6 283.1 230.6 208.4 176.1 179.5 100.2 46.7 46.5 32.7
42.1 47 53.6 76.2 78.6 86.3 130.9 130.1 129 118.5 110.5 117.5 101.4 112.6 113.3 114.6 104.8 58.2 32.4 27.4
Coefficients are (row-wise by formant):
348.1 8.8 -4.1 2.1 0.7 -0.3
2852.7 -200.5 -148.7 -3.8 -83.9 -29.4
3320.7 -41.9 -104.5 -5.9 -11.7 -25.7
