KLH033a_0708 analysis information:
Number of steps:
20
Cutoff frequencies were: 
6000 6105 6211 6316 6421 6526 6632 6737 6842 6947 7053 7158 7263 7368 7474 7579 7684 7789 7895 8000
Number of coefficients for prediction: 
5
Number of formants: 
3
Winner is:
6000 6000 6000
Errors (total,f1,f2,f3): 
55.6 56.8 70.4 87.3 109.6 322 301.5 361.3 383.5 376.4 409.7 487.5 525.3 318.7 337.3 321.9 315 585.7 500.5 426.4
10.1 9.4 8.8 12.8 11.7 16.2 26.6 20.1 23.6 25.4 32.4 20.7 28.5 24.4 21.4 29.7 24.7 48 36.4 32.4
13.7 15.4 19.1 27.5 33.3 175.1 155.3 199.4 214.7 216.1 221.2 287.5 326.5 173.5 194.8 196.6 188.9 364.6 329.2 291.5
31.8 32 42.5 47 64.6 130.7 119.6 141.8 145.2 134.9 156.1 179.3 170.3 120.8 121.1 95.6 101.4 173.1 134.9 102.5
Coefficients are (row-wise by formant):
533.1 0.9 -26.1 -26.5 -2.8 12.1
935.1 44.2 -32.9 12 0.2 -7.9
2369.2 -18.1 -25.4 -13.7 -57.8 7.5
