KLH033b_0911 analysis information:
Number of steps:
20
Cutoff frequencies were: 
6000 6105 6211 6316 6421 6526 6632 6737 6842 6947 7053 7158 7263 7368 7474 7579 7684 7789 7895 8000
Number of coefficients for prediction: 
5
Number of formants: 
3
Winner is:
6316 6316 6316
Errors (total,f1,f2,f3): 
59.2 60 56 54.9 56.9 79.5 106.9 125.9 127.6 121.2 110.1 114.9 126.5 116.7 109.8 101.1 91.3 75 68.1 60.8
3.2 3.3 3.2 3.2 3.2 3.2 3.1 3.1 3.1 3 3 3 3 3 3.1 3.1 3.2 3.2 3.1 3.1
46.2 47.3 43.6 42.6 42.3 57.7 82.6 95 97.3 94.2 84.3 91 85.9 83.5 82.5 76.6 70.5 55.6 45 27.2
9.8 9.4 9.2 9.1 11.4 18.6 21.2 27.8 27.2 24 22.8 20.9 37.6 30.2 24.2 21.4 17.6 16.2 20 30.5
Coefficients are (row-wise by formant):
329.7 65.8 12.5 7.9 13.2 2.3
2215 213.6 -119 116.8 -36.7 -3.8
2691.9 -116.2 -44.9 -24.8 -37.4 1
