KLH033e_0191 analysis information:
Number of steps:
20
Cutoff frequencies were: 
6000 6105 6211 6316 6421 6526 6632 6737 6842 6947 7053 7158 7263 7368 7474 7579 7684 7789 7895 8000
Number of coefficients for prediction: 
5
Number of formants: 
3
Winner is:
6632 6632 6632
Errors (total,f1,f2,f3): 
37.3 35.9 34.1 32 29.6 25.9 25.4 26.5 31.1 37.9 50.3 300.8 306 312.5 318.5 338.9 547 440.4 444 453.8
3.1 3.1 3.2 3.1 3.1 3.1 3.3 3.9 5.3 7.7 12.7 156.8 159.4 160.6 161.8 163 322.7 233 244.8 252.4
26.3 25.6 23.5 20.6 17.2 12.9 11.3 9.7 10.2 11.1 13.8 88.4 96.5 104.3 123.8 140.2 136.1 151.9 151 148.2
7.9 7.2 7.4 8.3 9.3 9.9 10.8 12.9 15.6 19.1 23.8 55.6 50.1 47.6 32.9 35.7 88.2 55.5 48.2 53.2
Coefficients are (row-wise by formant):
370.9 -39.9 -15.6 -0.9 -5.8 2.6
2218.3 -29 -15.3 69.1 -15.5 39
2872.3 -3.7 61.8 20.3 21.5 9.4
