KLH033a_0383 analysis information:
Number of steps:
20
Cutoff frequencies were: 
6000 6105 6211 6316 6421 6526 6632 6737 6842 6947 7053 7158 7263 7368 7474 7579 7684 7789 7895 8000
Number of coefficients for prediction: 
5
Number of formants: 
3
Winner is:
7684 7684 7684
Errors (total,f1,f2,f3): 
232.9 236.1 243.1 237 228.9 219.6 205.6 176.9 177.7 163.7 174.4 180.8 183 185.2 181.9 176.6 148.2 148.5 153.1 153.6
31.3 32.5 33 32 30.3 28 26.1 24.9 24.1 23.4 25.2 24.6 24.7 23.3 23.4 24.9 24.9 28.1 31.4 32.3
27.5 28.1 29.1 28.7 26.4 27.2 28.6 31.9 35.2 39.1 43.4 45.4 52.2 55.7 62 67.7 69.7 69.2 72.6 70.6
174.1 175.5 181 176.3 172.2 164.4 150.9 120.1 118.4 101.2 105.8 110.8 106.1 106.2 96.5 84 53.6 51.2 49.1 50.7
Coefficients are (row-wise by formant):
826.2 -146.3 -58.4 -58.3 -27.2 17.7
1615 63.2 13.6 48.7 -54.4 50.2
3024.2 -15.7 0.9 -54.7 -24.8 35.8
