KLH033a_0447 analysis information:
Number of steps:
20
Cutoff frequencies were: 
6000 6105 6211 6316 6421 6526 6632 6737 6842 6947 7053 7158 7263 7368 7474 7579 7684 7789 7895 8000
Number of coefficients for prediction: 
5
Number of formants: 
3
Winner is:
8000 8000 8000
Errors (total,f1,f2,f3): 
123.8 138.1 169.7 246.8 300.5 332.8 429 378.5 387.2 380.3 373.2 381.5 326.8 216.4 161.2 142.2 130 130.7 106.9 104.2
19.3 19.4 19 22.3 23.3 26.2 35.4 33.4 33.9 35 31.3 30 28.1 28.5 27 26.2 24.3 23.1 20 19.6
49.9 55.9 71.7 112.6 155.2 140.5 250.6 243.3 246.2 243.4 250.8 272.3 193.6 78.6 36.8 37.6 35.2 43.1 30.2 29.7
54.6 62.8 79 111.9 122 166.1 143 101.8 107.1 101.9 91.1 79.2 105.1 109.3 97.4 78.4 70.5 64.5 56.7 54.9
Coefficients are (row-wise by formant):
629.5 321.4 38.8 2.7 18.2 9.4
2209 -594.3 91.8 -63.3 7.5 6.1
2923.4 -355.2 213 -44.9 -24.5 -24.8
