KLH033b_0085 analysis information:
Number of steps:
20
Cutoff frequencies were: 
6000 6105 6211 6316 6421 6526 6632 6737 6842 6947 7053 7158 7263 7368 7474 7579 7684 7789 7895 8000
Number of coefficients for prediction: 
5
Number of formants: 
3
Winner is:
7368 7368 7368
Errors (total,f1,f2,f3): 
509.1 558.6 386.4 333.2 269.6 268.4 271.5 275.1 300.8 282.2 223.7 202.7 190.5 189.7 201.6 243.7 256.8 278.3 267.4 305.3
122.9 127.7 104.6 102.4 97.4 102.4 116.2 115.8 125.3 129.5 109.3 99.1 86.6 86.2 98.4 101.6 102.5 103.8 114.5 119.5
83.4 87.9 65.3 60.6 58 59.6 63.1 68.4 65.8 76.7 62.3 54.6 56.6 58.1 58 81.6 82.5 94.6 78.6 95.4
302.8 343 216.5 170.2 114.2 106.4 92.2 90.9 109.7 76 52.1 49 47.3 45.4 45.2 60.5 71.8 79.9 74.3 90.4
Coefficients are (row-wise by formant):
886.4 133.8 65.2 167.1 73.8 80.1
1440.7 122.2 63 71 6.9 17.3
2763.4 38 85 71.1 3.5 -46.7
