KLH033a_0718 analysis information:
Number of steps:
20
Cutoff frequencies were: 
6000 6105 6211 6316 6421 6526 6632 6737 6842 6947 7053 7158 7263 7368 7474 7579 7684 7789 7895 8000
Number of coefficients for prediction: 
5
Number of formants: 
3
Winner is:
7158 7158 7158
Errors (total,f1,f2,f3): 
128.8 145.7 148.6 172.4 161.8 146.7 133.3 113.1 111.4 105.1 99.3 97.4 98.3 110 133.4 159.2 199.9 204.2 190.8 176.7
6.2 4.8 4.4 4.6 5.5 5.8 6.2 6.5 6.9 7.1 7.5 7.9 8.5 9.1 9.8 10 10.3 18 10.8 10.7
42.6 52.5 58.3 61.8 60.7 60.8 57.4 52.1 48.1 42.3 39.1 38.5 39.9 49.8 70.3 83.3 112.4 108.7 97.6 85
80 88.4 85.9 106 95.6 80.1 69.7 54.5 56.4 55.7 52.7 51 49.9 51.1 53.3 65.9 77.2 77.5 82.4 81
Coefficients are (row-wise by formant):
367.2 -32.9 -3.6 15.1 -9.8 11.3
1542.7 197.9 226.7 -76.1 25.6 -48.5
2675.5 118.5 48.5 -31 -24.6 -50.8
