KLH033b_0762 analysis information:
Number of steps:
20
Cutoff frequencies were: 
6000 6105 6211 6316 6421 6526 6632 6737 6842 6947 7053 7158 7263 7368 7474 7579 7684 7789 7895 8000
Number of coefficients for prediction: 
5
Number of formants: 
3
Winner is:
6632 6632 6632
Errors (total,f1,f2,f3): 
186 178.5 167.7 164.3 162.8 159.2 157.8 162.8 177.7 190.7 209.5 215.6 209.2 191.2 188.3 200.4 188.9 204.1 191.4 184.4
33.6 33 33.6 33.2 33.5 33.1 32.9 33.2 33.7 33.9 33.5 35 37 40.4 44.3 46 47.8 49.7 50.8 50.2
55.8 58.5 51.5 51.5 50.3 51.4 52.3 49.7 51.2 54.7 58.3 58.9 79.6 70.6 71.1 76.3 56.6 64.9 60 58.3
96.6 87 82.6 79.6 79 74.7 72.6 79.9 92.8 102.1 117.7 121.7 92.6 80.2 72.9 78.1 84.5 89.5 80.6 75.9
Coefficients are (row-wise by formant):
658.8 144.8 -109.7 25.2 45.9 38.8
1725.2 -299.8 -160 212.8 -62.7 20.6
2367.6 -137.4 138.6 9.7 2.4 5.5
