KLH033d_0402 analysis information:
Number of steps:
20
Cutoff frequencies were: 
6000 6105 6211 6316 6421 6526 6632 6737 6842 6947 7053 7158 7263 7368 7474 7579 7684 7789 7895 8000
Number of coefficients for prediction: 
5
Number of formants: 
3
Winner is:
6105 6105 6105
Errors (total,f1,f2,f3): 
39.5 39 45.7 77.6 123.3 109.1 107.1 117.4 134.5 149.8 151.4 144.5 134.3 118.7 96.2 78.5 73.8 72.9 71.2 69.9
4.3 4.2 4.1 4 3.9 4.1 4.7 6.9 13.1 17.8 17.3 4.9 4.5 4.5 4.6 4.9 5.1 5.2 5.4 5.8
21 19.1 22.3 31.1 58.2 66.3 70 66.9 56 41.7 38 43.5 45.5 44.8 44.3 43.4 42.7 42.4 41.9 41.5
14.2 15.7 19.3 42.5 61.2 38.7 32.4 43.6 65.4 90.3 96.1 96.1 84.3 69.4 47.3 30.2 26 25.3 23.9 22.6
Coefficients are (row-wise by formant):
384.7 64.6 23.8 8.2 -1.8 4.3
2210.7 -134 -89.6 -128.6 -107.9 -98.5
2678.6 -87.5 -53.8 27 -11.8 24.8
