KLH033b_0105 analysis information:
Number of steps:
20
Cutoff frequencies were: 
6000 6105 6211 6316 6421 6526 6632 6737 6842 6947 7053 7158 7263 7368 7474 7579 7684 7789 7895 8000
Number of coefficients for prediction: 
5
Number of formants: 
3
Winner is:
6211 6211 6211
Errors (total,f1,f2,f3): 
135.5 131.7 130.5 139.3 141.4 145.4 156.5 176.8 193.6 185.5 178.2 171.9 172.3 172.2 173.1 205 222.7 287.8 296.1 273.1
14.5 14.3 14.1 14.4 14.5 14.9 15.3 16.3 17.5 18.5 18.9 18.2 17.6 17.1 16.5 16.3 15.7 15.5 16.1 17.8
65.4 67.5 66.4 68.1 69 67 68 68.3 70.7 67.9 64.6 61.5 59.1 57.6 59 83.3 109.6 146.3 159.2 145
55.6 49.9 50 56.8 57.9 63.5 73.2 92.2 105.4 99.1 94.7 92.2 95.6 97.5 97.6 105.4 97.4 126 120.8 110.3
Coefficients are (row-wise by formant):
425.5 142.8 7.1 -51.2 -47.7 -7.6
1273.6 116.6 -61.2 -34.7 -16.1 -43.3
2300.5 -97.4 76 78.4 10.1 -62.9
