KLH033d_0614 analysis information:
Number of steps:
20
Cutoff frequencies were: 
6000 6105 6211 6316 6421 6526 6632 6737 6842 6947 7053 7158 7263 7368 7474 7579 7684 7789 7895 8000
Number of coefficients for prediction: 
5
Number of formants: 
3
Winner is:
7579 7579 7579
Errors (total,f1,f2,f3): 
45 46.8 47.7 42.9 38.9 42.9 44.8 45.4 45.1 43.9 41.7 37.2 35 34.5 33.5 33 33.1 33.8 34.8 35.6
8.7 8.7 8.7 9 9.5 10 10.3 10.6 10.5 10.3 9.9 9.2 9.2 9.5 9.6 9.8 10.2 10.7 11.1 11.3
9.4 9.4 10.6 13.7 18.3 23.1 25.5 26.3 26.1 25.8 24.7 21.5 19.6 19.2 18.1 17.6 17.4 17.8 18.6 19.3
26.9 28.7 28.4 20.2 11.1 9.8 9 8.5 8.5 7.8 7.1 6.5 6.2 5.8 5.8 5.6 5.5 5.3 5.1 5
Coefficients are (row-wise by formant):
522.7 -42.3 -21.9 -20.2 -12.6 -1.6
1871.4 225.4 0.7 14.1 -28.4 14.6
2652.4 57.1 65.4 25.5 8.1 7.6
