KLH033e_0204 analysis information:
Number of steps:
20
Cutoff frequencies were: 
6000 6105 6211 6316 6421 6526 6632 6737 6842 6947 7053 7158 7263 7368 7474 7579 7684 7789 7895 8000
Number of coefficients for prediction: 
5
Number of formants: 
3
Winner is:
6000 6000 6000
Errors (total,f1,f2,f3): 
98.9 110.8 130.9 221.1 334.9 444.7 197.4 189.2 196 227.8 250.5 160.7 119.3 104.3 108.6 110.5 114.6 118.9 119.1 120.4
8.4 8.7 9.2 10 11.1 13.2 12.4 12.1 11.9 10.9 10 9.2 9 8.8 8.8 9 9.4 10 10.9 12.2
27.2 31 43.5 91.6 115.4 183 76 75.6 77.8 80.2 84.6 66.8 62.4 59.3 64.2 66.3 69.2 72.9 72.7 72.9
63.3 71.1 78.2 119.5 208.4 248.5 109 101.5 106.3 136.7 155.9 84.7 47.9 36.2 35.6 35.2 36 36 35.5 35.3
Coefficients are (row-wise by formant):
329.3 -50.3 11.6 6.7 21.3 -8.7
1231.4 269.7 217.5 40.9 6.2 -4.9
2357.1 63.4 245.1 14 31.8 -62.3
