KLH033a_0573 analysis information:
Number of steps:
20
Cutoff frequencies were: 
6000 6105 6211 6316 6421 6526 6632 6737 6842 6947 7053 7158 7263 7368 7474 7579 7684 7789 7895 8000
Number of coefficients for prediction: 
5
Number of formants: 
3
Winner is:
7474 7474 7474
Errors (total,f1,f2,f3): 
94.3 97 103.7 95 97.1 102.1 96.8 91.2 93.4 87.6 81.7 75 65.8 63.4 60.1 84.6 180.4 228.1 346.6 305.7
3.9 3.6 3.8 3.5 3.4 3.7 3.4 3.6 3.6 3.4 3.6 3.4 3.4 3.7 3.5 3.8 3.8 3.6 3.8 3.7
65.2 70.1 73.6 71 72.6 77.3 75.5 69 72.8 63.9 56.4 53.5 48 48.3 47.6 71.2 99.7 115.1 89.9 60.9
25.2 23.3 26.3 20.5 21.1 21.1 17.9 18.6 17 20.3 21.7 18.1 14.4 11.4 9 9.6 76.9 109.4 252.9 241.1
Coefficients are (row-wise by formant):
315.1 -13.9 8.8 7.4 -2.6 -2
2206.6 49.9 28.3 -15.4 5.9 45.2
2917.1 61 83.6 43.8 34.2 4.1
