KLH033a_0646 analysis information:
Number of steps:
20
Cutoff frequencies were: 
6000 6105 6211 6316 6421 6526 6632 6737 6842 6947 7053 7158 7263 7368 7474 7579 7684 7789 7895 8000
Number of coefficients for prediction: 
5
Number of formants: 
3
Winner is:
6000 6000 6000
Errors (total,f1,f2,f3): 
7.4 8.2 9 10.5 12.7 306.3 275.6 330.2 332.3 236 510 248.2 345.4 493 476.3 362.9 282.5 274.7 525.4 956
3.3 3.2 3.1 3.3 3.6 94.5 74 48.1 76.1 52.1 71.4 54.3 56.8 63.3 47.6 47.2 51.5 55.7 130.7 221.9
2.7 2.8 3 3.5 4.2 102 105.2 156.3 149.1 96.5 226.1 115.6 120 231.7 212.8 131 118.5 119.7 226 423.6
1.4 2.2 2.9 3.7 4.9 109.8 96.4 125.8 107.1 87.4 212.5 78.3 168.6 198 215.9 184.7 112.5 99.3 168.7 310.5
Coefficients are (row-wise by formant):
343.6 -30.5 -46.5 15.2 -7 4.2
1121.6 1.9 60 -9.9 24.4 1.9
2277.5 -89 47.8 -14.3 -54.2 -11.5
