KLH033a_0826 analysis information:
Number of steps:
20
Cutoff frequencies were: 
6000 6105 6211 6316 6421 6526 6632 6737 6842 6947 7053 7158 7263 7368 7474 7579 7684 7789 7895 8000
Number of coefficients for prediction: 
5
Number of formants: 
3
Winner is:
6947 6947 6947
Errors (total,f1,f2,f3): 
287.7 202.1 197.3 216.8 199 135.5 122.4 118.9 116.5 113.7 125.7 133.6 129.8 140.2 156.4 188 250 263.8 272.3 279.5
5 4.6 4.4 4.4 4.4 4.4 4.5 4.5 4.5 4.5 4.8 4.9 5 5.1 5.2 5.4 5.6 5.9 6.2 6.6
172.4 126.5 127 134.6 134.4 93.7 84.3 84.2 83.4 80.1 88.5 95.1 88.8 97.1 113.2 117.4 116 110.3 112 117.3
110.3 71 65.9 77.8 60.2 37.4 33.6 30.2 28.6 29.1 32.4 33.6 36 38 38 65.2 128.4 147.6 154.1 155.6
Coefficients are (row-wise by formant):
302.6 -25.8 -2.4 -26.4 -16 -8
2115.5 -83.3 123.2 -136.7 -62.1 -89.4
2903.7 -94.4 21 -75.2 36.9 -25.5
