KLH033a_0022 analysis information:
Number of steps:
20
Cutoff frequencies were: 
6000 6105 6211 6316 6421 6526 6632 6737 6842 6947 7053 7158 7263 7368 7474 7579 7684 7789 7895 8000
Number of coefficients for prediction: 
5
Number of formants: 
3
Winner is:
7263 7263 7263
Errors (total,f1,f2,f3): 
45.4 51.8 61.1 58.1 42 38.7 32 28.9 24.1 25.7 25.5 23.8 22.5 24.6 25.7 24 30.3 359.8 381.4 410.8
1 1 1 1.1 1.3 1.7 1.7 2.2 2.7 3.8 4.3 5 5.1 7 8.6 10.6 18.6 134.9 135.7 135.6
11.3 12 14 16.2 15.1 13.6 13.2 12.5 9.3 11 11.6 10.5 9.9 10.9 10.9 8.2 6.4 83.5 85.9 107.3
33.1 38.8 46.1 40.8 25.6 23.4 17.1 14.2 12.1 10.9 9.6 8.3 7.5 6.7 6.2 5.2 5.3 141.4 159.8 167.9
Coefficients are (row-wise by formant):
371.5 -26.2 -36.5 11.9 -25.3 -4.8
1499.5 357.2 -59.8 -19.7 66.8 -33.1
2675.2 57.6 -60.7 -13 -4.1 -31.6
