KLH033b_0268 analysis information:
Number of steps:
20
Cutoff frequencies were: 
6000 6105 6211 6316 6421 6526 6632 6737 6842 6947 7053 7158 7263 7368 7474 7579 7684 7789 7895 8000
Number of coefficients for prediction: 
5
Number of formants: 
3
Winner is:
6526 6526 6526
Errors (total,f1,f2,f3): 
478.9 417.1 417.1 411.4 392.9 383.8 409.7 441 449.6 439.1 508.7 504.1 472.6 496.9 499 480.9 506.4 451.6 476.4 440.9
6.6 4.9 6.8 5.2 5.6 6.1 7.1 8.1 8.6 10.7 18.9 29.9 33.1 36.1 36.7 38.4 40.3 39.6 42.1 41.6
324.3 241.9 245.3 240.8 237 240.5 262 279 283 268.4 311.6 268.5 224.1 237.4 223.8 206.4 226.7 171 190.8 140.4
148 170.3 165 165.4 150.3 137.2 140.6 153.9 158 160 178.2 205.7 215.4 223.4 238.5 236.1 239.4 241 243.5 258.9
Coefficients are (row-wise by formant):
387.5 -91 -13.7 8.6 -2.7 -1.1
1673.2 -158.6 -769.8 130.3 96.6 207.7
2764.4 -104.7 -441 28.1 -46.1 -21.1
