KLH033d_0320 analysis information:
Number of steps:
20
Cutoff frequencies were: 
6000 6105 6211 6316 6421 6526 6632 6737 6842 6947 7053 7158 7263 7368 7474 7579 7684 7789 7895 8000
Number of coefficients for prediction: 
5
Number of formants: 
3
Winner is:
8000 8000 8000
Errors (total,f1,f2,f3): 
156.4 168.2 169.3 170 161 158.9 157.7 159.9 142.5 141.8 126.2 112.9 105.1 94.9 80.3 65.4 60.1 58.6 56.9 56.1
15.6 14.7 14.5 14.3 14.7 14.5 14.4 13.7 13.6 14.1 13.6 14.3 14.5 14.2 14.5 14.8 15.5 15.6 15.8 15.9
89.1 109.4 109.5 108.6 97.4 80.9 59.7 57.3 45.9 42.8 38.6 35.1 27.6 22 17.3 17.9 18.5 18.8 19.4 19.8
51.7 44.1 45.3 47.1 48.9 63.5 83.6 88.9 83 84.9 74 63.5 63 58.7 48.5 32.7 26.1 24.2 21.7 20.4
Coefficients are (row-wise by formant):
483.4 99.9 16.6 24.2 -32.7 21.4
2387.9 -204.8 -118.3 -103.6 -57.5 -55.6
2936.7 -125.4 18.7 -28.4 15.3 31.3
