KLH033b_0308 analysis information:
Number of steps:
20
Cutoff frequencies were: 
6000 6105 6211 6316 6421 6526 6632 6737 6842 6947 7053 7158 7263 7368 7474 7579 7684 7789 7895 8000
Number of coefficients for prediction: 
5
Number of formants: 
3
Winner is:
6105 6105 6105
Errors (total,f1,f2,f3): 
138.4 128.9 146.5 212.1 142.2 139.3 137.5 131.9 134.6 323.3 287 274.9 270.8 143.1 362 352.3 355.3 509.2 760 784.8
17.6 17.8 15.6 15 26.6 39.5 41.6 40.6 41.1 128.1 133.7 114.1 118.1 37.9 108.8 112.8 153.8 207.5 291.8 296.8
44.4 48.4 58.7 70.5 8.4 8.5 8.5 8.4 8.6 43.6 46.2 52.3 51.3 6 83.7 79.5 94.3 147.8 235.7 247.1
76.4 62.7 72.2 126.6 107.2 91.3 87.4 82.9 84.9 151.6 107.1 108.5 101.4 99.2 169.5 160 107.2 153.9 232.5 240.9
Coefficients are (row-wise by formant):
426.3 -41.8 -9 -31.2 18.9 -16.5
1750.1 86.8 91.2 54.5 -59.1 -44
2161.8 -255.5 202.1 108.3 8.6 -21.2
