KLH033b_0827 analysis information:
Number of steps:
20
Cutoff frequencies were: 
6000 6105 6211 6316 6421 6526 6632 6737 6842 6947 7053 7158 7263 7368 7474 7579 7684 7789 7895 8000
Number of coefficients for prediction: 
5
Number of formants: 
3
Winner is:
6316 6316 6316
Errors (total,f1,f2,f3): 
132.9 129.7 183 111.1 232.2 144.6 319.5 283.7 382.4 352.6 408 401.2 420.2 460.8 782.1 786.1 957.4 826 744.9 872
24.9 24 25.3 32.7 40.2 42 48.6 48.8 41.5 50.2 39.5 48.1 49.6 53.4 50.5 50.3 51 57.7 70.3 52
51.2 53.8 60 64 99.9 87.9 165.2 160.1 216.2 199.6 207.5 195.9 190.8 210.4 372.5 367.8 456.6 357.5 307.6 368.1
56.8 51.9 97.7 14.4 92.1 14.7 105.7 74.8 124.7 102.8 161 157.2 179.8 197 359.1 368 449.8 410.8 367 451.9
Coefficients are (row-wise by formant):
491.5 0 -44.6 15.5 -14.7 10.1
756.3 30.2 -39.3 -66.9 -31.3 -4.5
2550.1 38.9 -10.5 -6.9 -12.6 13.4
