KLH033a_0142 analysis information:
Number of steps:
20
Cutoff frequencies were: 
6000 6105 6211 6316 6421 6526 6632 6737 6842 6947 7053 7158 7263 7368 7474 7579 7684 7789 7895 8000
Number of coefficients for prediction: 
5
Number of formants: 
3
Winner is:
6421 6421 6421
Errors (total,f1,f2,f3): 
172.5 166.2 128.9 127.5 121.2 122 125.1 126.8 138.7 160.7 365.3 388 364.9 448.2 486.8 458.2 400.7 442.2 646.9 433
5.6 5.5 5.2 5.4 5.5 5.6 5.9 6.6 7.5 8.4 9.7 11.2 13.2 14.9 14.7 15.9 17.2 17.1 18 18.5
122.9 114.8 78.7 77.4 74.6 71 72.9 73.4 80.4 94.8 197.5 214.2 235.9 231.2 223.8 194.1 144.7 162.2 270.4 165
44 45.9 45 44.7 41.1 45.4 46.3 46.8 50.8 57.5 158.1 162.6 115.8 202.1 248.3 248.2 238.8 262.9 358.5 249.5
Coefficients are (row-wise by formant):
310 27.1 -24.7 -3.3 4.5 -11.9
1342.7 -373.6 403.3 -87.6 60.3 142.4
2419.2 -157 69.9 -91.7 -8.3 -10.6
