KLH033e_0229 analysis information:
Number of steps:
20
Cutoff frequencies were: 
6000 6105 6211 6316 6421 6526 6632 6737 6842 6947 7053 7158 7263 7368 7474 7579 7684 7789 7895 8000
Number of coefficients for prediction: 
5
Number of formants: 
3
Winner is:
7263 7263 7263
Errors (total,f1,f2,f3): 
52.8 56.4 62.3 73.4 88.3 90 86.4 84.5 77.9 57.6 49.6 49.2 48.7 56.6 87.6 116.6 109.1 110.5 80.1 75
1.4 1.6 1.8 1.8 1.9 1.9 2 2 2.1 2.1 2.1 2.1 2.1 2.1 2.1 2.1 2.1 2.2 2.1 2.2
37.5 40.2 45.5 56.7 71 70.3 62.7 51.4 47.8 44 37.9 38.4 34.7 26.8 37.6 42.3 42.1 39.6 36.5 34.2
13.9 14.6 15 14.9 15.4 17.8 21.7 31.1 28 11.5 9.6 8.7 11.9 27.7 47.9 72.2 64.9 68.7 41.5 38.6
Coefficients are (row-wise by formant):
329.2 -0.3 0.4 -0.3 -2.7 0.7
2661.8 117.2 -204 216.1 18 49.8
2903 -96.5 0.5 25.3 1.2 -16.9
