KLH033b_0929 analysis information:
Number of steps:
20
Cutoff frequencies were: 
6000 6105 6211 6316 6421 6526 6632 6737 6842 6947 7053 7158 7263 7368 7474 7579 7684 7789 7895 8000
Number of coefficients for prediction: 
5
Number of formants: 
3
Winner is:
8000 8000 8000
Errors (total,f1,f2,f3): 
31 30.1 29.8 34.5 26.8 30.7 30.1 24.4 28.7 20.2 11.8 11.2 10.8 10.4 10.5 10.2 10.4 10.4 10.1 9.1
0.2 0.2 0.2 0.3 0.3 0.3 0.3 0.2 0.2 0.1 0.1 0 0.1 0.1 0.1 0.1 0.1 0.2 0.2 0.2
5.2 5.1 4.8 5 4.3 4.3 3.9 3.5 3.3 2.8 2.5 2.2 2 2 2 2.2 2 1.9 2.3 2.4
25.6 24.8 24.8 29.2 22.2 26.1 25.9 20.7 25.2 17.3 9.2 9 8.7 8.3 8.4 7.9 8.3 8.3 7.6 6.5
Coefficients are (row-wise by formant):
360.9 3.5 -4 0 -1.1 -0.3
1964.6 75.6 -55 -14.9 -5.8 -9.7
2922.4 104.8 -32.4 -21.9 9.8 22.3
