KLH033b_0648 analysis information:
Number of steps:
20
Cutoff frequencies were: 
6000 6105 6211 6316 6421 6526 6632 6737 6842 6947 7053 7158 7263 7368 7474 7579 7684 7789 7895 8000
Number of coefficients for prediction: 
5
Number of formants: 
3
Winner is:
7053 7053 7053
Errors (total,f1,f2,f3): 
110.7 110.1 140 127.3 168.8 46.5 47.3 47.7 46.4 43.3 42.7 44.5 47.5 47.4 48.2 50.1 48.7 52.4 57.8 304.9
12.6 13 12.9 13 12.8 13 13.5 13.6 13.6 13.5 13.5 13.3 13.5 13.1 13.1 13.4 13.8 16.2 24.2 108.1
18.9 38.1 59.9 27.8 71.4 7.7 7.4 7.2 6.4 5.2 3.8 3.8 3.7 3.2 3.2 3.4 3.5 4.1 4.5 61
79.2 59 67.2 86.5 84.6 25.8 26.4 26.9 26.4 24.6 25.4 27.4 30.3 31.1 31.9 33.3 31.4 32.1 29.1 135.8
Coefficients are (row-wise by formant):
433.9 -53.9 -45.8 -25 -4.2 3.2
2014.4 34.6 -78.8 -1.3 0.7 25
2614.6 -72 -53.7 17.5 7.9 34.9
