Regression analysis information for: KLH032a_0429
number of formants: 3
number of coeccicients: 5
6.5 139.3 29
341 49.9 -6.7 7.3 -5.3 -2.7
2333.8 -45.8 -243.3 -43.1 -39.3 -81.7
2831.9 -88.4 -146.2 -41.8 -5.6 -4.4
6.3 94.2 27.4
344.2 52.9 -6.8 6.6 -5.7 -2.1
2348.7 -79.9 -231.4 -26.4 -73.8 -31.6
2816.5 -99.2 -134.2 -31.3 7.8 -4.3
6.4 32.8 27.1
346.1 54.2 -7.4 5.6 -6.1 -1.5
2374.6 -136.1 -195.6 -22.2 -100.3 22.4
2809.7 -114.7 -118.3 -18.4 10.3 -0.3
6.5 30.5 27.2
347 55 -8 4.9 -6.1 -1.1
2370.7 -137.2 -189.9 -20.8 -92.9 16.3
2808.7 -117.3 -112.2 -14.6 8.1 -1.1
6.7 34.1 26.4
346.7 54.6 -8.8 4.1 -6.4 -0.8
2371 -137.7 -187.1 -19.5 -90.8 14
2813.1 -116.1 -113.4 -12.7 2.9 -0.2
6.7 35.1 24.9
345.4 53.1 -9.8 2.8 -6.9 -0.9
2376.1 -141.5 -182.3 -22.2 -88.7 10.5
2820.3 -115.9 -115.5 -12.4 -0.2 -0.6
6.9 38.4 24.1
343.3 51.1 -10.4 1.9 -6.8 -0.2
2382.8 -141.1 -181.2 -22.7 -90.8 8.8
2829.3 -114.1 -121.4 -11 -5.2 -0.1
6.9 40.5 22.7
340.3 48.2 -11 0.8 -7 0.4
2392.7 -143.2 -179.1 -24.9 -95 8.2
2839 -112.3 -129 -8.8 -9.3 -0.7
6.7 46.1 21.4
336.3 44.2 -12.2 -0.5 -7.8 -0.3
2403.5 -144.3 -179.1 -24.3 -103.8 14.8
2849.3 -107 -139.5 -6.4 -14.9 2
6.5 50 22.3
332.4 40.9 -12.2 -0.9 -7.9 -0.3
2414.6 -142.6 -181.5 -21.6 -115.5 21.4
2860.7 -102.7 -152.1 -4.8 -20.6 2.6
6.2 54 25.1
328.8 37.9 -11.9 -1.4 -8.1 -0.2
2426 -143 -183.9 -20.1 -124.2 24.4
2874.5 -102 -167.3 -2.1 -25.5 2.4
5.8 56.1 32.4
325.7 35.6 -10.9 -0.6 -7.3 0
2435.5 -136.3 -190.8 -17.6 -136.9 26.7
2891.9 -105.4 -185 -2.1 -38.8 7.4
5.1 57.2 46.2
323 33.3 -10.1 0.4 -6.3 0.6
2444.4 -128 -197.7 -19.8 -149.6 20.8
2909.9 -111.7 -207.7 -9.5 -55.4 13.2
4.7 60.4 62.5
321.4 32 -9.4 1.1 -5.7 0.9
2452.3 -123.7 -203 -24.6 -158 12.3
2927.2 -121 -232.8 -18 -71.4 20.7
4.5 53.6 88.5
319.9 31 -8.8 1.8 -5.3 0.9
2443.4 -103.3 -231.3 -18.9 -166.2 6.9
2955.2 -126 -265.9 -38.3 -106.8 27.2
4.1 54.4 117.2
318.6 29.8 -8.2 2.4 -4.7 1.3
2434.9 -113.9 -250.4 -32.4 -144.9 -4.1
2961.1 -148.9 -311.3 -41.5 -100.2 26.3
4 59.2 121.2
318 29.4 -7.9 2.6 -4.6 1.4
2394.4 -160.8 -286 -30.9 -78.6 31.6
2937.5 -121.5 -339.7 -69.5 -26.8 -16.4
3.9 87.8 119.9
317.6 29.1 -7.6 2.8 -4.4 1.4
2350.6 -193.3 -297.9 5 13.4 41.6
2899.3 -128.4 -337.9 -57.5 63 -15.4
3.8 91 91.4
317.4 28.9 -7.3 2.9 -4.3 1.4
2339.5 -234.4 -279 31.1 55.7 49.1
2853.3 -168.4 -287.5 16.8 98.8 -21.3
3.8 95.7 89.9
317.3 28.8 -7 3.1 -4.2 1.4
2355.4 -255.7 -261.5 16.5 70.5 42.3
2818.5 -157 -235.7 5.2 90.6 -7
winner is: 4
