Regression analysis information for: KLH032e_0160
number of formants: 3
number of coeccicients: 5
14.3 11.2 67.5
451.3 56.8 -27.9 15.9 -24.7 5.8
1170.5 42.7 176.1 -11.1 2 6.9
2538.6 181.3 -102.6 158.7 -110 -2
15.3 9.9 54.5
453.7 54.9 -29.1 17.4 -25.2 5.9
1175.3 37.9 178.6 -11.9 0.7 8.9
2583.8 112.5 -79.6 169.7 -144.6 46.1
15.7 9.5 66.6
455.7 53 -30.5 19 -25 4.9
1178 35.3 180.3 -13 1 9.8
2618.2 62 -60.2 173.6 -165.9 72.7
16 9.2 64.5
457.9 51.4 -31.9 20.7 -25.4 4.7
1181.1 31.6 182.2 -13.6 0.2 11.3
2621.6 63.8 -66 170.5 -161.6 70.4
16.2 9 63.4
460.2 49.3 -33.3 22.9 -26.3 4.8
1183.9 28.7 184 -13.7 -0.8 13.9
2625.3 65.7 -70.1 165.3 -157.1 69.6
15.7 9 63.8
461.7 48.5 -35 24 -26.1 3.7
1185.9 28 186.2 -16.3 0.2 13.4
2632.5 63.1 -69.4 158.6 -152.4 71.1
15.5 8.9 64
462.7 48.1 -36.1 25.3 -26.1 2.7
1186.8 26.8 188 -17.9 1.1 13
2636.9 61.8 -68.4 157.1 -151.1 69.6
15.2 9.3 63.4
463.4 48 -37.5 25.3 -25.2 2.2
1187.2 27.3 189.4 -21 3 12.7
2643.1 61.7 -70.9 153.2 -147 72.8
14.6 10.7 62.5
462.8 49.8 -38.2 23.8 -23.5 1.7
1186.1 31 188.5 -22.8 5.1 10.5
2647.7 64.9 -74.7 151.6 -146.6 76
15.3 11.3 62.2
462.7 50.1 -38.7 23.6 -22.8 1.5
1186.6 27.9 191.1 -25.4 6.5 9.2
2649.1 61.3 -72.9 151.6 -143.6 73.2
15.3 13.4 61.8
462.1 51.5 -39.2 22.5 -21.7 1.3
1187 28.8 191.9 -27.9 9 5.2
2652.7 58.9 -69.8 148.1 -140.6 72.1
15.7 15.8 59.9
462.5 51.9 -41.8 22.9 -20 -0.1
1185.7 26.7 192.3 -31.5 10.3 4
2652.9 53.9 -79.4 144.4 -136 72
15.8 18.2 58.6
462.8 52.7 -43 22.6 -19.8 0.3
1187.7 24.4 194.7 -35.5 12.4 1.5
2657.6 53 -81.3 134.7 -134.2 72.1
15.5 20.5 54.8
462.8 53.7 -42.9 20.8 -20.2 3.1
1191.8 21.9 195 -36.1 13.3 -3.6
2662.2 57.5 -81.4 121.4 -133.1 75.4
16.5 23.5 54.3
464.4 54.4 -46.2 21.8 -19.5 3.5
1194.8 18.1 200.9 -40.3 13.8 -6.3
2671.5 59.2 -85.4 112.1 -130.3 75.1
17.4 26.3 52.5
465.8 54.9 -48.8 22.7 -19.7 4.8
1197.9 15.3 206.4 -45.2 15.4 -9.5
2681.9 57.2 -84.2 101.6 -126.1 74
18.5 28.8 49.5
467.6 55.9 -52.3 23.4 -19.5 6.1
1199.9 14.5 211.6 -49.1 15.1 -11.8
2693.2 61.7 -86.7 91.7 -124.4 73.6
19.9 31.7 45
469 58.4 -57.2 25 -20.2 8.6
1202.7 11.1 220 -55.3 16.8 -16.1
2711.9 53.9 -77.9 68.7 -112.1 63.7
22.6 33.1 45.7
471.2 61 -63.6 26.6 -20.1 11.1
1203.4 11.2 230.4 -62.6 16 -17.5
2735.6 41.3 -64.8 42.7 -96.8 52.5
28.1 37.4 42.5
474.3 66.1 -75.8 30.4 -18.3 15.3
1200.4 11.6 248.2 -71.4 11 -18.1
2761.4 32 -54.4 16.9 -78 42.9
winner is: 2
