Regression analysis information for: KLH032a_0964
number of formants: 3
number of coeccicients: 5
8 1.9 7.2
797.3 28.4 -36.1 16.6 -4.3 15.5
1793.7 4.3 -4.2 9.2 3.3 7.2
2670.4 -9.8 7.4 -20.5 -9.5 -7.1
7.3 2 5.8
793.1 31.7 -40.4 18 -4.5 14
1794.7 4.7 -3.9 9.6 3.4 7.6
2701.7 -16 -0.6 -22.6 -15.9 -3.9
7.8 2.2 8.5
789 30.4 -45.7 15.7 -7.3 14.2
1795.8 5.5 -3.3 10.4 3.8 8.1
2731.5 -14.5 -7.8 -18.6 -16.9 -9.7
7.4 2.5 15.7
781.6 35.7 -52.9 20.5 -11.1 15.1
1795.9 6.7 -4.1 11.5 3.2 8.8
2773.1 -30.8 -7.5 -31 -13.9 -16.1
6.5 2.3 16.8
777.2 35.5 -57 15.6 -10.2 12.3
1796.1 7.4 -4.2 11.6 3.5 8.9
2811.2 -45.1 -10.8 -25.2 -31.1 1.6
8 2.5 39.3
767 26.3 -65.8 6.8 -16.4 7.8
1795.4 8.4 -3.9 12 3.8 9.6
2796 -6 42 -38.3 -32.3 50.1
8.9 2.6 56.4
758.4 22 -68.9 3.7 -18.5 4.9
1793.1 8.8 -3.6 12.5 3.8 9.7
2683.7 15.8 132.1 5.2 -7.4 71.8
10.4 1.9 32.6
749.8 13.2 -78 -2.5 -25.6 -0.5
1789.9 8.7 -5 12.9 2.4 9.5
2593.8 72.7 138.8 77.4 9.8 78
11.1 1.4 18.9
745.1 5.5 -85.7 -7.7 -29.8 -4.3
1786.4 4.4 -9.8 10.1 -0.3 7.2
2534.2 -23.7 39.2 29.6 -15.8 47
11.5 1.5 19.6
744.8 5.2 -86.2 -8.3 -29.6 -5.7
1784.7 2.4 -11.3 8.6 -0.9 5.4
2533 -41.2 29.2 10 -7.2 13.8
11.1 1.6 25.6
743.5 3.9 -87.7 -8.1 -28.9 -7.9
1782.3 1.2 -13.1 8.4 -0.9 3
2522.2 -42.4 12.5 14.5 9.1 -22.5
10.8 1.5 27
745.3 4 -87.6 -9 -29.8 -8.1
1783 -0.3 -13.6 6.5 -2.3 2.1
2563.7 -60.2 13.9 -6.9 -6.7 -34.3
11.1 1.5 22.9
747.1 3.5 -88.2 -9.7 -29.1 -8.8
1783.9 -1.1 -14.1 5.5 -1.6 1.4
2601.6 -69.9 5.1 -22 6.9 -48.5
11 1.4 15.7
749.4 1.5 -88.9 -10.8 -28.6 -8.6
1785.6 -2.4 -14 4.4 -0.8 1.8
2647.4 -85.9 -7.9 -33 10 -38
10.8 1.1 14.3
753.6 2.7 -88.3 -11.1 -28.6 -8.8
1789.4 -1.2 -12.5 4.1 -0.4 1.9
2724.4 -73.8 -21.8 -35.5 -11.9 -38.7
11.1 1.1 13.8
757.2 1.3 -89.6 -12.8 -28.3 -10.3
1792.5 -1.6 -12.7 2.7 0.1 1
2798.8 -63.1 -70.5 -42.6 -24.7 -48.7
10.9 1.1 15.7
762 -0.1 -91.4 -14.5 -27.9 -10
1796.2 -2.8 -13.6 1 0.2 1.4
2847.5 -68.5 -88.9 -41.1 -48.9 -24.7
10.9 1.1 21.7
768.1 0.4 -91.7 -14.7 -27.5 -10.3
1801.2 -1.7 -12.5 1.4 0.9 1.8
2856 -40.9 -57.4 -24.5 -40.6 -22.1
10.5 1.2 18.5
774 -1.2 -93.6 -15.6 -27.4 -10.3
1805.8 -1.6 -12.3 1.5 1.2 2.5
2857.9 -29.7 -44.5 -16.7 -29.3 -17.8
10.6 1.5 13.4
780.3 -1.6 -93.7 -15 -26.8 -9.9
1810.6 -0.8 -10.7 2.9 2.4 3.9
2868.3 -10.3 -24.7 -0.6 -12.7 -7.2
winner is: 2
