Regression analysis information for: KLH032a_3020
number of formants: 3
number of coeccicients: 5
14.4 70 132.5
435 17.4 37.4 -38.6 10.7 -17.1
2507.7 -161.1 -3.6 1.5 -71.5 46
3434.4 89.3 -165.6 200.2 -267.8 97.8
14.3 34.8 108.6
434.3 17.2 36.5 -38.2 10.2 -17.4
2527.8 -164.6 -37.4 11.6 -35.6 28.5
3483.6 100.4 -184.4 189.8 -244.2 79.8
14.2 10.6 56.9
433.6 17.1 35.4 -37.6 9.6 -17.5
2542.4 -165.7 -60.2 14.6 -8.6 21.5
3556.7 90.6 -284.1 181.3 -140.9 73.7
13.9 11.2 48.8
432.6 17 34.3 -36.9 8.9 -17.7
2544.4 -165.1 -56.9 13.7 -7 21.4
3573.3 73.5 -275.4 161.7 -136.7 81.6
13.9 11.6 75.6
431.4 17.6 33.2 -36.1 8.5 -17.8
2546.4 -166 -54.4 12.6 -6 21.2
3597.7 14.5 -261.4 132.4 -128.8 94.4
13.8 11.8 83.3
430.5 17.9 32.3 -35.6 8.2 -17.8
2547.8 -166.4 -52.6 11.4 -5.6 20.4
3616.1 -14.8 -234.5 113.5 -123.3 99.2
13.7 12.2 92
429.7 18.1 31.6 -35.1 7.8 -17.6
2549.3 -166.9 -51 10.6 -4.8 19.8
3626.6 -48.5 -215.3 83.9 -116.5 84.7
13.5 12.5 90.5
428.8 18.2 30.9 -35 7.5 -17.6
2550.7 -167.4 -49.5 10.2 -4 19.4
3641.1 -72.4 -187.9 61.4 -99.6 74.6
13.5 12.6 89.3
428.1 18.3 30.5 -35 7.4 -17.6
2552 -168 -48.7 10.1 -3.7 18.9
3655.9 -89.4 -161.4 45.6 -82 69.2
13.4 46.5 109.6
427.6 18.3 30.4 -35.1 7.3 -17.4
2525.5 -115.4 -95.4 48.5 -30.4 31.9
3600.6 37.6 -259.9 145.2 -146.1 126.4
13.2 62 107.5
427.1 18.2 30 -35.3 7.3 -17.5
2510.6 -86.1 -119.6 66.3 -38.4 29.9
3583 80.1 -289.6 175 -161.8 138.7
13.2 52.6 106
426.7 18.1 29.9 -35.7 7.4 -17.5
2517.2 -97 -110 60.2 -34.5 29.6
3579.8 89.6 -298.3 185.1 -171.6 147.8
13 46.4 106.4
426.3 17.9 29.8 -36 7.4 -17.4
2521.2 -103.3 -104 56.3 -31.6 28.3
3578.8 93 -301.6 189.2 -176.1 150.6
12.9 41.2 105.7
425.9 17.8 29.6 -36.4 7.5 -17.3
2528.6 -116.6 -91.3 46.4 -23.4 22.5
3580.9 90.4 -299.1 188 -174.9 147.3
12.9 15.7 111.8
425.7 17.6 29.5 -36.7 7.5 -17.3
2550.5 -156.9 -56.4 21.1 -8.8 20.4
3596.9 62 -274.5 172.5 -166.4 147.4
12.8 13.5 105.6
425.4 17.4 29.3 -37.1 7.6 -17.3
2556.6 -167.7 -46.4 13.5 -3.5 17.6
3604.8 47.8 -260.7 163.2 -157.2 138.7
12.7 13.5 97.3
425.2 17.2 29.2 -37.4 7.7 -17.3
2556.9 -167.3 -46.6 14 -3.9 17.6
3632.4 -4.6 -213.5 125.5 -128.1 120.6
12.6 13.6 91.3
425 17 29.3 -37.7 7.9 -17.2
2557.1 -166.9 -47.1 14.2 -4.4 17.8
3656.1 -48.9 -171.9 91.2 -98.9 97.3
12.6 13.5 79
424.8 16.8 29 -38 8 -17.2
2557.1 -167.1 -47.4 13.9 -4.8 17.6
3671.8 -78.2 -143.4 66.6 -76.2 76.2
12.6 13.4 68.4
424.7 16.6 29 -38.2 8.1 -17.2
2557.1 -167.2 -47.9 13.6 -5.1 17.8
3681.9 -96.6 -125.6 50.8 -60.8 60.3
winner is: 4
