Regression analysis information for: KLH032a_0824
number of formants: 3
number of coeccicients: 5
1.5 15.9 14.1
353.5 -1.8 2.1 -3.9 1.8 -3.3
1253 80.7 89.9 11.7 32.7 -11.2
2362.1 -418.6 53.4 -82.1 -35.4 24.3
1.9 17.9 16.7
353.7 -1.8 2.7 -4.2 2.2 -3.7
1254.5 87 97.6 13.6 37 -10
2354.9 -405.2 68.3 -93.3 -39 24.9
1.9 18.7 23.6
353.9 -1.3 3 -4.2 2.5 -3.6
1259.6 98.1 104.9 16.7 41.9 -8.6
2351.7 -383.4 69.1 -110.1 -26.1 17.9
2.2 19.1 18.1
354.5 -1.8 3.8 -4.6 2.8 -4
1265.3 95.6 111.7 15.9 41.6 -8.5
2368.8 -392 70.9 -97.8 -53 26.8
2.5 21.4 23.6
355 -1.5 4.3 -4.8 3.3 -4.4
1273.3 106.9 118.7 18.4 49.5 -9.2
2375.3 -367.9 57.6 -111.2 -36.3 10
2.5 21.1 26.3
355.4 -1.3 4.9 -4.9 3.4 -4.3
1281.1 115.4 130.1 18.4 51.7 -6.3
2380.9 -354.3 65.9 -122.2 -43.1 16.1
2.5 21.8 26.4
356.1 -1 5.1 -4.7 3.5 -4.4
1291.6 119.9 134 22.6 54.4 -6.6
2416.2 -354.6 48.7 -105.7 -58.3 11.8
2.2 25 23.3
355.9 0.9 3.8 -3.7 2.8 -3.9
1297.1 141.3 128.5 29.5 54.5 -6.6
2441.8 -333.5 26.8 -116.5 -54.1 -4
2 24.2 27.4
356.3 1.6 3.4 -3.7 2.8 -3.8
1303.8 149.1 125.3 26 57.1 -8.5
2468.2 -306.3 -0.6 -136.5 -45.6 -14.9
1.3 21.6 27.2
356.5 3.4 2.8 -2.8 2.2 -3
1308.5 166.3 121 30.4 53.7 -3.8
2506.4 -274.1 -10.8 -148.5 -50.4 -12.1
0.5 9.8 24.9
356.6 5.3 1.3 -1.5 1 -1.8
1311.2 192.7 100.4 48.2 36.5 12.5
2557.7 -259.5 -46.9 -152.1 -51.2 0.4
0.5 13.9 30.1
357.1 6.2 0.3 -0.9 0.4 -1.3
1315.8 208.7 81.3 58.9 24.8 24.2
2604 -261.6 -86.9 -133.2 -42.7 5.4
0.6 13.6 34
357.2 7.5 -0.9 -0.1 0.3 -1
1317.6 225.3 63.3 68.6 23 27.5
2636.2 -263.1 -118.8 -100.7 -22.1 -11
0.8 12.2 30.4
357.6 9 -1.8 0.5 -0.1 -0.6
1325.1 241.3 52.3 70.8 20.3 31
2654.7 -261.1 -122 -76.7 -27.5 -22.2
1 12 18.3
358.6 9.7 -2.7 1 -0.3 -0.2
1338.3 246.1 39.1 72.7 18.5 34.1
2676.3 -263.1 -124.3 -47.5 -44.3 -28
1 11.3 17.5
359.4 9.2 -3.9 1 -0.5 0
1351.4 240 25.1 72.8 17.9 36.8
2672.6 -269.3 -131.6 -55.2 -50.1 -29.3
0.9 10.6 17.8
360.2 10 -4.7 1.3 -0.5 -0.1
1363.2 245.8 14 72.5 18 34.3
2680.3 -254.2 -123.8 -51.2 -48.1 -28.2
0.9 9.3 17.1
361.2 10.7 -5.8 2.2 -1 0.1
1377.6 246.6 0.9 77.7 12.9 33.5
2688.4 -237.5 -117.3 -45 -45.8 -25.3
0.8 10.2 15.4
362.5 10.9 -5.9 2.4 -1.1 -0.1
1392.6 249.3 -3.5 80.8 10.5 32.4
2698 -222.5 -106.6 -38.7 -41.2 -23.1
0.8 10.3 12.5
363.3 11.4 -5.6 2.4 -1.1 -0.2
1401.5 252.2 -4.1 80 8.4 31.7
2707.9 -207.2 -95.2 -31 -35.1 -19.2
winner is: 20
