Regression analysis information for: KLH032b_0002
number of formants: 3
number of coeccicients: 5
6 53.3 41.3
354 48.6 9.5 -20.3 -17.5 -15.3
974.5 -13 74.4 -115.1 74.3 -72.6
2401.5 -127.9 -11.7 2.3 48 -28.4
6.2 53 41.1
354.8 49.1 9.6 -19.4 -16.7 -15.1
976.6 -16.8 75.2 -118.4 77.1 -75.2
2408.3 -126.2 -12.5 2.8 55.5 -26
6.5 54.6 42.5
355.8 49.6 9 -17.9 -16.9 -15.2
973.9 -12.3 66.7 -113.8 72.2 -73.1
2413.8 -124.9 -10.4 10.9 60.1 -27
7.6 53.3 41.7
356.5 50.2 8 -18.1 -17.9 -16.1
971.6 -15.9 60.7 -118 68 -75.5
2423.2 -117.3 -9.4 10.1 66.8 -24
10.7 52.3 41.1
356.8 48.4 4.6 -20.4 -21.3 -19
967.1 -18.3 49.3 -120.3 59.6 -75.8
2434.2 -109.9 -11.6 11.1 69.4 -18.9
21.6 52.4 38.9
351.9 36.4 -8.6 -33.3 -34.5 -30.9
961.8 -26.3 39.8 -127.7 52.1 -79.4
2442.8 -102.9 -9.4 9.8 69.7 -15.5
28.8 138.9 92.3
377.3 83.3 38.2 11.1 8.7 11
1020.8 87.2 158.1 -17 165.4 27.4
2488.9 -27.1 64.3 72.4 135.1 50.6
32.4 167.4 111.6
397.1 119.2 71 40.4 33.7 30.8
1078.2 206.9 267.1 87.8 253.7 104.6
2531.7 51.1 129.4 132 186 96.6
32.4 166.1 108.9
398.2 118.1 67.8 37.5 30.6 28.3
1072.8 206.2 261.3 88.9 250.9 109.4
2537.8 58.5 120.9 127.9 181.6 98.9
39 167.1 106
393.7 104 53.6 25.2 20.9 23.4
1066.3 197.1 258.5 83.9 252.3 109.2
2548 61 113 118.4 177.9 102
25.3 141.4 95.4
416.3 147.1 85.7 48.8 34.3 28.2
1111.6 309.4 339.4 173.7 289.1 138.1
2584.3 156.6 149.3 170.6 188.3 130.1
27.1 139.6 92.5
419.8 146.9 82 44.5 29.6 26.8
1092.8 287.1 325.7 164.8 284.9 131.8
2591 150.1 128.7 150.6 176.6 127.8
29.7 144.2 96.2
422.7 145.5 78.6 41.5 27.2 28.1
1086.4 290.8 337.7 174.7 297.4 131.6
2604.3 154.1 127.5 146.5 185.6 139.6
20.4 135.3 105
437.9 166.2 95.2 53.4 25 17.3
1123.2 383.9 403.8 199.7 299.9 91
2646.4 216.7 178.3 174.3 185.3 105.9
21.2 150.3 110.6
444.1 165.1 92.3 52.8 20.5 15.7
1100 390.8 418.7 199 321.8 89.1
2661.1 217.5 175.4 166.4 195.3 112.5
34.4 177.4 114.5
443.1 149.6 85.9 57.3 18.6 17.6
1051.7 413.8 432.1 193.1 353.3 77.8
2673.9 215.3 161.6 152.2 203.7 123.3
40.4 442 322.4
472.2 178.7 87.6 41.5 1.8 17.8
1317.4 289.6 478.3 165.8 266.9 193
2880.7 116.9 211.1 170.7 112.3 161.4
74.4 648.1 434.1
483.4 154.7 50.1 39.2 30.6 65.4
1549.3 118.3 249.5 334.8 220.9 260
3038.6 -30.4 91.6 327.4 37.1 156.1
78.3 603.4 389.3
507.3 186.6 39.3 10.6 29.1 61.3
1823.7 -31.2 308.6 285.1 -66.5 395.3
3239.9 -149.6 149.8 327.4 -159.3 178.4
73.6 492.5 326.1
517.1 169.1 55.5 51.4 6.7 41.7
1995.7 -82.8 228.5 429.5 -240 235.4
3379.8 -181.1 79.8 428.1 -271.4 33.8
winner is: 2
