Regression analysis information for: KLH032e_0796
number of formants: 3
number of coeccicients: 5
14.1 357.8 94.8
466.2 -0.5 -11.9 2.8 1 -5
2201.4 577 -408.4 49.4 132 -378.2
2896.7 90.2 -77.4 6.6 56.5 -88.2
9.4 337.6 90.7
468.9 -10 -7 6.9 -4 -0.1
2349.1 355.5 -282 26 64.6 -290.6
2943.7 31.7 -41.2 -13.6 40.2 -69
14.1 287.2 69.5
462.7 -6.1 -10.6 4.3 3.6 -11.7
2412.8 266.7 -191.7 -33.8 93.1 -276.3
2970.5 4.1 -8.6 -32.7 43.3 -58.6
4.8 13.9 14.5
470.3 -22.6 -1.6 5.1 -3 2.8
2571.4 21.4 -38.4 -23.9 -55.7 -11.4
3014.6 -56.8 32.2 -33.3 2.3 9.8
4.6 16.5 14.9
469.4 -26 -2.1 4.8 -2.8 2.7
2574.9 35.6 -35.6 -20 -55.7 -7.9
3017.7 -48.5 34.8 -32.3 1.8 9.9
4.8 15.3 13.5
468.1 -30.2 -3.6 4.5 -3.6 2.5
2579.6 51.9 -27.7 -19.7 -50.9 -4.6
3021.3 -36.4 38.9 -32 4.2 9.6
5 14.3 12.2
467.9 -33.2 -4.1 4.7 -3.6 3.1
2580 65.4 -23.7 -19.2 -48.2 -4.8
3022.3 -28.5 40.5 -31.8 4 7.7
5 13.8 11.2
467.6 -35.1 -5.1 4.9 -4.4 3.5
2580.2 72.9 -16.8 -21.6 -42.4 -6.2
3023.1 -23.6 43.3 -31.1 6.4 5.9
4.7 14.8 11.7
467 -37.5 -6.5 4.8 -4.4 4.1
2582.8 83.7 -7.7 -20.2 -39.9 -8.2
3026.2 -16.6 48.4 -28.7 6.1 3.5
4.7 14.6 12
466.4 -37.6 -7.7 5.3 -4.3 4.2
2585.6 83.6 -2 -21.4 -39.9 -9.1
3028.6 -16.8 50.3 -28.6 4.6 3.6
4.7 13.6 12
465.1 -37.4 -9.3 6.1 -5 4.7
2592.2 82.1 6.3 -23.1 -34.4 -12.6
3032.5 -15.9 53.8 -28 6 3.2
4.4 13.6 12.6
463.6 -37.4 -9.8 5.4 -4.5 5.2
2601.5 84.7 10.4 -15.7 -34 -13.5
3037.7 -12.8 57 -25.6 5.2 3.9
4.5 13.2 14
461.6 -35.8 -10.4 4.7 -3.4 5.5
2611.2 78.4 12.4 -11.6 -38.3 -16.6
3041.6 -12.9 58.7 -26.2 3.5 3.6
4.6 12.9 14.2
460.1 -34.8 -11.2 4.6 -3.8 6.1
2619.5 75.1 16.3 -10.2 -34.4 -19.9
3044.8 -11.9 60.7 -25.7 4.9 4.3
4.7 13.9 15.7
458.1 -32.7 -11.5 4.7 -4 6.6
2630.6 66.1 18.6 -10 -30.4 -24.4
3047.1 -12.9 61.3 -26.4 4.1 6.1
4.9 86.4 40.3
456 -30.9 -12.7 4.2 -3.9 6.3
2571.7 -80.1 -89.9 -94.6 -76.4 -34.1
3012.6 -80.3 -0.4 -79.1 -35.3 -17.5
4.8 120.9 43.7
454.3 -29.2 -12.5 4 -4 6.1
2568.6 -115.6 -109.3 -105.5 -76 -28.1
3017.3 -69.3 10.6 -70.1 -26.7 -6.5
4.9 20.5 33.4
453.1 -27.6 -12.3 3.8 -3.7 6
2661.3 37.2 26.1 -3.7 -26.9 -26.7
3035 -30 44.4 -46.3 -11.3 1.3
5 22.8 21.5
452 -26.6 -11.9 3.7 -3.4 5.8
2667.8 28.4 23.9 -2.3 -31.7 -26.7
3041.8 -6.1 65.3 -31.7 1.7 10.9
5.2 26.1 25
450.6 -25.1 -11.7 2.7 -2.3 5.5
2675.1 15.8 23.5 2.5 -44.4 -21.3
3032.2 5.1 66.6 -40.6 8.6 5.2
winner is: 8
