Regression analysis information for: KLH032e_0243
number of formants: 3
number of coeccicients: 5
6.8 82.8 61
460.9 -19.4 -33.7 14.4 -3.9 -7.9
1956.3 -201.6 -376.5 -173.7 -77.4 57.1
2699.7 -144.5 -152.1 -113.7 -56.7 4.8
7.6 78.6 62.5
460.7 -17 -31.9 16.3 -3.8 -6.7
1957.3 -203.7 -381.2 -179.5 -82.3 48.6
2703.7 -143.2 -154.6 -117.7 -57.3 0.6
7.5 77.8 63.2
461.8 -13.2 -27.9 19.3 -2.6 -5
1944 -232.8 -407.4 -199.7 -96.7 36.8
2705.7 -143.2 -157.8 -120.6 -56.6 0.3
11 180.3 124.1
465.9 -0.3 -15.2 29.2 5.4 4.4
1987.7 -151.2 -311.4 -87.7 34.3 162.8
2760.8 -49 -68 -30.1 38.1 79.7
21 159.6 124.2
473.9 20.2 1.7 46.3 20.3 17.1
2000.4 -143.6 -349 -175.3 -94 34
2801.6 12.8 -43 -53.5 -22.5 7.8
23.4 11.1 42.8
476.4 35.5 13.9 53.4 27.7 25.7
2185.8 195 -70.5 24 -0.4 23.9
2939.9 257.8 157.6 90 36.9 -16.9
24 11.3 41.2
478.8 49.4 22 61.4 31.8 30.8
2187.7 190.9 -73 24.3 1.9 22.2
2942.2 248.2 155.3 91.5 46.8 -14.7
23.2 10.6 37.5
480.4 61.2 26.8 66.4 35.3 33.8
2188.9 186.4 -72.2 25.3 1.7 20.5
2938.9 233.3 153.8 89 45 -16.4
23.4 10.1 34.3
480.4 71.6 31.5 69.5 39.8 35.2
2191.4 183.4 -73.3 26.2 0.4 20.6
2939 219.7 145.7 81.7 40.3 -15.6
22.7 10.1 34
477.1 76.8 32.1 67.5 43.2 34.3
2193.7 181.8 -74.5 27.8 -1.4 21.3
2943.4 214.4 142.6 79.2 35.9 -14.6
22.8 11.5 35.9
472.3 82.2 33.5 64.4 45.8 35.3
2198.6 179.9 -80.9 33.2 -0.1 17.6
2953.1 214.8 135.7 78.3 31.4 -21.4
21.8 12.5 36.4
469.4 84.7 33.5 62 46.2 33.6
2199.5 181.8 -85.4 35.7 0 18.1
2955 214.5 129.8 77.8 32.8 -17.5
20.9 12.6 39.9
465.7 84.4 32.9 61.2 46.9 33
2201 188.8 -93.9 36.7 -3.2 20.1
2959.4 227.9 120.5 74.1 26.2 -18.4
19.4 13.3 46.1
460.9 82.1 30.9 57.1 45 30.5
2202 197.2 -106.6 40.1 -3.1 20.8
2959.1 245.6 107 77.7 24.6 -16.3
14.1 12.7 63
450.8 66.6 15.8 43.6 35.4 22.3
2197.9 210.6 -116.4 43.1 -6 16.9
2948.1 269.8 106.9 99.4 26.6 -26.4
10.4 11.8 74.4
444.9 56.6 6.3 34.6 28.8 16.9
2197.3 213.9 -118.8 45.6 -8.2 16.7
2940.1 271.1 115.6 120.3 36.9 -27.8
5.9 10.7 76.5
438.6 45.6 -4.8 24.2 20.2 9.8
2195.5 216.8 -120.7 48.6 -9.4 16.7
2939.3 278.1 116.2 126.7 39.4 -24.3
4.7 10.2 75
434 37.6 -12.6 16.7 14.5 5.6
2193.8 218.8 -122.4 51.2 -10.1 18.3
2943.8 288.9 117.5 127.1 39.8 -17.9
4.9 9.6 78.5
432.5 35.1 -14.4 15.2 13.4 5
2195 217.8 -123.1 51.6 -10 19.9
2935.1 274.9 122.6 147.8 66.9 0.4
4.7 11.5 77.9
430.6 33.3 -14.8 12.9 11.8 4.4
2195.4 214.8 -119 45.1 -4 22.3
2930.9 282.7 149 126.7 62.9 16.7
winner is: 10
