Regression analysis information for: KLH032e_0932
number of formants: 3
number of coeccicients: 5
20.1 255.1 170
368.1 -1.3 -1 -9.9 -2.6 -5.6
1626.4 -512.8 -170.2 392.8 305 -131.5
2817.3 -395.8 -237.7 169.1 78.5 -46.4
28.4 223.6 152.2
365.5 -5.4 4.6 -2.7 -5.5 -13.4
1661.1 -593.5 -116.7 403.8 268.7 -77.1
2844.5 -443.6 -216.5 167.2 35 -5.6
19.6 174.3 153.4
371.4 -3.6 -2.3 -11.5 -5.9 -4.1
1754.6 -629.7 -167.9 333.7 225.3 96.7
2891.1 -484.3 -257.7 114.5 -11.6 90.4
19.9 182.2 89.4
372.6 -3.8 -2.5 -12.2 -7.1 -3.9
1742.8 -635.2 -165.3 350.7 242.5 101.5
2920.1 -530.8 -204 43.9 52.6 55.8
19.8 195.3 86.3
373.7 -4.2 -2.6 -13.5 -8.1 -3.4
1785.7 -599.7 -233.4 254.1 237 191.6
2929.2 -530.3 -228.3 9.7 20.8 69.3
28.9 206.2 88.6
366 -15.9 -0.8 -0.6 7.3 6.1
1778.1 -605.3 -230.3 263.1 255.2 201.2
2921.2 -516.3 -212.8 9.8 19.9 63.1
23.4 208.1 122.1
371.9 -8.7 -0.4 -7.6 -2.3 -2.8
1925.8 -410.1 -279.3 16 -6.2 97.1
2968.5 -429.9 -218.9 -86.4 -84 35.1
24.7 193.5 104.5
370.3 -5.4 -0.8 -6.8 -2.8 -5.7
1988.6 -349.3 -293.4 -85.1 -113.7 65
3011.1 -407.3 -230.5 -116.2 -109.7 56.7
19.5 150.4 99.8
373.1 1.2 -2.9 -15.7 -9.9 -4.9
2056.8 -287.3 -341.1 -196.1 -191.9 73.9
3068.3 -374.1 -275.1 -145.3 -114.3 82.1
19.7 136 91.2
371.5 4.2 -3.2 -15.8 -9.1 -6.9
2067.2 -285.7 -334.4 -191.3 -197.8 77.7
3084.5 -373.9 -261.9 -120.8 -112.7 94.5
19.7 149 102.8
370.2 5.4 -2.7 -15.8 -7.8 -6.8
2075.1 -288.8 -339.4 -190.1 -193.7 88.8
3113.1 -353.7 -259.1 -113.7 -115.7 99.1
19 146.4 102.9
368.7 8.5 -3 -15.8 -7.8 -7.2
2087.6 -284.2 -336.7 -190.2 -195.7 85.8
3138.1 -335.2 -246.4 -92.6 -102.3 104.4
18.8 146.7 108.5
367.3 11.8 -3 -16.4 -7.8 -6.9
2098.6 -277.4 -338.4 -180 -197.8 89.8
3169.9 -308.5 -219.1 -48 -73.3 124.3
18.5 144.2 112.9
366.3 14.4 -3.2 -17 -8.3 -6.5
2105.7 -271.9 -339.3 -172.3 -196.4 88.1
3189.3 -288 -199.2 -12 -43 136.1
18.1 139.5 116.4
365 16.4 -1.4 -18.1 -9.1 -5.6
2120.8 -264.3 -350.6 -162.7 -187.9 76.9
3223.6 -260.4 -200.1 27.4 -7.3 133.2
17.3 139.3 107.5
363.4 18.9 -0.2 -19.4 -9.7 -4.5
2134.4 -261 -358.6 -149.1 -177.8 65.3
3252.5 -246.8 -204 67.5 21.9 115.7
17 139.2 98.9
362.4 21.1 0.3 -20 -9.9 -4
2151.5 -249.6 -359.7 -141.5 -180.4 44.2
3276.9 -234.3 -208.3 94.7 35.6 91.1
15.8 145.1 98.4
360.4 23.7 1 -21.7 -8.2 -3.8
2157.8 -259 -366.1 -131.4 -177.9 49.7
3297.6 -238.1 -214 121.5 31.5 86.7
14.6 143.8 96
358.7 26.6 0.5 -21.4 -8 -4.1
2178.5 -245.9 -362.8 -137 -189.3 34.9
3323.3 -224.8 -213.8 125.3 30.8 81.8
13.8 143.9 99
357.5 27.3 0.8 -22.5 -7.4 -4.1
2182 -249.7 -372.6 -135.2 -197.2 28.5
3330.7 -235.7 -231.5 128.4 18.8 68.8
winner is: 10
