Regression analysis information for: KLH032a_1657
number of formants: 3
number of coeccicients: 5
7.3 2 43.7
312.5 -5 8.9 -42 22.6 -18.1
1853.1 19.9 -53.8 -3.6 23 -2.3
2683.6 267.3 208.5 -275.5 25.8 67.1
8.5 1.9 53.4
307.3 2.7 7.6 -45.4 26.7 -21.8
1854 20.4 -53 -4.3 22.7 -1.7
2731.3 228.2 189.7 -236.3 47.2 82.9
8.2 2 43.8
298.8 13.4 9 -54.4 34.5 -25
1854.8 20.3 -52.8 -3 22.6 -1.8
2770.5 177.1 157.2 -191.5 39.1 75.5
11.9 1.9 44.1
279.5 40.9 3.8 -69 54.2 -40.7
1855.9 20.1 -52.2 -3.1 22.3 -1.3
2813.1 117 122.3 -138.4 7.1 80
250.6 156.4 64
494.2 -269 111.5 114.8 -273.3 318
1998.2 -183.9 18.1 115.4 -186.1 224
2870.4 44.4 91.6 -73.8 -37.3 97.6
202 117.8 68.6
596.8 -396.7 26.3 311.4 -427.4 261.1
2062.7 -264.2 -28 230.4 -276.9 194.3
2936.4 -40.3 66.4 9.6 -105.9 112.7
36.3 6.6 4.5
300.2 11.8 -21.4 -31.4 37.4 -53.2
1870.8 -16.2 -36.1 34.8 -8.6 4.6
2896.3 53.7 -13.5 -34.2 14.3 9.8
227 154.8 86.4
420.5 -169.3 126.4 -41.8 -39.8 165.5
1948.4 -131.2 50.2 29 -54.2 136.9
2933.9 -19.8 57.6 -26.4 -31.3 83.1
222.9 152.1 78.2
399.2 -145.6 134.4 -83.5 -0.4 135.1
1934.3 -109.7 43.5 1.1 -19.9 104.6
2927.2 -27.1 68.2 -24.8 -36.8 72.6
220.6 137.8 78.9
402.9 -129.7 57.5 40.8 -123.2 173.8
1944.3 -112 -1.8 88.9 -109.9 140.9
2918.9 -33.9 57.7 30.2 -77.6 86.1
229.2 159.1 92.8
449.9 -203.7 133.5 0.5 -90.3 222.6
1956.2 -142.1 57.5 52.5 -83.7 164.7
2922.4 -36.2 69.2 -12 -45.2 95.2
237.8 158.8 90.7
561.4 -364.6 187.2 94.5 -258.8 388.6
2034.5 -247.3 83.9 114 -188.3 271.2
2972.3 -102.6 83.4 26.6 -113.1 166
163.6 101.8 54.1
792.8 -654.8 2 441.9 -457.7 164
2187.4 -425.6 -36.9 310.4 -299.4 143.9
3058.7 -207.6 20.9 149.5 -195.5 79.9
164.8 101.9 55.6
791.5 -653.6 1.6 443.5 -459.7 164.9
2189.2 -424.4 -37.1 310.3 -299.8 143.6
3065.6 -203.3 15.6 143.2 -195.5 84.7
165.3 101.9 56
790.6 -651.8 0.3 445.5 -461 165.2
2191.4 -422.4 -36.3 309.9 -300.8 143.5
3070.5 -199.5 17.2 142.1 -196.3 86
165.4 102 56.5
789.3 -650 -1.7 448.4 -462.3 166.1
2194.1 -419.8 -35.2 309.7 -302 143.3
3077.6 -193.9 17.3 140.4 -194.7 90
207.3 118.7 57.9
590.7 -393.2 32.8 310.1 -429.3 261.7
2074.4 -253.1 -27 233.4 -282.6 190
3012.2 -93.2 22 93.5 -177.1 116.7
236.5 146 76.2
507.7 -283 70 184.9 -315.6 279.1
2023.9 -180.5 0.8 156.2 -215.7 202.4
2989.8 -46.8 33.9 44.2 -130.3 135.3
205.9 135.8 71.2
613.4 -458.6 206.4 152.7 -356.1 422.5
2095.1 -289.8 91.2 129.7 -238 292
3029.8 -100.8 80.8 29 -138.3 183.5
208.5 136.2 71.2
611.8 -453 196 162.5 -360 425
2097.1 -287.4 94.2 130.2 -239 292.4
3030.5 -99.8 90.1 28 -142.1 185.9
winner is: 7
