Regression analysis information for: KLH032a_2139
number of formants: 3
number of coeccicients: 5
0.7 1.4 2.2
426.7 -35.4 -35.6 -1.9 0.6 0.8
2318.5 21.5 -22 10.2 -7.6 1
2640.2 -36.7 17.4 -4.5 2.7 -3.7
0.8 1.4 2
422.8 -33.8 -33.6 -2.2 1.1 0.2
2322.1 20.1 -23.7 11.1 -7.8 0.9
2642.9 -38.9 16.5 -4.2 2.7 -3.5
1.2 1.4 1.8
417.3 -32.2 -29.2 -2.6 0 -0.6
2327.1 17.9 -27.6 12.6 -6.5 1.2
2646.2 -41.2 14 -3.6 3.5 -3.3
1.2 1.5 1.7
413.2 -30.4 -26.9 -1.9 0.5 -1.9
2330.4 16.2 -29.5 11.9 -6.8 1.8
2648.8 -43.6 13.5 -4.4 3.3 -2.5
1.7 1.3 1.7
407.9 -27.3 -23.6 -2.3 -0.3 -2.9
2335.5 12.7 -32.4 12.7 -5.7 2.3
2652.5 -47 12.7 -4.3 3.9 -1.9
2 1.5 1.3
402.8 -25 -22.5 -0.9 0 -3.3
2340.8 9.8 -32.8 11.8 -6.2 2.6
2656.1 -50.6 14.1 -5.6 3.9 -1.9
1.8 1.3 1.5
399.3 -23 -20.9 -0.5 -1.2 -3.1
2344.9 8 -34.9 11.5 -4.7 2.2
2658.7 -53 14.4 -6.5 5 -2.5
1.7 1.2 1.6
395.9 -20.9 -19.6 0.1 -1.8 -2.9
2349.3 5.2 -36.5 11.7 -3.9 2.3
2661.2 -55.5 15.4 -7 5.4 -2.7
1.5 1.2 1.6
393.2 -19.3 -18.8 0.6 -2.3 -2.5
2353.6 3.2 -37.8 11.8 -3.1 1.9
2663.3 -57.7 16.5 -7.5 5.5 -3.1
1.2 1.2 1.6
390.2 -16.8 -18 0.2 -2.3 -2.4
2359.2 -0.3 -39.9 13.5 -3 1.8
2665.6 -60.3 18.6 -8 5.1 -3.1
0.8 1.3 2.1
386.7 -15.2 -17.2 1.3 -3.3 -1.8
2367.3 -4.3 -43.9 13.4 -0.2 1.4
2665.4 -63.7 23.8 -9.8 4.4 -4.4
0.3 1.3 2.7
384.7 -13.9 -17.9 2.6 -3 -1.1
2372.4 -7.6 -42.9 11.2 -0.8 0.7
2665.6 -67.9 27.5 -11.2 7.2 -6
0.2 1.2 4.3
382.9 -12.9 -17.6 3 -3.5 -0.6
2379.1 -11.6 -46 11 2.2 -1
2662.1 -70.4 35.4 -13.2 6.5 -8
0.4 3 4.2
380.8 -11.6 -17.4 2.6 -2.9 -0.4
2391 -23.8 -50.7 18.3 -1.3 -2.2
2647 -61.3 47 -26.8 14.4 -10.2
0.5 3.5 6
379.9 -11.3 -17.2 2.9 -2.9 -0.4
2398.3 -28.7 -55.2 19.9 -0.3 -1.7
2630.8 -53 57.3 -31.3 19.1 -16.3
0.6 6.1 5.2
379.2 -11.2 -17 2.9 -2.7 -0.3
2405.8 -37.7 -60 27.8 -4.3 -1.4
2607.4 -31.9 64.4 -47.4 33.1 -24.3
0.6 7.3 10.5
378.2 -11.7 -16.6 3.1 -2.7 0
2402.9 -43 -66.2 28.6 6.4 0.7
2580.2 -33.1 89.1 -49.9 23.9 -21.6
0.6 4.6 10.6
378 -11.6 -16.6 3.1 -2.8 0
2389.4 -45.5 -55.6 26.7 4.5 -2.8
2579.8 -34.2 80.8 -46.2 25.3 -20.8
0.6 5.6 10.5
377.7 -11.9 -16.6 3.1 -2.8 0.1
2374.4 -47 -46.3 18 2 0
2581.3 -36.1 73 -42.8 24.1 -20.3
0.7 4.8 11.3
377.7 -12 -16.8 3.2 -2.8 0.1
2373.1 -51.2 -56.1 19.5 8.6 -3.5
2581.7 -36.4 71.8 -42.2 21.2 -17
winner is: 10
