Regression analysis information for: KLH032a_0863
number of formants: 3
number of coeccicients: 5
11.8 92.5 169.7
670.4 31.4 -10.5 -10 0.7 12.6
1425.2 188.8 51.4 -78.3 8.6 92.1
2693.4 89.9 102.9 -135 -1.4 162
0.8 0.6 2.4
679.9 29.1 -20.1 -0.4 -0.9 0.8
1468.4 147.7 -19.5 4 2.4 1
2766.5 12.3 -30.1 16.4 -10.9 -6.9
0.7 0.4 2.4
681.4 30.4 -20.2 -1.1 -1.3 0.8
1469.4 147.4 -19 4 2.3 1.3
2765.5 9.6 -29 17.9 -10.6 -6.7
0.7 0.6 2.5
683.5 31.4 -21.7 -0.9 -1.4 0.4
1469.7 147.7 -18.3 3.7 2.1 1.3
2762.1 10.3 -23.9 16 -9.7 -6.2
0.7 0.6 2
684.4 31.4 -23.6 -0.5 -2 0
1470.8 147.9 -18.3 3.9 2 1.8
2761.7 12 -18 13.6 -8.3 -4.5
0.8 0.7 1.8
684.2 31.2 -26 0.4 -2.4 -0.3
1472 149 -19.4 4.4 1.8 1.8
2763.2 13.2 -12.7 11.1 -7.4 -2.8
1.1 0.9 1.6
682 31.6 -30.1 0.9 -3.5 -0.8
1471.3 151.4 -21.5 5.9 1.1 1.5
2768 12.9 -6.9 10.5 -6.7 -0.9
1.9 0.8 2.1
678.7 26.9 -34.9 0.1 -5.9 -1.9
1471.9 152.2 -23.4 7.2 0.1 1.8
2772.6 17.1 -2.7 10.5 -4.4 0.4
2 0.9 1.9
675 24.5 -38.1 -0.2 -6.8 -2.3
1471 153.8 -25.6 8.1 -0.5 1.6
2778.1 17.7 -0.7 11.1 -4.1 1.1
3 1.1 1.9
668.1 20.7 -43.3 0.5 -8.3 -3.3
1467 158.1 -30.3 10.7 -2.1 1.6
2784.7 19.1 1.7 11.2 -3.4 2.2
3.3 1.3 1.8
662.3 15.4 -47.1 0.6 -9.4 -3.3
1464.4 159.8 -33.9 13 -3.9 1.7
2789.9 21 2.3 12.6 -3.7 2.7
3.4 1.6 1.4
656.2 10.9 -49.8 0.6 -9.3 -3.2
1459.9 161 -37.1 13.6 -4.7 1
2794.1 23 1.4 14.2 -4.6 2.9
3.4 2 0.7
649.7 6.7 -51.2 1.2 -8.6 -2.7
1454 162.2 -40.1 14.4 -5.1 0.3
2797.4 25.3 -1.4 16.5 -6.8 3.3
3.4 2.3 1
644.1 2.3 -52.3 0.9 -8.8 -2.3
1448.5 161.1 -42.6 13.7 -6.2 -0.5
2798.4 26.9 -6.2 18.2 -10 3
3.7 2.8 5.4
639.2 0.7 -52.5 2.4 -8.3 -1.2
1441 161.9 -44.5 15.6 -6.9 -0.3
2794.5 34.5 -17.8 25.5 -18.2 7
3.6 2.8 5.4
632.7 -2.4 -50.2 2.3 -6.7 0
1430.6 160.5 -41 13 -4.2 0.2
2788.9 33.3 -26.2 24.6 -21.1 3
3.5 2.8 8.2
629.2 -4.6 -50.3 0.1 -6.8 0.7
1422.8 156.9 -41.7 6.9 -4.9 0.6
2776 20 -44 11.5 -30.1 -5.4
3.2 2.4 6.3
626.2 -5.2 -47.8 0.5 -6.4 1.6
1415.6 155.6 -35.3 6.2 -4.8 2.3
2766.8 16.7 -44 9.2 -28.4 -4.9
3 2.1 4.2
624 -6.9 -45.6 0.9 -6.4 1.9
1410.3 152.6 -29.5 6.5 -5.8 3.1
2755.2 6.9 -38.6 6.9 -28.9 -4.2
3.2 2.2 2.9
620.3 -8.3 -42.6 1.6 -5.7 2.5
1400.3 149.7 -20.6 6.6 -4.8 4.6
2721.5 -5.4 -17.4 5.8 -23 0.1
winner is: 5
