Regression analysis information for: KLH032e_0506
number of formants: 3
number of coeccicients: 5
3.7 3.7 12.5
763.5 -7.8 -24.6 4.8 -4.7 6.6
2066.4 -72.7 38.1 -1.2 -17.6 4.2
2519.7 -22.1 62.8 -21.1 -18.7 9.7
3.8 4.1 12.5
760.3 -10.8 -24.4 5.8 -4.3 7
2072.9 -71.2 37.3 -1.2 -17.2 4.1
2528.1 -17.3 64.3 -20.9 -18.8 9.8
4.1 4.1 13.2
754.8 -13.2 -21.3 6.5 -5.2 7.2
2081.2 -72.7 34.7 -1 -15 3.7
2535.2 -14.5 65.8 -21.3 -19.5 10.9
4.4 5.4 14.7
741.4 -21.9 -19 9.4 -4.6 8.8
2093.7 -72.5 32.5 -1.2 -12.9 3.3
2541.9 -10.8 72.4 -20.5 -22.6 10.6
5 6.4 19.2
723.9 -37.2 -21.8 4.3 -9.6 7.1
2106.5 -70.2 29.6 2.4 -7.5 3.2
2543.5 -6.6 85.4 -17.6 -26.7 13.3
4.2 10.5 28.6
705.7 -45.6 -19.5 2 -9.5 10.4
2123 -74.2 19 6.6 -0.5 -1.8
2530.6 -7 112.2 -21.3 -43.4 20.5
4.8 20.5 37.6
684.5 -56.3 -21.4 0.8 -9.9 6.9
2132.9 -76.7 30.8 3.9 -15.8 4.4
2493.5 -21.5 157.2 -3.4 -58.2 9
4.3 35 30.4
670.9 -59.7 -23.6 -4.4 -8.8 7.6
2129.1 -82 66.1 0.9 -51.6 14.9
2452.5 -33.5 174.4 1.5 -22.6 21.1
4.1 36.1 39.1
660.1 -64.3 -32 -8.3 -12.1 4.5
2126.8 -85.4 106.6 -0.7 -68.1 24.6
2393.3 -76.4 138.2 -3.1 12.4 18.2
3.8 31.4 41.1
652.8 -62.7 -34.7 -6.9 -12.5 4
2091.4 -86.4 154.6 1.6 -46.2 7.7
2348.4 -100.4 80.6 -15.4 16.9 15.8
3.6 23.4 37.4
649.8 -62.8 -35.9 -7.1 -12.1 4.6
2054.7 -85.8 151.2 -7.7 -12.3 14
2348.3 -97 63.6 -19.1 1.5 13
3.8 25.3 24.8
648.5 -61.7 -38.6 -7.2 -13 4
2040.1 -60 130.6 -0.5 -5.5 5
2340.8 -110.3 35.7 -34.5 -24.6 2.2
4.1 20.7 22.4
648.4 -60.9 -40.3 -7.2 -13.5 3.7
2032.5 -43.1 107 7.6 -9 5.3
2345 -109 32.2 -37.5 -30.9 1.1
4.4 22 26.5
649.6 -60.3 -41.4 -7.3 -13 3.6
2048.1 -25.7 93.1 12.4 -8.8 6.2
2346.8 -110.8 32.5 -39.5 -33.8 3.1
4.6 23.9 29.6
651.6 -58.6 -43.3 -7.2 -13.2 3.3
2067.9 -9.3 68.8 16.1 -12.5 0.4
2349.3 -108.4 40.4 -37.7 -35.5 5.8
4.9 19.1 26.5
653.6 -58.3 -44.5 -7.4 -13 2.9
2088.1 -15.5 46.5 12.8 -11.8 1.7
2355.7 -95.4 55.4 -34.8 -40.2 3
5.4 17.9 27.5
656.9 -57.3 -46.3 -7.5 -12.7 2.6
2124.5 -27.1 11 8.7 -0.3 4.2
2360.6 -74 84.1 -30.1 -49.9 -1
5.7 13.5 22.7
661.1 -55.7 -48.2 -7.8 -12.5 2.3
2159.7 -48.2 -12.8 20.2 1.8 -6.3
2375.3 -40.7 100.2 -41.1 -53 5.5
6.2 11.1 17.8
664.9 -55 -50.2 -8.4 -12.6 1.9
2184.3 -73.3 -12.4 27.9 -12.6 -6.6
2402.7 -2.5 90.9 -51.3 -41.9 3.1
6.5 15.4 16.3
669.7 -53.9 -52.3 -9.2 -12.2 1.9
2205.6 -101.3 9.3 20.8 -26 10.1
2447.9 44.4 58.2 -49.9 -25.2 -14.3
winner is: 1
