Regression analysis information for: KLH032a_2038
number of formants: 3
number of coeccicients: 5
6.8 126.5 138.7
509.9 190.5 51.8 50.1 -5.1 -16.2
2186.6 -485.5 -50.7 24.9 -91.9 -66.2
2688.5 -302.5 148.7 129 38.8 1
6.8 40.1 95
511 194.2 51.4 47.7 -5.4 -15.9
2247.3 -457.8 -147.1 -37.4 -37 18.3
2742.2 -260.4 95.6 45.9 12.1 42.7
7.5 32.4 64.1
511.6 197.1 50.6 45.3 -5.6 -15
2250.7 -463.1 -149.2 -28.8 -41.3 12.2
2769.1 -243.4 86.1 2.5 -20.4 46.7
8 26.3 58.8
511.6 198.8 49.9 42.8 -5.5 -13.5
2257.2 -468.5 -152.6 -19.1 -45 6
2778.1 -241.2 88.2 -7.2 -26.3 49.5
8.1 26.3 60.1
510.2 198.8 49 42.1 -4.2 -12.9
2259.8 -470 -153.4 -16.4 -46.8 5.6
2785.1 -246.9 93.1 -3.9 -32 56
8.4 26 61
508.7 196.4 46.9 40.9 -3.4 -11.1
2261.8 -473.4 -153.9 -14.7 -48.6 3.9
2788.3 -246.5 97.5 -5 -30.4 56.6
9.4 25.6 61.2
506.3 193.2 45.5 40.1 -3 -10.1
2264.6 -474.5 -155.4 -13.5 -48 3.1
2791 -244.9 99.5 -4.3 -29.2 57
9.9 25.3 60.9
503.8 189.1 43.3 38.3 -3.7 -9.8
2265.4 -476.4 -158 -12.9 -48.1 1.4
2791.8 -241.4 100.1 -3.6 -27.2 56.1
10.8 25.3 59.8
499 181 37.9 33.4 -7.3 -11.4
2266.1 -478.8 -162.8 -12.4 -47.8 -0.9
2792.1 -238.6 98.8 -1.3 -25.6 56
12.7 24.7 57.6
491.2 168.6 28.1 23.1 -16.3 -18
2268.8 -484.3 -169.9 -11.1 -47.1 -8.1
2792.5 -238.5 96.9 1.2 -25.2 56.4
14.4 24.1 56.5
487 161.5 23.1 18 -20.5 -21.2
2268.6 -488 -174.9 -9.4 -47.4 -12.5
2789.7 -237.5 92.8 3.6 -25.3 57.2
17.6 27 59.1
478.1 148 12.1 6.6 -30 -29.2
2267.7 -500.9 -188.5 -11.6 -53.1 -23.6
2786.7 -257.2 81.3 -1.4 -39.3 54.4
16 25.3 55.8
475.9 147.2 14.1 6.8 -29.9 -26.4
2270.9 -504.9 -193.3 -7.4 -46.5 -27.9
2784.8 -263.2 82.4 1 -35.3 61.7
16.9 25.6 56.6
473.4 144.9 12.7 3.8 -32.3 -27.4
2272.2 -513.9 -201 -6.6 -46.5 -37.8
2779.7 -280.4 73.4 -7.3 -47.8 56.9
16.5 25.6 56
471.7 144.7 13.3 2.8 -32.7 -27.7
2275.1 -519.2 -206.3 -3.6 -44.5 -44.1
2777.9 -296.1 69.8 -9.7 -61.2 58.6
16.4 26.2 52.1
470.8 144.9 13.8 2.2 -33.1 -27.5
2277.6 -523.8 -208.9 -1.2 -40.6 -49.2
2778.9 -302.8 74.8 -8.3 -66.4 62.1
16.5 26.1 49.8
469.8 145.7 14.5 1.3 -33.3 -27.7
2280.1 -527.9 -209.1 0.8 -38.6 -53.9
2781.8 -310.3 80 -5.1 -76.7 65.2
16.5 26.4 49.5
469 147.5 15 1.3 -33.4 -27.9
2285.1 -535.7 -202.7 -3 -33.5 -59.9
2788.4 -322.5 92.5 -5.8 -86.7 66.8
16.4 28 56.3
468 149.3 15.2 0 -32.9 -29.1
2283.1 -540.3 -190.2 -5 -43.6 -52.6
2799.1 -338.2 105.8 -0.2 -104.9 82.8
16.3 30.7 61.7
467.7 151.1 16.2 -0.3 -32.8 -29.2
2264.6 -530.4 -151.3 -34.1 -57.3 -25.2
2806.2 -341.7 117 -1.6 -109.4 90.3
winner is: 17
