Regression analysis information for: KLH032a_0874
number of formants: 3
number of coeccicients: 5
2.1 4.4 62.3
443.4 8.1 -0.4 9.8 1.9 1.8
975.3 -121.7 30.5 8.2 -11.9 -7.1
2613.1 176.9 -5.5 311 -54.8 -93.6
2.1 4.4 39.4
444.8 7.9 -1.8 9.8 2.1 1.6
978.7 -123.7 27.7 9.7 -11.6 -8.6
2713.1 216.6 -82.6 268.9 -69.7 -117.8
2 4.1 57
446.1 8.1 -3.5 9.9 2.2 1.6
981.3 -124.2 24 11.7 -12.3 -9.2
2802.5 260.1 -175.9 192.2 -78.1 -79.6
2 4.3 34.9
447.5 8 -4.7 9.3 2.7 1.5
984.6 -126.1 22.6 11.7 -11 -10.4
2858.8 277.2 -236.7 112.9 -57.9 0.6
1.9 4.3 24.3
448.9 7.9 -5.6 8.9 2.8 1.8
987.6 -128 21.8 11.8 -11 -10.8
2873.1 258.5 -228.6 105.4 -64 23.9
2 4.1 23.8
450.2 7.8 -6.5 8.6 3.1 2
990 -129.6 20.8 12.3 -10.9 -10.5
2887 232.1 -212.4 108.3 -78.1 44.7
1.9 4.4 25
451.4 6.8 -7.5 7.6 3 2.1
992.5 -133.6 20.2 10.6 -11.2 -11
2902.4 205.6 -192.9 104.1 -83.3 59.8
1.9 4.8 36.7
452.5 6.2 -7.3 6.8 3.1 2.4
994.6 -136.3 22.2 8.7 -11.1 -10.3
2920.2 174.8 -170.7 94.6 -84.3 72.2
2.1 5.3 48.3
453.6 5.3 -7.3 6.1 3.1 2.6
997.2 -140.1 23.8 7.7 -11.3 -10.2
2934.6 150.1 -150.8 81.8 -79.2 76.2
2.2 5.7 52.1
454.5 3.8 -7.4 5.2 2.8 2.5
999.7 -144.7 25.4 6.1 -11.4 -10.2
2944.9 133 -135.8 69.3 -70.8 72.5
2.3 5.7 53.2
455.2 2.6 -6.2 4.5 2.8 2.8
1001.1 -148.4 29.3 3.5 -11.6 -9.4
2954.3 116.8 -121.5 55.9 -60.6 65.7
2.6 6 51
456 1.1 -5.6 3.7 2.8 2.6
1003.8 -152.8 32.1 2 -10.9 -10
2960.5 105.9 -111.8 45.3 -52.2 57.8
2.5 6 47.9
456.7 -0.3 -4.3 3.4 2.5 2.4
1006 -157.1 35.5 0.6 -10.6 -10.5
2967.3 93.8 -101.4 35.2 -44.5 50.2
2 5.8 37.4
457.6 -1.3 -3.2 3 3.3 1.6
1008 -160.6 38.8 -1.6 -8.4 -13.1
2974 81.7 -90.7 24.6 -34.8 40.1
1.7 6.8 29.3
458.4 -2.9 -2.1 2.1 3.7 0.6
1011.1 -165.9 42.9 -4.5 -5.4 -16.4
2981.2 67.2 -77.9 11.1 -23.8 27.5
1.2 9.9 20.8
458.9 -5 -0.3 1.9 4.6 -0.7
1014.1 -172.6 48.8 -9.2 -0.9 -21.1
2983.9 58.4 -70.9 6.8 -18.3 21.1
1.1 15.7 10.5
459.5 -6.6 1.9 0.6 4.9 -1.7
1018.2 -180.7 56.3 -16.2 5.5 -27.9
2987.2 48.7 -59.8 -2 -13 13.3
2.1 22 10
460.7 -7.9 3.1 0.6 6.3 -3.3
1022.9 -188.2 62.3 -21.6 12.1 -35.5
2988.2 46.9 -59.7 2.6 -13.2 11.4
3.2 25.8 9.2
461.9 -8.6 3.9 -0.2 7.9 -4.8
1025.6 -192.9 66.4 -26.3 17.1 -41.4
2989.6 47.3 -60.4 3 -11.6 9.4
4.2 29.1 9
463.5 -9.4 5.1 -0.9 9.3 -5.7
1028.6 -197.9 70.4 -30.1 20.9 -45.5
2991.8 47.6 -59.8 3.3 -10.6 9.1
winner is: 17
