Regression analysis information for: KLH032a_0623
number of formants: 3
number of coeccicients: 5
5.7 7.8 6.8
793.7 -111.9 -2.6 -12.1 5 -11.5
1621.1 -16.7 43.1 5.4 25.5 -3.5
2539.4 -70 24 -16.3 -1.5 -7.8
5.4 8.8 7.2
788.3 -119.3 -7.2 -13.9 4.9 -11.7
1616.8 -19.7 42.9 7.9 28.6 -2.3
2537 -71 25.6 -13.3 0.9 -6.5
4.8 9 6.2
783.3 -126.6 -11.9 -16.2 3.7 -12.6
1612.6 -24.1 41.8 9.4 30.6 -1.6
2533 -74.9 25.7 -10.9 3 -5.7
4.3 8.8 4.9
780.1 -132 -15.8 -18.3 2.8 -13.3
1608.7 -29.9 38.9 9.4 32.1 -1
2528 -82 23.3 -9.8 5.2 -4.7
4.1 9 3.3
777.5 -135.9 -18.6 -19.7 2.3 -13.7
1604.4 -35.7 35.7 8.9 33.4 0.1
2521.1 -91.6 19.2 -10.1 7.4 -2.8
3.9 9.2 2.9
776.2 -138.8 -20.6 -20.8 1.9 -14
1602.4 -40.9 32.6 7.7 33.7 0.4
2516.7 -100.8 13.6 -12.5 8.4 -1.6
3.8 8.9 3.4
776.2 -140.4 -21.9 -21.1 1.7 -14.3
1601.7 -45 29.6 6.6 33.4 -0.1
2515.1 -107.6 8.7 -14.8 8 -2.7
3.6 9.3 4.6
775.9 -142.4 -23.5 -21.7 1 -14.9
1601.1 -49.6 26.2 4.6 32.1 -1.4
2513.1 -116 2 -19.6 5.1 -4.8
3.6 8.9 4.1
776.8 -143 -24.3 -22 0.7 -15.4
1602.9 -51.2 24.6 3.3 31.1 -2.9
2515.9 -117.7 -0.9 -22.4 3.6 -7.4
3.4 9.1 4.5
778.3 -143.5 -24.9 -22 0.6 -15.7
1605.4 -52.6 23.4 2.5 30.7 -3.9
2519.9 -118.9 -2.5 -24 3.6 -8.9
3.6 8.9 4.6
779.7 -144.2 -25.9 -22.3 0.1 -16.2
1608.7 -53.2 22.2 1.6 29.8 -5.1
2525.3 -118.8 -4.8 -26.8 2.4 -10.4
3.5 9 4.7
782.2 -144.2 -26.4 -22.1 0.1 -16.4
1613.4 -52.9 22.1 1.3 29.7 -5.9
2532.9 -116.6 -4.9 -27.9 3 -11
3.5 8.7 4.9
784.7 -144.1 -27.1 -22.1 -0.2 -16.9
1618.4 -51.8 21.9 0.7 28.8 -7.4
2540.5 -113.6 -5.5 -29.7 2.7 -12.5
3.5 8.6 5.1
787.1 -144.1 -28.1 -22.1 -0.7 -17.6
1623.4 -50.6 21.3 -0.1 28 -9
2548.1 -110.9 -6.9 -32 2.2 -13.7
3.6 8.6 5.2
790.7 -143.4 -28.9 -21.8 -0.7 -17.9
1629.8 -48.4 21.2 -0.4 27.7 -10.1
2557.5 -106.5 -7.4 -33.3 2.7 -14.1
3.5 8.3 5.4
793.4 -142.7 -29.6 -21.6 -1.6 -18.7
1635.3 -45.1 21.7 -0.3 26.2 -11.9
2564.5 -101.6 -7.3 -34 1.5 -15.4
3.7 7.8 5.6
797.6 -142.1 -30.8 -21.4 -2.3 -19.6
1643.1 -41.8 22.1 -0.5 24.9 -13.8
2574.5 -97.1 -7.7 -35.5 1.4 -16.2
3.7 7.2 5.7
802.4 -140.8 -31.8 -21.7 -3 -20.2
1651.3 -38 22.7 -2.2 23.1 -16.1
2584.5 -92.6 -8 -38.6 1 -17
4 7 6.1
807.7 -140.4 -33.4 -21.4 -3.8 -21.7
1660.9 -33.8 23.7 -2.9 21.9 -19.1
2595 -89.1 -8.1 -40.9 1.7 -18
4.2 7.1 6.6
813.5 -140.9 -35.3 -21.9 -4.6 -22.5
1670.1 -32.3 23.5 -6.2 20.1 -21.7
2604.7 -88.5 -9 -45.3 2.2 -18.2
winner is: 6
