Regression analysis information for: KLH032a_0075
number of formants: 3
number of coeccicients: 5
12.3 164.8 119.4
387.5 98.9 -26.6 -14.5 -13.6 -13.6
1067.3 -112.2 97.1 55.5 -23 -156.5
2635.2 13.5 72.9 -37.7 -21.3 -87
13.1 161.1 113.9
386.6 97.6 -26.1 -15.4 -15.2 -11.5
1066.3 -116.5 101.6 51.3 -28.3 -144.4
2644.6 8.2 76.5 -34.9 -33 -75.3
12.1 173.7 108.5
387.8 95.3 -28.8 -13.3 -14.9 -13.3
1099.5 -146.3 56.7 105.4 -26.6 -195
2678 -15.7 45.2 10.2 -47.5 -102.5
12 173.1 99.2
388.1 93.4 -29.6 -12.1 -15.5 -12.5
1125.6 -190.8 65.9 132.3 -74.1 -143.9
2693.4 -26.5 43.3 21.5 -66.8 -86.9
11.8 168.2 92
388.2 91.5 -30.4 -11.3 -15.5 -12.2
1141.9 -221.6 69.1 154 -99.7 -124.8
2720.6 -48.8 31.7 49.6 -94.2 -83
11.6 159.7 89.2
388.3 89.9 -31.4 -10.8 -15.5 -12.2
1156.4 -247.9 65.9 178.5 -122.5 -117.9
2730.3 -53.2 31.1 50.7 -101 -79.8
11.4 151.7 89
387.9 89.1 -31.9 -10.9 -14.9 -12.2
1145.9 -237.6 59.3 173 -99.9 -146.9
2735.3 -52.8 30.2 47.8 -97.5 -84.7
11.2 155.5 82.4
387.9 88.1 -32.6 -11 -14.3 -12.1
1144.8 -225.6 25.9 179.9 -52 -212.3
2748.1 -57.2 14.7 55.1 -84.5 -104.3
11 158.5 84.9
387.3 87.6 -33.1 -11.5 -13.3 -11.8
1147.3 -234.2 24 184.8 -51.9 -215.2
2751.3 -54.5 10.4 53.5 -77.8 -115.8
10.9 159.8 83.4
387.3 86.8 -33.3 -11.6 -12.7 -11.3
1156.5 -251.9 25.1 193.7 -58.3 -212.1
2757.4 -63.7 9.8 56.1 -72.3 -116.2
10.8 160.1 83.1
387.4 86.3 -33.7 -12.1 -12.2 -11
1159.1 -257.3 26.3 191.5 -53.9 -215.4
2761.9 -69.6 9.2 56.6 -67.7 -115.5
10.7 163.3 80.3
387.3 86 -33.9 -12.6 -11.4 -10.5
1163.3 -264.8 24.6 193.3 -50.4 -219
2765.9 -76.9 6.4 58.7 -63.4 -116.2
11.1 162.9 77
387.4 85.7 -34 -13.5 -10.6 -9.9
1152.1 -251.9 32.7 162.9 -18.5 -223.7
2769.9 -82.9 7.1 55.1 -56.9 -113.7
11.2 173.3 76.1
387.6 85.2 -33.9 -14.5 -10.4 -8.6
1149 -252.4 43 148.5 -12.2 -219.1
2775.2 -91.1 7.5 51.1 -54.1 -108.3
11.3 186.1 74.5
388.1 84.8 -33.8 -15 -9.9 -7.6
1152.5 -257.8 46.4 143.7 -4.3 -227.1
2782.9 -100 7.7 46.2 -49.8 -106.9
13.6 207.4 74.5
386.8 87.5 -34.8 -17.3 -5.9 -10.3
1145.3 -246.7 46.4 129.7 18.2 -249.4
2789.9 -103.7 7.6 40.3 -45.1 -103
11.6 243.6 88.1
389.6 84.1 -33.8 -16 -8.9 -5.5
1189.2 -313.1 63.4 174.3 -65 -167.2
2815.9 -138.4 18.2 54.2 -76.2 -64.1
12.1 278.4 144.1
390.3 83.9 -33.5 -16.5 -8.3 -4.2
1308.9 -517.3 184.1 173.3 -167.5 0.5
2882.8 -246.1 91.8 32.7 -109.9 20.6
12.3 271.4 107
391.4 83.6 -33.7 -16.8 -7.8 -3.2
1356.5 -594.5 220.6 187.3 -210.8 37.3
2881.2 -225.1 63.2 55 -117.6 10.9
12.5 258.3 117
392.2 83.8 -33.9 -16.9 -7.3 -2.4
1382.2 -642.5 256.5 186.2 -239.9 74
2911.1 -258.1 81.3 55 -135.2 39
winner is: 8
