Regression analysis information for: KLH032a_0145
number of formants: 3
number of coeccicients: 5
55.4 195.2 104
387.3 -8.5 45.4 -116.2 40.8 -38.5
2094.7 -188.1 -347.2 -58.6 -11.7 -116.2
2706.4 -234.8 -38.3 34.6 72.2 -51.7
63.4 108.6 82.8
395.6 -26.9 49.7 -108.4 21.7 -16.5
2163.9 -318.5 -271 -88.5 -55.7 -34.5
2742.3 -296.3 -0.5 24.1 50.1 -3.3
57.3 87.3 71.1
409.7 -57.3 72.4 -122.1 26.7 -12.7
2172.3 -340.2 -264.2 -94.8 -68 -15.6
2753.9 -314.8 7.7 24.5 39.7 15.6
119.1 32.3 69.5
466.3 -144.1 87.7 -60 -71.6 67.8
2218.8 -425.8 -209.6 -124.6 -76.5 13.4
2808.3 -404.1 48.9 30.2 -1.2 64.9
54.1 17.4 40.5
421.7 -86.9 90.6 -125.5 20.7 2
2205.8 -419.1 -220.8 -140.3 -62.4 0.3
2782.9 -369.4 38.1 1.5 43.2 27.2
51.6 16.8 37.3
427.4 -100.5 99.8 -127.1 18.5 7.4
2203.8 -425.2 -227.2 -143.8 -62.6 2.3
2784.5 -373 34.9 1.6 42.7 25.6
49.8 15.9 35
429.9 -109 106.4 -128.6 18.9 10.1
2202.5 -433.4 -231.6 -143.9 -58.9 9.1
2787 -380.3 34 2.2 45.4 26.2
48.9 18 37.1
428 -109.1 109.2 -131.2 23.6 6.4
2204.9 -441.1 -232.7 -141.2 -59.2 16
2789.3 -384.6 37 0.3 50.3 26.9
46.9 19.9 39.4
423.7 -104 106.6 -128.2 24 3.6
2206.9 -449.5 -232.2 -139.8 -54 23.6
2791.8 -391.4 43.1 -3.6 58.2 25.9
48.6 21 41.9
418.2 -95.6 100.6 -122.5 22.1 2.1
2207.9 -454.1 -230.1 -138.6 -47.7 28.6
2793.5 -396.4 49.3 -6.5 64.5 26
46.7 23.4 45.7
400.9 -64.7 76.2 -105.6 14.7 2.7
2209 -460.8 -224.1 -136.5 -38.7 33
2793.9 -402.6 61.7 -12.7 75.8 20.3
175.8 64 123.9
455 -153.2 117.3 -86.2 -43.3 71.1
2234.5 -514.7 -186.5 -140.1 -34.3 54.1
2840.9 -486.9 118.1 -19.3 54.5 59
246 96.1 128.9
557.8 -366.7 331.3 -312.3 185 -168.2
2272.5 -593 -103.4 -218.3 50.1 -27.5
2904.1 -622 257.4 -152.4 186.5 -77.6
296.6 102.7 169.5
596.5 -427.8 354.5 -286.1 124.5 -95.2
2282.3 -609.3 -95.7 -202.3 30 3.7
2926.2 -657.8 276.6 -131.6 143.8 -25.5
300.5 93.3 170
551.5 -338.2 271 -208.8 58.7 -42.8
2263.9 -568.6 -122.8 -165.1 5.6 18.5
2900.8 -607.6 233.4 -84.4 104 4.5
182.5 50.9 73.7
402.8 -88.4 134.1 -210.2 155.8 -162.5
2225.4 -496.2 -161 -149.2 14.2 0.1
2811.7 -460 157.4 -76.1 149 -62.1
178.4 50.3 74.7
405.6 -92.9 136.4 -209.7 152.8 -158.9
2226.1 -488.6 -159.9 -144.4 9.6 -4
2806 -448.1 148.6 -66 141.8 -62.9
178.1 55.1 77.8
406.9 -95.2 137.3 -210.1 150.9 -157.3
2232.4 -479.6 -157.5 -146.5 7.9 -11.9
2808.1 -447.1 145.3 -65.4 145.2 -69.7
178.1 59.3 81.5
407.6 -96.8 137.9 -211.7 151 -157.6
2238.4 -471.1 -156.8 -149.3 4.4 -17.5
2810.5 -447.5 141.8 -62.6 145 -71.9
179 64.3 85
407 -96.9 137.2 -213.5 151.6 -159.2
2247.9 -463.7 -154 -156 -1 -23.1
2818.3 -460.5 146.1 -65.8 146.6 -73.2
winner is: 7
