Regression analysis information for: KLH032a_2826
number of formants: 3
number of coeccicients: 5
12.6 19.3 53.8
644.8 -78 14.8 7.3 -38.8 -0.8
883.7 -155.8 59.2 19.8 8.1 54.9
2782.9 -42.9 -63.3 15.5 -106.9 -66.2
12.8 15.6 54.4
645.6 -76 13.3 8.5 -39.8 -0.2
883.3 -147.9 59 25.3 10.8 54.7
2806.3 -28.2 -51.7 26.9 -98.6 -61.9
12.2 11.8 58.8
645.6 -74.4 14.4 7.3 -41.4 0.4
876.4 -136.2 55.3 23.2 18.6 45.5
2818.7 -25.4 -42.2 28.8 -108 -64.4
12.1 16.3 64.8
644.2 -69.2 11.3 8.4 -42.9 1.2
860 -110.1 43.1 15.8 37.7 20.3
2819.9 0.5 -60.9 37.6 -121.3 -68.5
11.1 18.1 71.5
642.7 -65.5 9.7 7.5 -42.9 1.5
854.2 -101.4 40.2 11.4 45 12.5
2811.2 25.3 -81.3 38.7 -129.9 -73
10.3 18.6 72.2
640.9 -61.2 9.1 4.1 -39.7 -1.4
851.3 -95.3 40.4 8.6 50.8 8.9
2809.7 49.6 -86.3 32.3 -122.3 -87.9
9 17.1 70.4
637.5 -54.1 6.6 1.8 -36.2 -5.5
851.9 -96.2 41.4 8.2 51.4 10.3
2797.5 70.7 -92.7 22.5 -119.5 -90.8
10.3 15.6 67.5
632.8 -47.3 6.9 -5.1 -28.1 -10
854.1 -98 42.6 9.7 49.3 12.5
2779.6 88.8 -81.5 -1.2 -88.2 -91.2
9 14.9 65.5
630.2 -40.1 2.3 -6 -25.2 -12.2
857.1 -99.1 45.7 12 48.4 14.9
2782.3 122.7 -92.1 0.1 -74.8 -88.7
9.1 15.5 66.5
632.7 -40 2.4 -7.1 -24.6 -12.3
858.4 -99.1 47.4 13.6 48.8 16.4
2807.6 135.8 -81.6 -0.9 -71.1 -90.5
9.9 15.9 59.9
635.8 -42 2.2 -9.2 -24.1 -12.1
858.7 -98.6 49 15.5 49.3 17.1
2828.3 128.5 -87.6 -12.9 -74.8 -93.3
11.2 17 51.9
641 -46.2 2.3 -9.7 -24.7 -10.2
858 -97 50.9 17 51.1 17.3
2856.4 119.7 -88.5 -16.9 -76.3 -89.2
12.2 18.8 53.4
648.1 -51.5 1.7 -9.6 -25.4 -7.6
855.1 -95.3 53 18.4 53.8 17.2
2897.7 120.5 -87.4 -19.3 -77.3 -91.5
14.1 21.8 57.3
658 -60.8 2 -9.3 -27.3 -3.9
849 -93.5 55.3 19.5 58.8 16.6
2946.9 109.8 -87.3 -29.1 -85.9 -90.4
14.6 26.1 65
669.8 -71.6 0.9 -8.3 -26 -2.7
839.4 -96.4 55.8 16.9 59 17
3000.2 74.2 -92 -41.3 -80 -88.8
16.2 35.9 86.7
679.6 -84.1 -2 -4.3 -17.9 -3
821.1 -117.6 42.9 -1.4 41.8 6.2
3060.5 14.3 -100.9 -77.3 -81.7 -88
23.4 147.1 76.2
683.7 -100.2 -2.6 5.7 0.1 -0.5
900.9 38.3 218.8 158 199.5 163.5
3163.6 36.6 -13.7 -42.5 9.4 -1.5
39.6 147.4 39.4
675.6 -124.5 -4.2 25.3 28 9.7
916.6 79.5 260.3 195.5 228 187.4
3212.8 17.2 16.1 -32.7 41.9 3.1
22.1 423 62.6
687.1 -118.3 -18.6 -5 5.3 5.4
1156.1 412.1 282.1 -70.9 -99.4 52.2
3260.8 27.7 14 -75.2 -12 -26.1
67 428.2 115.5
668.1 -99.1 -30.8 -12.2 37.4 -25.9
1290.3 582.3 400.6 -96.7 -243.8 -86.7
3325.9 122.7 70.5 -58.6 -65.3 -83.2
winner is: 12
