Regression analysis information for: KLH032a_1899
number of formants: 3
number of coeccicients: 5
5 304.1 56.2
299.3 57.9 -3.4 1 17.1 1.6
1791.6 304.3 71.6 268.4 144.4 -305.8
2787.7 -20.2 -33.8 26.7 73.9 -61
4.9 331.1 58
299.9 57.8 -3.9 0.6 17.1 1.8
1914.7 365.3 -22.5 147.2 63.7 -347.3
2808.7 -9.6 -50.5 -1 66.5 -57.3
4.8 89 37.3
300.5 57.5 -4.4 0.4 17.2 1.9
2216.3 469.9 -424.9 -156.1 140.4 -60.6
2841 0.5 -87.7 -33.2 60.3 -38.2
4.8 75.4 46
301.2 57.1 -4.7 0.1 17.2 2.2
2264.6 402 -439.9 -86.7 114.2 -112.4
2843.3 -17.1 -80.2 -8.3 47.9 -66.2
4.7 82.1 28.2
301.7 56.7 -5 -0.1 17.2 2.3
2314.9 318.3 -432.6 -14.3 56.9 -143.8
2834.2 -11.7 -60.7 -32.2 54.2 -43.7
4.7 123.7 48.9
302.3 56.1 -5.2 -0.2 17 2.4
2370.6 225.4 -409.6 34.1 0.3 -146.6
2855 -37 -67.3 -5.8 28.3 -37.2
4.7 122.7 61.9
302.7 55.5 -5.3 -0.3 17 2.6
2461.2 78.7 -350.2 81.7 -104.2 -63.2
2873.7 -59.5 -68 11.5 -1.3 -5.5
4.7 45.8 53
303.1 54.9 -5.3 -0.2 16.9 2.7
2600.6 -177.9 -147.7 -33.6 -85.6 1.8
2933.2 -158.3 -4.9 -14.1 -14.9 45.9
4.6 34 46.1
303.3 54.4 -5 -0.2 16.8 2.7
2600.5 -177.3 -145.1 -44.5 -75.6 -6.3
2937.2 -157.1 -15.5 -11.7 -9.6 34.1
4.7 26.9 40.2
303.2 53.8 -4.6 0 16.8 2.9
2602.4 -174.5 -142.4 -57.2 -69.1 -11.9
2943.8 -160.2 -24.3 -7.9 -8 27
4.7 24.9 38.5
302.8 53.5 -3.9 0.6 16.6 2.6
2612.1 -173.1 -148.3 -71.9 -59.4 -13
2951.3 -165.5 -31 -2.6 -8.4 23.3
4.7 27.1 38.2
302.3 53.4 -3.3 0.7 16.5 2.6
2624.5 -172.1 -157.3 -82.5 -48.4 -10.5
2957.4 -172.4 -35.2 7.3 -12.3 20.2
4.5 27.8 40
301.7 53.5 -2.6 0.8 16.4 2.4
2635.1 -173.5 -163.1 -91.2 -43.3 -11.3
2969.5 -179.6 -50.1 14.5 -5.8 23.9
4.5 27.1 42.1
301.2 53.6 -2.2 1.1 16.2 2.3
2641.3 -177.7 -167 -95.6 -37.5 -10.9
2982.4 -182.5 -71 17.7 7.9 32.1
4.5 27.8 45
300.8 53.8 -2 1 16.3 2.4
2646.3 -178.3 -170 -93.4 -38.3 -7.9
2991.8 -186.6 -82.8 23.9 12.1 39.4
4.4 38.3 58.5
300.3 54.3 -1.4 0.9 16 2.6
2644.6 -172 -187.4 -68.8 -48.4 -0.3
2980.6 -191.9 -63.5 43 -6.4 17.7
4.4 55.5 66.1
300 54.5 -1 0.7 16 2.8
2628.9 -186.8 -147.5 -66.3 -73.7 -9.9
2933.9 -174.1 7.4 6.4 -31.9 47.9
4.3 48.2 44.6
299.8 54.6 -0.8 0.6 16.1 3
2613.9 -167.9 -133.7 -80.9 -74.1 29.6
2905.7 -160.6 48.8 -11.9 -51.2 82.9
4.3 40.8 43.8
299.9 54.7 -0.7 0.7 16.2 2.9
2598.5 -158.9 -102.8 -99.5 -79.1 49.9
2897.9 -150.3 46.7 -9.3 -38.3 71.7
4.3 49.3 42.6
299.8 54.7 -0.6 0.6 16.2 3
2612.6 -161.2 -133.5 -89.1 -51.4 43.5
2893.2 -146.8 47.7 -9.3 -29.5 64.4
winner is: 11
