Regression analysis information for: KLH032a_0725
number of formants: 3
number of coeccicients: 5
0.9 28.2 96
342.9 11 -7 -2.2 2.7 -1.6
1117.1 -3.4 75.6 19.9 56.3 -16.7
2623.7 -110.8 -59.1 -134 -82.7 -72
0.9 28.2 89
343 11.4 -6.7 -2.2 2.8 -1.4
1124.5 12.9 93.7 22.2 61.1 -1.7
2640.5 -91 -60.4 -148.4 -46.9 -27.9
0.9 31.1 79.6
343.3 11.5 -6.4 -2.1 3 -1.4
1142.8 29.4 115.6 34.1 73.5 12.2
2676.5 -121.7 -51.6 -167.5 -3.8 -39.6
0.9 35.5 71.3
343.5 11.9 -6.2 -1.9 3 -1.3
1157.3 48.2 123.8 51.4 81.9 21.7
2689.5 -102.6 -54.1 -134.8 1.5 -30.8
1 34.1 60.3
343.8 12.1 -5.9 -1.8 3.2 -1.2
1173 52.5 125.2 54.4 91.1 20.6
2709.8 -105.2 -33 -121.3 20.9 -38.6
1 34.3 53.5
344.1 12.1 -5.8 -1.8 3.3 -1.2
1185 51.6 126.4 55.6 92.5 20
2717.3 -107.7 -36 -108.9 16.5 -43.6
1.1 34.8 35.8
344.3 12.1 -5.6 -1.8 3.5 -1.2
1203.9 46.2 115.2 60.5 101.7 15.6
2749.3 -77 -5.9 -54.5 48.3 -17.8
1.1 34.3 36.4
344.6 12.1 -5.5 -1.9 3.5 -1.2
1218.5 41.4 108.4 60.9 108.4 11.8
2756.8 -82.2 -9.8 -47.7 46.1 -23.9
1.1 35.5 38.5
344.7 11.8 -5.6 -2.1 3.6 -1.3
1232.6 30.8 94.1 60.3 118.6 6.4
2763.6 -88 -14.3 -43.1 45.8 -28.6
1.2 34.8 37.1
344.9 11.7 -5.5 -2.2 3.6 -1.3
1243.8 21.1 89.8 64.3 117 1.3
2773.9 -97.8 -18.6 -32.4 38.8 -32.3
1.2 38 37.9
345 11.6 -5.3 -2.2 3.6 -1.3
1243.4 15.7 103.9 67 107.2 1.6
2777.6 -103.8 -16.8 -29 35.9 -32.7
1.3 38.1 38.2
345.1 11.5 -5.3 -2.3 3.6 -1.4
1253.3 7.9 97.4 69.2 108.1 -1.4
2784.1 -109.9 -18.4 -24.5 32.9 -34
1.3 40.2 38.2
345.1 11.3 -5.3 -2.3 3.5 -1.4
1253.8 -1.3 99.3 70.6 96.6 -4.2
2787.3 -117.3 -17.6 -20.4 25.7 -33.7
1.3 44.9 39.4
345.2 11.2 -5.3 -2.3 3.3 -1.5
1260.5 -6 97.6 79.6 89.9 -9.7
2791.9 -122.7 -18.1 -14.4 20.1 -35.7
1.3 43.2 35.8
345.3 11.2 -5.2 -2.4 3.2 -1.5
1267.1 -11.5 99.7 79.8 80.7 -4.2
2798 -129 -15.5 -10.5 10.8 -31
1.3 44.1 35.3
345.5 11.1 -5.3 -2.4 3.1 -1.5
1279.2 -18 90.9 88.8 74.3 -7.9
2806.1 -136 -19.5 -2.8 3.7 -31.7
1.2 42.7 33.1
345.6 11.1 -5.2 -2.4 3 -1.5
1289.3 -21.4 86.1 93 72.2 -8
2811.8 -139.3 -20.9 0.6 0.5 -30.7
1.2 41.6 32.4
345.8 11.1 -5.2 -2.5 2.9 -1.6
1301.6 -30 77.9 100.4 65.2 -11.4
2819.6 -145.4 -23.9 7.1 -6 -31.3
1.2 38.4 30.4
345.8 11.1 -5.5 -2.6 2.7 -1.7
1306 -32.2 65.6 96.5 60.5 -15.2
2820.6 -146.1 -29.5 5 -8.9 -32.7
1.2 40.3 26.7
345.9 11.2 -5.6 -2.7 2.4 -1.7
1317.9 -36.9 51.1 102.8 53.4 -17.8
2826.2 -148.4 -37 10.6 -16.3 -32.1
winner is: 20
