Regression analysis information for: KLH032a_2106
number of formants: 3
number of coeccicients: 5
2.4 26.6 52.2
539.6 63.1 -14.2 -25.3 -4.9 0.2
1216.1 294.2 72.5 3.4 67.2 -4.8
2608.7 -130.2 -89.5 -97.5 -44.9 -81
1.9 42 49.9
531.4 53.6 -15.4 -28 -9.2 0.2
1170.2 221.6 6.1 -65.5 -5.7 -57.8
2525.8 -304 -239.7 -206.5 -105.7 -105.1
2.3 29.5 41.2
527.2 50.5 -13.1 -25.7 -11.8 -2.4
1166.6 238.8 15.5 -43.8 -5.5 -41.6
2542.4 -286.9 -223.5 -203.6 -100.2 -112.3
1.8 30.2 29
525.9 51.4 -9.7 -22.8 -11.9 -1.9
1159.2 245.1 13.2 -35.2 -13.5 -36.1
2543.9 -293.2 -219 -202.3 -86.1 -102.7
2 26.1 27.6
523.7 49.5 -9.3 -21.5 -12.9 -2.3
1156.5 251.6 16.6 -23.2 -13.3 -27
2525.4 -326.8 -230.3 -195.6 -55.7 -64.1
2.2 20.3 27.7
521 46.1 -9.8 -20.7 -13.5 -3.5
1154.7 253.4 22 -13.4 -8 -20.9
2513.8 -336.2 -232.4 -178 -37.8 -37.2
2.2 26.6 20.5
519.9 47.5 -4.9 -16.3 -12.9 -4.1
1149.5 256.8 31.9 -5.1 -9.7 -25.8
2524 -308.7 -227.5 -180 -63.7 -51.5
2.1 26.4 27.5
522.7 50 -5.9 -16.5 -12.6 -3.9
1156.7 260.4 24.9 -6.2 -10.9 -26.5
2547.9 -264 -209.3 -182.7 -98 -90
1.8 44.3 42.1
524.3 53.1 -3.9 -14.2 -11.5 -3.5
1148.1 244.5 4.9 -22.6 -30.7 -46.9
2561.1 -235.6 -197.1 -176.8 -111.9 -110.4
1.8 22 56.1
525.8 55.3 -1.9 -12 -10.6 -3.6
1179.1 301.5 63.5 34.8 24.2 3.2
2608.2 -150.4 -114.2 -102.6 -49 -61.8
1.6 19.6 35.3
528.4 58.7 0.8 -9.7 -9 -2.9
1193.7 323.4 84.5 53 39.7 13.7
2655.7 -72 -34.3 -37.1 10 -25.6
1.5 19 41.8
529.7 60.3 2 -7.8 -7.4 -2
1195 322.4 84.3 53.8 40.5 12.7
2654.2 -83.4 -44 -43.6 7 -30.3
1.3 20.6 32.7
529 57.5 -0.5 -9 -7.9 -3.3
1195.7 318.2 82.8 53.3 42.3 11.2
2669.3 -69.8 -23.6 -32.4 23.9 -32.9
1.4 20.4 46.9
531.3 59.6 0.6 -7.4 -6 -2.3
1199.9 319 83.7 54.3 43.7 10.2
2665.4 -93 -41 -48.2 19.2 -40.9
1.5 19.6 21.1
533.2 62.2 2.2 -5.8 -4.4 -1.1
1202 320 84.4 54.1 44.3 10.1
2691.6 -49.4 -3.7 -16.4 42.2 -28.7
1.8 20 24.3
534.1 62.2 2.9 -5.1 -3.2 -0.3
1204.5 318 86.8 54.2 46.8 10.1
2697 -58 2.9 -22.5 47.4 -32.3
1.5 19.9 26.3
534.3 60 0.7 -6.1 -2.8 -1.3
1206.6 314.8 87.4 54.3 50.1 9.6
2704.6 -66.2 5 -26.2 56.5 -34.9
1.6 19.4 26.7
535.5 60 0.4 -6.3 -2 -1.6
1209.2 312.9 89.2 52.6 52.4 7.9
2711.5 -73.8 8.6 -32.2 64.1 -37.4
2.1 19.4 27.1
536.5 59.9 0 -7.7 -2.1 -1.3
1212.3 312.6 91.8 50.2 53.5 7.9
2716.5 -78.3 13.1 -38 67.5 -34.8
2.8 18.8 25.8
537.6 58.9 -1.4 -8.4 -1.9 -1.6
1215 310.6 92.4 49.8 54.3 7.2
2723.2 -84.1 13.8 -39.2 70.8 -33
winner is: 15
