Regression analysis information for: KLH032a_2776
number of formants: 3
number of coeccicients: 5
3.7 14.4 10.4
355.3 14.6 8.2 7.5 -7 6.2
886.6 -52.9 -21.9 24.3 20.7 -15.4
2516.3 15.9 83.1 21.5 -10.1 9.9
3.3 16 7.1
356.1 15.1 8.5 7.1 -7.2 6.1
889.6 -52.2 -20.1 24.9 23.2 -15.6
2522.4 17.2 86.4 17.2 -12.2 7.4
3.4 17 6.7
357.6 15.4 8.6 5.8 -7.2 6.5
892.3 -52.5 -19.1 25.6 25.6 -14.7
2533.4 18.4 85.5 6.4 -9.2 9.3
3.2 17 7.3
359.2 15.3 8.5 4.5 -6.4 6.9
894.8 -53.9 -19.8 24.9 29 -15.3
2547 15.4 83.6 -3.6 0.2 10.5
3 16.7 7.2
361.1 15.4 8.6 2.2 -5.7 6.9
896 -55.3 -21.3 24.6 31.9 -15.4
2561.4 14.7 82.6 -19.5 9.1 9.2
3 13.9 6.4
362.3 13.3 8.5 0.5 -4.6 7.3
895.7 -58.9 -27 22.9 27.9 -19.3
2568.8 -1.1 80.6 -29.4 20.8 9.5
3.3 11.5 7.6
364.5 11.7 7.4 -1.4 -4.4 7.3
895.8 -58.5 -32.7 26.5 26.5 -20.2
2584.8 -12.2 70.8 -40.8 27.8 6.7
3.5 20.5 7.9
366.9 9.1 6.3 -4 -4.1 7
891.5 -42.1 -45.4 46.2 15.8 -8.4
2600.9 -29.2 62.8 -57.1 37.1 -1.7
3.5 170.4 43.8
369.1 8 5.4 -5.9 -3.4 7
962.8 -189.2 94.8 -97.9 157.7 -161
2634.3 -76.8 94.4 -108.3 84.8 -45.7
3.4 163.5 40.2
372.2 8.8 4.1 -8.9 -3.8 7.8
953.5 -184.1 85.3 -78.9 153.9 -152.1
2653.2 -69.9 82.5 -121.9 87.2 -40.3
3.2 151.9 35.1
376.3 8.5 2.9 -10.7 -4.1 8.3
934.5 -171.8 66.3 -46.3 142.6 -136.2
2675 -66.8 67.3 -128.4 90.7 -38.1
2.9 199.5 48.6
381.1 7.6 2 -12.2 -5.4 9.7
1000.5 -362.9 229.8 -185.1 287.9 -262.7
2715.9 -97.7 82.6 -168.6 120.4 -53.3
2.8 202.8 37.5
386.7 6 0.7 -13.5 -7.7 11.5
952 -389.8 245.4 -131.6 313.1 -275.9
2734 -75 42.6 -166.3 110.4 -30.5
14.8 514.5 168
385.8 -3.7 -4.9 -10.2 -1.7 25.7
1435.7 44.7 -262 -1037 -23.7 -16.9
2988.9 144 -148.7 -584.2 -110.1 -11.6
3.1 458.7 166.6
396.4 3 -1.8 -11.5 -12.3 17.6
1442.4 60.1 -378.8 -1030.5 105.7 -50.1
2943.6 113.3 -104.5 -484 -120.4 -94.8
3.4 388 193
402.1 -0.4 -0.6 -8.6 -16.4 20.2
1722.2 289.2 -233.2 -1268.1 131.2 -400.5
3057.3 221.5 98.9 -401.5 -125.9 -313.7
3.6 68.5 113.4
407.7 -3.7 -0.1 -6.5 -20.4 23.9
2604.5 -13 154.8 -69.4 -36.7 -8.9
3514.3 -7.2 252.8 339.6 -101.1 -50.1
4 76.1 93.2
411.6 -6.5 1.7 -3.8 -24.3 26.5
2610.8 8.8 125.2 -108.2 -3.1 20.1
3491 -34.5 236.5 370 -34.1 0.6
4.5 91 70
415.2 -8.8 3.9 -2.2 -27.2 28.8
2615.7 29.3 68.9 -136 53.2 43.6
3450.2 -50.5 203.3 373.7 1.3 31.3
4.3 53.2 58.1
416.4 -8.7 2.8 1.2 -28.9 31
2609.1 -19.4 150 -199.2 51.3 -14
3454.5 -59.6 181.4 318.5 1.9 15.5
winner is: 7
