Regression analysis information for: KLH032a_0961
number of formants: 3
number of coeccicients: 5
9.7 26.3 6.7
533.8 -25.5 13.6 20.2 20.7 10.2
1074.8 -138.5 56.2 5.8 21.3 2.5
2690.3 -60 -27.5 -14.8 -6.5 -7.2
9.7 23.9 6.4
530 -29.3 13.9 22.1 21.6 10.7
1067.5 -147.4 52.7 2.1 16.8 -0.9
2694.6 -57.3 -26.7 -16.3 -7 -7.8
9.8 22.3 6.2
526.3 -32.8 14.1 23.4 21.5 10.4
1059.8 -155.3 49.7 -1.5 11.8 -4.4
2695.6 -56.1 -26.3 -17.1 -7.6 -8.9
10 13.2 6.5
523.1 -37.3 12.4 23.1 21.2 10.1
1050.7 -170.5 38.3 -12.2 0.8 -14.6
2693.4 -57 -25.7 -16.2 -8.6 -10.8
9.5 10.7 7.4
520.3 -41.7 9.5 20.6 18.7 8.5
1040.2 -188.7 21.9 -28.8 -16.3 -29.1
2688.3 -61.4 -26.8 -17.5 -12.2 -13.5
9.2 11 8
518.8 -43.7 8.8 20.2 18.2 7.9
1038.8 -189.8 21.9 -28.7 -16.5 -29.3
2683.3 -66.1 -25.5 -14.8 -12.3 -15.1
7.9 10.9 9.1
516.8 -47.7 5.9 17.9 16.2 6.2
1039.7 -188.8 24.6 -26.4 -14.7 -27.6
2675.7 -76.2 -25.8 -12.3 -13.7 -16.8
7.6 10.9 10.2
516.3 -49 5.6 17.9 16.4 6.2
1039.7 -188.9 25.1 -25.5 -13.9 -26.8
2671.8 -85 -24.7 -7.2 -7.4 -13.3
6.3 9.9 12.1
515.6 -50.8 4.2 16.3 14.9 4.6
1041.3 -187.2 27.3 -23.4 -12.1 -25.3
2671.2 -90.5 -23.5 -6.2 -8.9 -15.1
6.2 9.9 12
516.1 -51.1 4.1 16 14.8 4.3
1042.7 -187.5 27.5 -22.8 -11.8 -25.3
2674.4 -91.9 -22.8 -6.3 -9.9 -14.4
6.1 9.9 12.7
516.8 -50.7 4.7 16.4 15.1 4.4
1043.2 -188.1 26.9 -22.7 -12.1 -25.5
2679.5 -93.6 -22.7 -6.2 -9.8 -14.2
6.4 10 11.5
518 -49.9 5.4 16.8 15.9 5
1044 -189.8 25.8 -23.5 -13.1 -26
2686.9 -92.7 -21.6 -8.6 -10 -11.4
6.9 10.4 10.7
519.5 -48.5 6.9 17.8 16.9 5.4
1044.2 -192 23.8 -24.8 -14.3 -27.7
2692.7 -91 -20.4 -9.6 -10.8 -14
7.4 10.6 10.8
520.2 -48.2 7.9 18.1 17.6 6
1044.4 -193.2 23.3 -25.7 -15.4 -28
2696.9 -95.4 -18.1 -12.7 -10.7 -10
7.2 10.2 11.2
522.4 -46.5 9 18.6 18.5 6.3
1045.1 -196.1 21.1 -27 -16.4 -28.8
2709 -91.2 -19 -17.2 -12.5 -9.8
5.1 8.5 10.9
522 -49.4 5.8 15.2 15.6 3.5
1049.2 -191.1 26.2 -21.3 -11.4 -24.3
2719.2 -90.7 -24.5 -25.8 -16.7 -10.1
6.2 8.7 10.4
526.1 -44.3 9.7 18.1 18.7 5.7
1046.9 -199.1 19 -26.7 -16.3 -28.3
2734.1 -82.2 -25.3 -32.4 -19.1 -9.2
6.5 8.6 9.7
529.5 -41.5 10.9 18.7 20 6.3
1046.9 -204 15.3 -28.3 -18.1 -29.9
2750.8 -74.7 -30.7 -41 -23.2 -8.7
8.5 10.4 9.2
535.7 -33.6 16.2 23.2 24.9 10
1040.8 -218.7 2.2 -38.2 -27.9 -38
2769.2 -65.9 -38.2 -52.1 -26.7 -5.6
8.9 13.8 10.2
541.9 -27.2 18.6 24.8 27.5 11.5
1033.1 -237.8 -13.2 -49.4 -39.1 -47.2
2791.4 -54.1 -48.7 -67.4 -32.7 -2.4
winner is: 16
