Regression analysis information for: KLH032a_2263
number of formants: 3
number of coeccicients: 5
7.7 49 105.1
394.6 114 54.9 6.4 1.5 -7.1
2252 -371.1 -268.5 -135.1 -187.9 -24.2
2817.1 -198.6 -469.5 236.6 153.2 -214.7
7.4 52 91.5
392.6 111.6 54.3 7.6 2.8 -6.1
2254.3 -373.8 -270.7 -146.6 -193.3 -32.1
2858.5 -232 -517.2 252.2 139.7 -187.2
7.4 54.3 86
390.8 109.6 53.9 9.2 4.5 -4.6
2257.7 -374.5 -272.4 -158.3 -198.6 -39.1
2896.4 -259 -555.6 258.5 139.3 -151.8
7.1 57.3 67.7
389 108 53.6 10.6 5.7 -3.5
2259.4 -375.7 -278.1 -168.8 -205.1 -43.3
2965.3 -293 -629.5 242.6 156.9 -60.7
7.1 57.3 95.1
388 107.4 53.3 11.8 6.5 -2.6
2261.8 -378 -278.7 -177.8 -206.6 -46.2
3020.5 -307.2 -684 210.6 165.5 33
8.3 161.8 137.8
386.3 108.3 53.4 11.2 9.1 -2.3
2197.9 -372.5 -213.9 -170.5 -186.8 -132
3045.8 -394 -647.3 308.6 101.1 43.4
7 156.9 143.7
386.4 107 52.9 13.5 7.6 -1.2
2185.6 -444.3 -176.6 -73.2 -233.6 -157.8
3041.2 -466.8 -587.2 404 43.8 -14.7
6.9 135.4 149.4
386.1 107.5 53 14.2 8 -0.7
2179.4 -463.6 -182.4 -64.2 -201.4 -130
3054.5 -499.5 -558.5 423.5 29.7 -0.2
7.7 167.3 174
385.4 108.9 53.6 13.8 9.6 -0.8
2141.8 -444.6 -160.2 -80.2 -128.7 -147.1
3030.7 -518.1 -515.3 450.7 59.8 -1.9
6.9 219.5 228.7
385.9 108.9 53.8 15.4 8.9 0
2101.1 -405.9 -135.5 -121.1 -58 -166.6
2993.7 -473.5 -483 381.3 124.3 7.6
6.8 198.7 248.9
385.9 109.7 54.2 15.8 9.1 0.1
2120.5 -377 -182 -141.9 -25.9 -116.7
3043.8 -475.5 -530 340.3 141.3 111.5
6.9 149.1 234.9
386 110.5 54.7 16.2 9.3 0.3
2163.3 -375.8 -219 -116.9 -73.1 -48.6
3081.6 -492.5 -551.8 338 118.6 174.9
7 170.2 250.5
386.2 111.4 55.2 16.6 9.4 0.5
2153.1 -325.2 -231 -109.7 -84.2 -44.9
3083.1 -492.6 -552.9 347 108.2 193.5
7 121.5 232
386.5 112.3 55.8 16.8 9.4 0.6
2190.8 -299.6 -276.9 -99.6 -130 3
3124.3 -516.4 -570.5 341.7 87.2 249
6.9 74.8 197.2
386.7 113.1 56.4 17.1 9.6 0.9
2229.3 -304.5 -298.9 -47.6 -189.1 -0.2
3146 -534.4 -602.5 411.2 29.1 261.1
6.9 69 195.4
387.2 114.2 57.3 17.3 9.8 1.2
2252.9 -285.3 -287.6 -62.6 -194.3 -5.5
3153.4 -540.8 -601 408.2 28.4 267.7
7.1 65.4 181.4
387.3 114.7 57.6 17.2 9.5 1.1
2276 -268.4 -279.1 -80.8 -200.8 -13.3
3181.4 -538.7 -625.7 361.8 23.7 309.8
6.9 59.6 171.7
387.5 115.2 58.3 17.5 10 1.7
2286.7 -277.4 -262.1 -88.5 -186.5 -16
3196 -532.5 -626.6 342.7 22 317.1
6.8 56.3 157.3
388 116.3 59.2 17.8 10.2 2.1
2304.7 -273.3 -235.5 -91.4 -175.7 -26.1
3225.7 -525.4 -638.8 297.1 7.6 335.3
6.7 51.3 152.3
388.4 117.3 60.2 18.3 10.6 2.4
2327.4 -269.8 -200 -92.9 -161.6 -34.1
3252.8 -508.6 -659.5 253.9 -13.7 353.8
winner is: 4
