Regression analysis information for: KLH032a_0342
number of formants: 3
number of coeccicients: 5
3.2 30.1 58.3
327.2 45 -19.3 1.1 -0.3 -0.8
896.6 -77.9 153.5 -71.6 36.8 -71.8
2502.6 249.4 56.2 -39.3 -76.2 -42.5
3.1 28.5 53.4
328 44.4 -19.1 1.7 -0.7 -0.4
898.6 -76.4 152.4 -66.9 35 -68.5
2519.4 246.7 58 -16.5 -75.7 -33.3
3.1 30.4 52.3
328.8 43.5 -18.8 2.7 -0.9 0.2
902.2 -82.5 158.1 -66.9 40 -71.7
2538.4 242.9 62 4.5 -75.4 -29.6
3 33.9 52.9
329.7 42.4 -18.5 3.4 -1.3 0.8
903.8 -83.7 158.9 -65.2 43.7 -75.3
2556.2 232.4 59.4 24.4 -77.3 -23
3 43.5 52.3
330.8 41.8 -18.4 4.2 -1.3 1.2
903.8 -79.6 157.8 -64.6 50.4 -85
2575.6 230.1 57.3 48.1 -69.8 -21.2
3.1 85 83.2
332 40.8 -18 5.3 -1.4 2.1
958.2 -171.2 227.4 -89 38.5 -25.6
2620 163.4 86 52.5 -86.9 17.4
3.4 168.2 72.1
333 39.3 -18.1 6.3 -1.6 3
1009.8 -256.9 270.1 -70.4 -22.6 77.3
2633.4 162.3 69.5 84.8 -87.8 8
3.3 173.6 112.2
334.3 38.1 -18.6 7.2 -2.4 3.2
1050.3 -331.4 333.5 -121.1 6.3 71.1
2692.8 77.4 113.2 69.2 -82.6 19.1
3.5 167.8 112.4
335.4 37 -19.2 8.3 -2.5 3.6
1057.4 -344.2 341.9 -128.4 14.9 65.9
2713.1 60.8 99.2 91.2 -86.2 22.1
3.5 172.5 108.2
335.5 36.9 -19.4 8.5 -1.7 3.7
1072.3 -372.7 362.4 -139.4 20.4 71.3
2706.6 67.3 90.8 102.8 -68.7 25
3.8 168.4 109.7
336.4 37 -19.5 9.4 -1.8 3.5
1089.8 -398.7 387.1 -157.2 31.8 64.6
2729.4 54 90.9 116.8 -90 43.1
3.9 151.6 148.6
337.5 37.1 -20.3 10 -1.2 3.5
1114.2 -440.8 428.7 -194.2 66.7 36.4
2769.8 18.8 96.6 137.3 -110.1 100.7
4.1 128.6 143.2
339 37 -20.7 10.7 -1.3 4.1
1133.5 -473.7 463.3 -228.3 99.9 3.5
2814.8 -31 142.9 75.9 -43.4 47.4
4.2 129.4 102.4
340.7 36.6 -21.8 11.3 -1.4 4.5
1133.7 -472.6 463.4 -232 102.5 -3.6
2837.5 -43 129.8 54.6 -19.4 6.6
4.5 134.3 48.6
342.2 36.6 -22.8 11.7 -0.9 4.9
1124.5 -453.5 457.1 -233.2 115 -18.8
2912.1 -142.6 212.2 -39 89.4 -80.2
4.7 175.8 84.6
343.9 36.4 -24.8 12.3 -0.3 5
1199 -571 503.8 -181.2 -4.6 121.4
2995.2 -245.3 230.6 -31.5 47.8 -13.8
4.8 154.3 44.1
345.4 36 -26.1 13 -0.1 5
1180.4 -542.4 496 -192.8 21.7 85.2
2973.5 -179.1 181 -54 122.2 -95.1
4.5 172.8 42
346.7 36 -28.6 13.3 0.2 4
1190.4 -560.2 511.1 -185.5 5.4 100.6
3015.5 -208.6 160.2 -71 148.9 -112.4
4.7 186.1 43.2
348.7 36.9 -30 14.1 1.2 3.9
1189.7 -568.5 526.1 -180.7 -4.4 98.4
3063.3 -215.9 133.7 -69 167.6 -101.2
4.6 190.3 48
349.9 37.3 -31.2 14.5 1.4 3.5
1182.7 -567 538.2 -177.1 -6 85.5
3102.6 -237.1 123.4 -71.8 177.8 -93.6
winner is: 2
