Regression analysis information for: KLH032a_0099
number of formants: 3
number of coeccicients: 5
36 345.2 72.7
458 177.7 79.9 16.6 4.5 88.4
2108.2 -183.8 450.5 -83.4 -675 330.1
2925.4 -88.7 111.2 16.1 -120.5 73.1
42.6 352.2 73.2
451.8 178.5 93.3 17.4 -3.3 91.1
2182.9 -210.1 385.5 -187.2 -484 331.7
2938.4 -95 89.3 -6.2 -80.7 74.1
28.9 320.9 77.3
458.8 178.4 79 19 18.7 96.7
2311.7 -167.4 108.2 -265.3 -176.2 426.9
2961.3 -91.5 38.1 -19.2 -30.5 88.4
28.2 315.6 73.2
458 178 77.5 20.2 26.3 100.6
2337.7 -164.9 40.3 -224.8 -140.6 389.1
2966.7 -94.3 29 -12.1 -25.3 75.3
25.7 204.6 56.2
458.6 173.9 74.3 25.8 32.1 101.3
2428.1 -264 11.3 -191.3 -64.9 229.2
2983.1 -107.5 24.2 -1.3 -18 44.2
27.9 194.1 50.3
455.7 173.7 75.3 25.4 36.4 104.9
2441.1 -275.4 -0.1 -163.2 -82 206.7
2990.2 -111.3 23 10.9 -26.2 33.1
25.6 20.6 37.4
454.1 167 68.9 29.9 43.3 104.9
2531.6 -324.5 -140.3 -24.4 -33.9 30
3014.4 -116.4 -1.1 42 -21 -8.9
25.6 95 42.5
451.5 163 65.7 29.7 44.4 103.6
2502.6 -261.2 -196.1 33.2 -93.2 85.2
3014 -101.7 -2.2 48.6 -28.9 4
26.5 20.1 33.8
445.7 155.5 61.1 27.5 43.8 100.8
2537.9 -319.8 -133 -29.7 -38.6 29.9
3025.6 -103.8 11.7 38.3 -21.2 0.9
27.7 20.8 33.6
439.5 145.4 53.4 22.2 38.4 94.3
2539.9 -316.3 -131.7 -32.7 -40.8 32
3029.1 -97.9 14.5 36.1 -20.4 6.5
30.2 21.7 32.1
431 132.4 44.6 13.4 28.1 83.8
2543.7 -314 -133.2 -35.7 -39.9 34.1
3034.7 -92.3 13.5 35 -16.3 10.5
33.1 23.8 33.5
419.9 114.3 30.9 1.8 15.7 71.7
2546.8 -308.6 -133.8 -37.5 -42.5 35.1
3040.9 -84.7 14.6 35.3 -15.4 12.1
31 25 34.4
412.4 104.6 27.6 -0.7 10.7 65.6
2550.9 -305.7 -137.7 -39.8 -43.1 37.4
3047.6 -79.3 11 34.6 -12.6 14.4
29.4 27.2 36.1
406.2 97.2 25.5 -2.7 6.6 61.3
2554.3 -303.1 -140.2 -41.5 -42.9 37.8
3054.6 -74.5 9.7 34.9 -9.6 14.3
26.1 28.5 37.9
398.8 89.9 26 -2.9 2.3 57.2
2559.9 -302.2 -144.3 -43.3 -40.8 39
3063.1 -71.8 4.2 34.9 -4.6 17.3
21 31 66.3
389.5 79.4 22.3 -4.9 -1.4 52.5
2565.3 -302.5 -146.6 -45.5 -39.6 40.8
3052.9 -105 -16.5 36.5 23.1 60.7
19.4 40.2 79.8
384.6 76.2 24.3 -4.1 -4.5 49.4
2561.2 -322.1 -162.5 -52.5 -31.9 51.5
3051 -124.8 -36.1 32.1 35.8 76.6
18 37 72.2
380.9 75.3 26.7 -2.5 -5.6 46.1
2569.1 -321.2 -163.1 -53.7 -31.5 48.5
3059.8 -128.2 -50.3 19.7 24.7 64.2
16.5 35.7 75.1
377.3 74.8 28.5 -1.6 -5.8 42.5
2576.7 -323 -166 -54.7 -31.2 47
3053 -165.1 -94.1 -15.8 -1.7 45.6
15.7 35.3 76.7
374.8 74.6 31.2 0.8 -6.5 39.5
2584.7 -322.7 -170.3 -58.9 -29.3 46.9
3081.6 -136.5 -94.6 -16 6.9 45.3
winner is: 9
