Regression analysis information for: KLH032e_0199
number of formants: 3
number of coeccicients: 5
3.3 11.8 22.3
491.5 -15.8 13.5 -4.9 -6 2.5
864.8 62.3 20.6 3.4 -11.8 -4.5
2889.6 -33 12.9 -23.7 -49 -3.7
3.6 10.9 21.2
491.5 -17 12.1 -6.4 -7.4 1.4
865.6 60.5 15.3 -3.4 -17.3 -7.6
2888.9 -27.9 17.1 -13.3 -38.3 -2.4
3.8 10.1 22.2
490.9 -18.1 10.4 -7.9 -8.7 0.7
864 57.4 9 -9.1 -21.4 -8.6
2896 -22.7 19.8 -11.5 -32.5 -2.3
3.6 9.7 24.2
490 -18.5 8.6 -8.4 -9.9 0.8
861 54.7 3.7 -12.2 -23.6 -7.8
2908.2 -20.6 23.6 -14.9 -26 -6.3
3.5 9.8 29.2
488.4 -19.9 6.8 -10.1 -10.7 0.5
856 48.9 -1.4 -16.7 -23.5 -6.6
2923 -15.2 22.9 -13.6 -24.8 -9.7
3.5 10.5 35.6
487.3 -22.1 5.4 -11.7 -11.3 0.5
852.6 42.4 -4.9 -19 -22.9 -4.4
2932.8 -1.9 19.5 -11.4 -26.3 -12
3.3 10.6 37
486.8 -23.3 4.9 -11.8 -10.8 0.5
849.7 37.8 -5.8 -16.9 -19.1 -3.3
2940.5 11.1 16.5 -18.3 -30.8 -8.7
3.2 10.8 38.4
486.4 -24.4 4.3 -12 -10.7 0.8
848.3 34.5 -6.2 -15.3 -16.7 -1.2
2944.6 20.1 11.5 -25.7 -34.9 -8.4
3 10 44.4
485.3 -25.7 4.1 -11.9 -10.4 0.6
844.4 30.1 -3.8 -10.7 -13.7 -1.9
2950.8 29.1 -1.9 -43.8 -46.6 -4.5
2.9 9.3 38.9
485.1 -27.7 4.5 -11.3 -9.3 1.1
842 25 -2.5 -5.8 -9.2 -0.5
2956.9 39.7 -7.2 -58.2 -57.5 -9.4
2.9 8.5 37.9
485 -29.6 5 -10.7 -8.1 1.5
840.8 21.5 -1.2 -1.8 -6 0.6
2929.8 3.7 -5.6 -31.5 -27.6 2.7
2.7 8.6 34.8
485.7 -30.6 6.2 -10.7 -8 1.7
841.3 20.7 0.1 -1.3 -6.8 0.3
2917.5 -8 8.4 -24.6 -29.4 4.5
2.5 8.4 31.9
486.6 -31.3 7.2 -10 -7.3 1.8
842.1 19.8 0.4 -0.2 -6.8 -0.1
2909.7 -16.8 23.7 -1.3 -15.6 4.1
2.5 8 27.9
487.8 -31.9 8.5 -9.8 -6.4 1.7
843.3 19.5 0.4 0.4 -7.1 -0.5
2915.7 -13.7 31.8 9.2 -6.8 0.1
2.5 7.6 21.3
489.3 -32.8 9.9 -9.3 -5.7 1.2
844.3 19.2 0.3 1.1 -7.5 -1.4
2918.2 -15.7 42 23.4 -3 -14.2
2.2 7.2 17.1
491.3 -33.1 11.9 -8.6 -4.5 1.2
845.5 18.7 -0.7 1.1 -8.6 -2
2932 -6.5 47.4 27.1 0.9 -15
2 6.7 14.6
493.9 -32.9 14.1 -7.8 -3.2 1.2
846.7 18.5 -2.6 0.3 -10.1 -2.6
2954.1 9.8 43.5 19.2 1.2 -14.7
2 6.4 14.3
496.4 -33.2 15.5 -7.3 -2.5 0.8
848 18.9 -4.6 -0.4 -11.2 -3.1
2976.6 23.2 30.8 3.1 -0.3 -11.8
2.3 5.9 15.7
499 -31.7 17.3 -6.2 -0.9 0.1
848.7 18.5 -7.8 -2 -13 -3.8
2998.6 40.6 18.4 -10.8 1.3 -8.4
2.1 5.7 14.3
502.2 -30.8 19.5 -5.4 0.4 0
849.3 18.5 -11.4 -4.1 -15.4 -4.4
3025 58.1 2.3 -36.3 -3.7 1.2
winner is: 20
