Regression analysis information for: KLH032a_1445
number of formants: 3
number of coeccicients: 5
8.6 15 15.4
440 97.4 -45.8 63.4 -17.9 13
2006.9 -116.9 -95.5 4.7 -40.2 -0.5
2999.2 6.7 12.9 -0.2 -5.4 -30.4
8.7 15.3 15
442.3 98.3 -46.5 63.2 -17.9 13.2
2004.5 -116.9 -93.9 4 -39.9 0
2993.2 2.4 8.8 -0.8 -6.5 -29.5
8.3 15.9 13.9
443.3 99.2 -47.4 63.7 -17.3 12.6
2003.9 -117.4 -92.4 2.6 -39.7 0.6
2988.1 -3.5 5.8 -1.7 -5.8 -26.5
7.8 16 14.6
442.7 99.4 -48.9 64.7 -16.8 12
2004.5 -116.3 -92.1 1.5 -39 -0.1
2988.6 -2.3 7.8 -1.5 -5.2 -26.6
7.2 15.9 15.7
440.9 99.5 -49.1 64.4 -16.3 11.4
2006.9 -117.3 -93 2.6 -39.7 0.2
2992.5 1.5 11.2 -0.2 -5.4 -28.1
6.6 16 17.1
437.4 100 -46.8 63.2 -15.9 10.3
2010.4 -119.5 -95.5 5.1 -41.3 1.2
2998.6 5.5 13.7 0.4 -6.4 -30.7
6.5 15.6 17.5
431.7 101 -43.1 63 -15 7
2014.6 -121.3 -98.6 7.6 -44.1 3.2
3004.8 8.4 14.2 0.1 -6.6 -29
5.8 15.9 17.8
426.3 101.3 -37.3 61.7 -16 4.9
2017.7 -123.1 -102.7 11 -46.4 5
3011 11.5 14.5 0.2 -6.8 -28.7
4.9 16 17.7
419.8 102.7 -31.1 58.8 -14.9 2.7
2019.9 -124.2 -107.1 15.2 -49.4 6.9
3017.1 16 13.8 -0.1 -8 -28.8
4.2 14.7 18.6
413.9 103.8 -25.2 56.4 -16.2 1.2
2018.3 -120.7 -112.3 17.4 -48.6 4.5
3022.4 22.1 12.9 1.4 -7 -28.8
4.3 15.6 19
410.4 104.1 -20.7 54.8 -16.8 0.6
2011.4 -114.3 -112.3 13.3 -43.2 1.4
3023.9 28.7 10 0 -6.4 -29.2
4.5 17.6 19.3
408 104.3 -18.3 53.7 -17.1 0.3
1997 -99.6 -108.6 1.9 -31.9 -5.7
3022.4 37 8.4 -1.2 -4.6 -31.1
4.4 25.6 20.3
406.4 104.5 -16.7 52.8 -17.3 0
1972.9 -76.8 -95.8 -22.7 -13 -18.5
3018.3 43.4 10.6 -4.6 -2.4 -33.5
4.6 32.4 21.2
405.6 104.7 -15.7 52.4 -17.6 -0.2
1955.6 -64.7 -81.8 -38.5 -5.1 -24.9
3013.9 46.6 16.2 -7.7 -2.7 -35.8
4.5 36.3 22.3
404.8 105 -15.6 52.1 -17.6 -0.4
1940.9 -52.8 -71.5 -52 2.2 -32.7
3008.9 49.4 22.6 -10.6 -2.3 -39.7
4.6 36.1 22.7
404.6 105.1 -15.5 52.2 -18.1 0
1938.4 -54.8 -63.6 -55.6 -1.9 -29.4
3007.4 47.1 28 -12.1 -4.3 -39.5
4.6 35.7 22.9
404.3 105.7 -15.9 52.7 -18.7 0.4
1938.9 -59.1 -57.7 -57.1 -6 -26.4
3007.6 43.5 33.4 -13.7 -5.8 -39.8
4.7 33.9 22.7
403.7 106.7 -17 53.6 -19.5 1
1942.9 -64.7 -53.6 -57 -10.4 -22.2
3009.9 39.5 37.7 -15.5 -6.1 -38.9
4.9 33 22.7
403.3 108.2 -18.4 54.9 -20.8 2
1950.4 -73.5 -52.9 -54.2 -14.7 -18.7
3014.2 35.1 40.1 -16.8 -5.8 -38.4
5.3 32.6 23
402.3 110.5 -20.7 57 -22.5 3.5
1958.8 -82.5 -53.5 -51.3 -17.1 -15.3
3019.2 30.3 41.5 -18.2 -4 -37.1
winner is: 10
