Regression analysis information for: KLH032a_2399
number of formants: 3
number of coeccicients: 5
24 13 7.7
637.6 320.5 3.3 -15.2 20.7 -26.3
1711.4 93 34.4 -109.1 47.9 11.7
2511.2 18.7 7 -18.5 -17 3.2
30.7 13.3 7.9
609.9 310 38.1 4.1 14.2 -33.6
1707.5 93.1 41.9 -112.4 47.6 13.1
2512.7 20.6 12.6 -16.2 -18.3 1.7
33.7 14.1 7.8
570.7 291.5 87 30.6 -1.8 -46
1701.1 93.5 51.8 -115.5 45.7 15
2511.9 20.9 19.5 -14.1 -21.5 0.3
36.1 12 7.9
534.8 269.9 118 47.8 -3.9 -38.6
1682.9 103.2 69.2 -125 43 15.9
2506.6 23.8 28.4 -11.4 -25 -2.8
43.1 10.5 7.9
512.3 242.8 116.2 56.1 6.3 -30.4
1669.9 106.1 85.6 -130 36.8 18.5
2502.1 23.8 36.3 -9.4 -28.5 -4.9
44.5 10.1 8.1
472.7 174.9 69 28.8 -4.3 -30.7
1656.8 108.8 97.6 -133.3 33.4 18.7
2495 19.7 40.8 -8.5 -31.8 -6.8
75.5 9.8 8.3
398.5 42.5 -31.2 -31.7 -32.2 -40
1647 111.8 104.4 -132.3 27.5 22.1
2488.5 16.9 41.2 -7 -35.3 -8
127.2 67.8 114.3
471.8 184.5 98.2 75.4 47.7 6.6
1690.6 214 186.8 -67.6 55.4 29.1
2569.3 180 179.7 97.1 16.2 -0.1
18.9 9.4 7.5
358.3 -30.8 -78.5 -47.3 -6.4 19.1
1634.6 121 99.8 -125.4 20.6 28.1
2477.1 9.5 33.1 -7.4 -41.5 -5.5
10.2 9.3 6.8
370.2 -8.1 -62.1 -38.2 -6.3 14
1632.1 122.2 96.9 -120.5 15.1 33.6
2472 3 26 -8.5 -45.3 -3.8
5.6 9.8 4.8
378.2 8 -50.7 -30.6 -4.1 12.2
1622.7 137.6 80.9 -113.2 12 38.2
2461.5 -3.4 10.3 -12.3 -49.5 -1.1
2.6 9.2 4.8
381.8 15.3 -46.8 -30.8 -7.5 7.5
1619 141 76.4 -112.5 16.4 36.9
2456.4 -8.4 5.8 -11 -43 1.8
1.8 10.2 5.5
383.2 18.3 -43.7 -28.8 -7.2 6.9
1621.1 141 71.9 -112.3 16.4 39.8
2456.5 -11.2 3 -12.5 -43.9 3.2
1.2 11.2 5.8
382.9 17.9 -42.9 -28.3 -7.3 6.5
1625.3 138 71.9 -115.8 19.7 42.3
2458.1 -12 4.8 -13.8 -42.8 4.6
0.9 8.9 5.4
386.7 23 -42.6 -29.9 -10 3.4
1619.3 138 75.4 -112.4 19.9 36.3
2454.7 -14.4 6 -12.2 -38.3 5.1
1 8.1 4.8
386.3 20.6 -43.9 -28.4 -8.7 2.6
1626.2 133.4 74.9 -116.2 22.7 36.4
2459.4 -13.8 6.4 -13.7 -37.4 5
1.5 8 4.7
389.4 24.6 -42.3 -27.9 -9.5 1
1630.3 126.9 75.5 -115.1 23.1 35.8
2462.6 -16.2 5.2 -13.3 -35.9 5.6
1.7 8.8 5.2
386.6 19.8 -44.5 -30.2 -11.7 0.3
1639.2 117.3 80.7 -119 23.6 38.7
2468.1 -13.9 9.5 -11.9 -37 5.4
2.3 10.1 5.5
382.4 12.3 -48.3 -32.9 -13.1 0.1
1648.8 107.3 86.6 -125.5 26.7 40.6
2472.9 -11.1 13.2 -12 -37.8 6.5
2.8 13.3 6.3
376 3.9 -49.9 -35.4 -15 0.8
1659.1 95 98.2 -137.8 29.7 47.7
2474.4 -6.9 19.4 -12 -40.9 6.9
winner is: 16
