Regression analysis information for: KLH032a_2943
number of formants: 3
number of coeccicients: 5
24.6 120.2 221.7
901.6 -24 41.2 -38.8 -11.7 3.7
1555.3 121.8 128.3 34.4 -35.2 -88.1
2178.5 222 303.5 68.2 -99.1 -13.1
41.1 125.8 243.2
896.2 -25.6 37.8 -52 16.8 5.7
1577 101.2 139.8 34.9 -53.8 -88.2
2245.4 116.2 416.3 27.9 -58.8 -0.4
21.7 51.5 149.4
922.7 -55.6 27.1 -26.9 -12.2 28.9
1644 -37.9 240 40.5 -109.2 -76.5
2383.1 -102.6 574.7 -27.4 -80.4 43.6
35.9 113.5 229.9
907.8 -82.2 35.5 -7 -22 13.6
1656.5 -33.8 211.4 31.9 -60.1 -35.2
2433.6 -88.2 468.3 -51.7 83.2 203
12.2 136.5 182.8
925 -94 -18.2 -28.7 9.5 43.6
1713.1 26 118.3 -92.6 -1.5 74
2474.2 -131.8 269.9 -153.3 250.7 462.8
9.6 93.9 176.4
927.5 -114 -43.7 -28.9 6.8 40.3
1765.2 17.1 75.3 -100.7 -41.9 117.4
2562.3 -176.9 134.9 -153.5 226.7 499.7
12.4 70.8 176.7
922.7 -133.9 -73.1 -42 -4.3 30
1804.8 13.4 -13 -65.9 39.7 37.4
2642.2 -280 -91.9 -35.5 314.9 312.6
14.6 21.7 105.6
920.3 -149.9 -96 -48.3 -11.1 19.6
1834.7 -19.3 -45.3 -10.1 8.5 3.9
2655.6 -464.6 -271.3 1.2 160.3 157
13.8 25.7 94.7
920.2 -157.5 -109.6 -49.2 -12.6 16
1832.1 -24.4 -48.3 -9.5 9.2 3.7
2638.3 -497 -300.8 -34.7 128.2 133.7
13.6 3 96
924.1 -154.8 -116 -47.9 -13.6 12.5
1842.6 -13.2 -57.1 -32 -12.1 -1.2
2683.6 -437.9 -307 -102.1 59.5 116.6
12.9 3.5 90.8
925.1 -153.7 -122.1 -48.3 -16.5 6.9
1841.3 -16.4 -61.5 -34.3 -14.4 -2.9
2692.2 -426.1 -298.6 -102.2 54.5 111.8
12.1 3.4 86.5
922.3 -149 -117.9 -48 -23.3 2.7
1840.6 -16.8 -63 -34.9 -15.9 -4.1
2704.2 -411.4 -291.1 -98.2 54 107.6
10.5 4.2 85.5
922.1 -141.7 -117.8 -45.8 -20 -5.4
1841.4 -14.1 -62.7 -34 -15.6 -5.7
2715.1 -396.4 -280.6 -93.6 51.1 105.2
11.2 5.5 87.7
918 -132.7 -111.8 -48.7 -24.8 -14
1840.7 -12.7 -63.5 -35 -17.4 -8.7
2723.3 -386 -272.6 -83.3 56.5 106.4
11.9 5.5 95.9
917.2 -120.5 -104.9 -45.9 -28.7 -28.3
1841.6 -7.5 -60.9 -32.4 -16.7 -10.6
2755.6 -341.4 -273.4 -122.3 3.5 77.7
16 5.5 53.6
907.2 -103.6 -90.3 -53.7 -27.5 -40.3
1840.3 -1.9 -57.4 -32.1 -14.2 -12.5
2827.6 -226.3 -241.2 -171.2 -116.7 -54.6
18.4 4.9 53
899.2 -86.5 -69 -56.8 -35.9 -54
1839.1 4.5 -51.3 -29.9 -12.8 -14.5
2862.7 -160.7 -202.8 -157.5 -136.4 -100.3
21.7 4.6 68.9
897.5 -72 -52.4 -54.4 -40.1 -62.5
1838.8 10.1 -45.2 -26.5 -11.4 -15.8
2890.3 -103.8 -161.5 -130.3 -132.1 -117.2
23.7 4.8 68.8
893.1 -59.2 -37.8 -59.7 -42.5 -64.1
1837.2 14.6 -40.5 -26.9 -9.9 -16.2
2888.7 -100.3 -160.1 -131.5 -132.9 -122.8
24.8 49.1 96.4
894.6 -47.4 -26.6 -57.5 -39.9 -65.1
1812 -30.7 -86.4 -73.4 -55.3 -60.5
2898.2 -76.6 -141.6 -122.9 -132.2 -134.3
winner is: 16
