Regression analysis information for: KLH032e_1108
number of formants: 3
number of coeccicients: 5
5.8 8.1 10.3
711 -29.9 -34.5 -26.8 -7.9 -9.7
1941.3 89.2 -89.7 -13.5 -7.3 5.8
2530.3 43.1 36.8 -10.4 20.9 5.4
5.9 8.2 9.8
711.9 -31.4 -35.6 -29.2 -7.3 -10.5
1942.4 89.7 -88.5 -12.7 -7.4 5.8
2534.2 42.2 38.5 -8.6 20 5.4
5.8 8.2 9.6
711.1 -32.6 -37.1 -31.6 -6.7 -10.8
1944 89.3 -87.5 -12 -7 5.4
2540.1 41 39.6 -8 19.6 4.6
5.8 8.2 9.6
709.8 -32.9 -38.1 -34 -6.2 -11.2
1945.7 90 -85.8 -12 -6.6 5.1
2546.7 38.9 40.9 -8.5 20.1 4.2
6 8.2 9.4
706.2 -31.5 -40.8 -35.5 -5.5 -11.8
1947.7 89.7 -84.3 -12.2 -6.1 4.4
2554.1 36.1 42.6 -10.3 20.6 3.5
5.7 8.4 9.6
702.1 -31.3 -42.2 -37.5 -3.8 -13.1
1949.5 89.6 -83.6 -12.2 -5.8 4
2560.6 35.3 42.5 -11.7 20.3 3.4
5.7 8.6 9.9
697.2 -29.6 -44.2 -37.8 -3.1 -13.6
1951.1 89.9 -82.7 -12.8 -5.6 3.3
2566.8 33.2 43.1 -14.6 20.9 2.9
5.8 9.2 10.5
691.8 -28.2 -47.1 -37.7 -2.7 -14
1952.3 88.8 -83 -13.8 -5.8 1.9
2571.5 31.6 42.8 -17.9 21.2 1.5
5.8 9.6 11.1
685.8 -25.2 -50.1 -36 -2.6 -13.7
1952.9 88.3 -83.1 -15.1 -5.9 0.8
2574.7 29.9 42.3 -21.8 21.7 0.2
5.3 10 12.1
679.3 -23 -53 -33.5 -2.6 -12
1952.6 87.6 -84.2 -17 -6.7 -0.6
2574.7 26.6 40.6 -27 21.6 -0.9
5.1 11.2 13.9
673 -21.4 -56.9 -31.5 -3.9 -10.9
1949.9 82.5 -89.2 -21.5 -10 -3
2568.9 18.9 34 -35.6 19.7 -3.7
4.6 11.1 13.9
667.2 -17.5 -58.7 -27.2 -5.1 -10.1
1947.2 80.8 -92.3 -23.6 -10.8 -3.7
2559.9 14.6 32.4 -37 21 -4.5
4.2 10.6 14.7
663.4 -15.5 -60.5 -24.2 -5.5 -8.7
1944.1 78.2 -95.8 -24.9 -11.6 -3.3
2549 9.1 30.5 -33.8 26.2 -2
4.1 9.7 13.8
658.9 -11.8 -63.7 -21.2 -6.8 -7.7
1938.7 77.1 -101.6 -24.4 -12.3 -1.8
2529 14.8 23.4 -26.5 31.1 1.1
3.4 10.6 19.3
655.9 -9.5 -65.1 -18 -9.2 -5.5
1931.6 76.9 -109.3 -20.8 -16.4 4.3
2505.6 20 14.2 -3.2 19.3 18.9
3.4 12 22.5
653.7 -7.9 -66.7 -16.2 -9.5 -5
1925.7 80.7 -115.3 -14.9 -17.4 9.1
2487.1 33.8 5.7 14 21.5 23.6
3.2 10.2 18.8
653.9 -8.7 -65.1 -16.3 -9.3 -5.3
1926.7 77.9 -110.7 -15.5 -15 8.3
2488.9 24.7 21.5 12.4 21.1 18.6
3.3 9.4 13.7
652.4 -6.4 -66.3 -15 -9.9 -5.2
1920.1 82.5 -116.6 -10.4 -16.9 11.3
2474.4 38.8 12.8 23.8 17.1 17.4
3.2 9 13.1
653.1 -7.7 -65.5 -15.2 -10.3 -5.1
1922.9 81 -111.5 -9.7 -16.1 11.9
2482.2 32.7 24.3 22.2 12.9 18.3
3.1 8.9 11
653.1 -6.9 -66 -15.4 -10.6 -5
1923.7 86.1 -110.5 -8.2 -16.4 12.8
2485.7 41.6 23 19.8 11.4 19.1
winner is: 20
