KLH013b_1010 analysis information:
Number of steps:
20
Cutoff frequencies were: 
5200 5253 5305 5358 5411 5463 5516 5568 5621 5674 5726 5779 5832 5884 5937 5989 6042 6095 6147 6200
Number of coefficients for prediction: 
5
Number of formants: 
3
Winner is:
5200 5200 5200
Errors (total,f1,f2,f3): 
63.2 69.1 70.9 104.9 108.6 132.7 134.9 146.6 149.2 141.9 141.5 142.4 150.4 131.3 104.6 102 102.3 87.6 83.4 73.7
31 34.3 36.4 39.8 45.6 57.6 65.8 66.7 62.8 58.1 70.6 75.5 87.7 80.2 56.6 54.4 53.6 46 43.6 39.2
17.9 20 20.8 22 12.2 18.8 20.1 22.3 25.8 27 27.4 27.5 27.1 25.2 24 25.7 26.3 26.3 26.5 25
14.3 14.8 13.7 43.1 50.8 56.3 49 57.6 60.6 56.8 43.5 39.4 35.6 25.9 24 21.9 22.4 15.3 13.3 9.5
Coefficients are (row-wise by formant):
1092.2 -76.6 -94.7 -15.5 -60.4 -6.6
1779.3 74.3 69.7 6.1 -15.5 6.2
2849.6 -68.1 23.4 1.8 24.9 19.6
