KLH013b_0173 analysis information:
Number of steps:
20
Cutoff frequencies were: 
5200 5253 5305 5358 5411 5463 5516 5568 5621 5674 5726 5779 5832 5884 5937 5989 6042 6095 6147 6200
Number of coefficients for prediction: 
5
Number of formants: 
3
Winner is:
5200 5200 5200
Errors (total,f1,f2,f3): 
21.8 29 34.1 46.2 63.1 51.2 43.2 28.6 22.5 24.3 38.3 69.4 61.5 68.2 59.7 76.4 106.4 169.7 198 184.7
1.3 1.8 2.1 2.4 3 2.8 2.9 2.7 2.6 2.4 2.1 1.9 1.7 1.6 1.6 1.7 1.5 1.6 1.5 1.4
10.9 13.8 14.5 18.8 24.9 18.7 14.1 10.6 9.4 8.2 7.2 7 6.5 6 6.1 13.6 27.7 27.1 21.7 19
9.6 13.4 17.5 25 35.2 29.7 26.2 15.3 10.5 13.7 29 60.5 53.3 60.6 52 61.1 77.2 141 174.8 164.3
Coefficients are (row-wise by formant):
746.5 24.3 -18.7 -1.5 -7.7 3.5
1346.5 -25.1 75.8 -17.9 12.8 8.7
2606.1 60.4 -26.8 -16.5 -22.8 15.7
