KLH013b_0057 analysis information:
Number of steps:
20
Cutoff frequencies were: 
5200 5253 5305 5358 5411 5463 5516 5568 5621 5674 5726 5779 5832 5884 5937 5989 6042 6095 6147 6200
Number of coefficients for prediction: 
5
Number of formants: 
3
Winner is:
5989 5989 5989
Errors (total,f1,f2,f3): 
213.5 121.8 126.6 153.5 376.3 530.9 272.4 151.7 37.9 35.9 34.5 34 33.3 33.5 33.3 33.1 33.9 34.4 36.5 38.7
10.3 11.1 11 11 28.2 36 9.1 7.6 6.5 5.7 5.2 5 4.9 4.9 4.8 4.2 4.6 5 6.3 7.1
85.8 77.2 78.9 91.8 195.9 139.4 16.3 15.2 15.4 15.3 15.2 15.3 15.1 15.1 15.1 15.1 15 14.6 14.5 14.1
117.4 33.5 36.7 50.7 152.2 355.5 247 128.9 16 14.9 14.1 13.7 13.3 13.5 13.4 13.8 14.3 14.8 15.7 17.5
Coefficients are (row-wise by formant):
664.7 -71.6 -63.4 -19.1 1.3 6.8
1550.4 -320.1 -53.7 -21.9 17.7 5.2
2997.5 151.4 -11.3 11.4 -28 28.5
