KLH013c_0064 analysis information:
Number of steps:
20
Cutoff frequencies were: 
5200 5253 5305 5358 5411 5463 5516 5568 5621 5674 5726 5779 5832 5884 5937 5989 6042 6095 6147 6200
Number of coefficients for prediction: 
5
Number of formants: 
3
Winner is:
6200 6200 6200
Errors (total,f1,f2,f3): 
524.5 613.6 406.6 159 149.9 81 82 84.9 86.6 89.8 91.8 93.9 94.1 90.7 87.3 83.3 80.3 79.9 77.3 73.4
75.8 69.8 47.3 46.2 44.9 44.9 45.5 48 48.6 50.7 51.7 53.1 52.4 48.6 44.8 41.4 38.5 38.4 37.6 36.5
152 187.4 124.1 17 17.3 17.2 17.3 17.6 18 18.3 18.5 18.2 18.1 17.5 16.9 15.8 15 14.5 14.1 13.3
296.7 356.4 235.2 95.8 87.7 18.9 19.2 19.3 20 20.8 21.6 22.6 23.6 24.6 25.6 26.1 26.8 27 25.6 23.6
Coefficients are (row-wise by formant):
689.7 -39 1.4 90.6 -86 -32.1
1725.1 65.2 -4.8 20.7 -17.1 -35.7
2975 48.8 -12.9 -5.3 -4.1 -29.6
