KLH013b_1285 analysis information:
Number of steps:
20
Cutoff frequencies were: 
5200 5253 5305 5358 5411 5463 5516 5568 5621 5674 5726 5779 5832 5884 5937 5989 6042 6095 6147 6200
Number of coefficients for prediction: 
5
Number of formants: 
3
Winner is:
6042 6042 6042
Errors (total,f1,f2,f3): 
29.2 36.2 38.2 34 31.8 31.1 30.1 30.3 29.1 45.4 37.3 37.1 44.9 36.5 28.6 28.4 28.3 29.4 51.3 51.4
5.7 5.9 5.9 6 5.9 5.8 5.7 5.8 5.7 5.4 5.4 5.2 5.1 5.1 5 4.8 4.8 4.6 4.3 4.6
7.2 7.1 6.9 6.6 6.3 5.8 5.8 5.6 5.5 5.6 5.7 5.7 5.7 5.9 6.1 6.2 6.4 6.9 7.5 7.6
16.3 23.2 25.4 21.4 19.6 19.5 18.6 18.9 17.9 34.4 26.2 26.2 34.1 25.5 17.5 17.4 17.1 17.9 39.5 39.2
Coefficients are (row-wise by formant):
479.2 -21.4 -37.5 5.2 -7.2 8.8
2463.7 95 -12.4 51 -11.4 16.8
3163.9 -21.9 -29 -12.1 -9.5 26.5
