KLH013b_0686 analysis information:
Number of steps:
20
Cutoff frequencies were: 
5200 5253 5305 5358 5411 5463 5516 5568 5621 5674 5726 5779 5832 5884 5937 5989 6042 6095 6147 6200
Number of coefficients for prediction: 
5
Number of formants: 
3
Winner is:
6200 6200 6200
Errors (total,f1,f2,f3): 
10471.1 608.8 638.9 583 292.5 72.7 72.8 73.7 74.7 76.3 77.4 78.1 78 76.9 77.1 78.5 77.3 75.7 73 68.6
18.8 27.8 29 19.8 17.9 18.8 19.7 20.9 22 23 24.3 25.2 26.3 26.7 27 27.4 26.7 25.9 25.3 24.4
77.9 70.2 103.9 59.2 46.4 30.5 30.3 30.3 29.9 30.4 30.1 29.5 28.3 26.6 25.8 26.4 25.4 24.6 23.4 22
10374.4 510.8 506 504 228.2 23.4 22.8 22.5 22.8 22.9 23 23.4 23.4 23.6 24.3 24.7 25.2 25.2 24.3 22.2
Coefficients are (row-wise by formant):
655.4 100.6 -63.2 18.8 -32 -16.7
1204.6 -3.3 -7.4 -61.6 -41 -32.2
3029.1 46.2 -55.3 -9.9 -24.8 11.9
