KLH013d_0212 analysis information:
Number of steps:
20
Cutoff frequencies were: 
5200 5253 5305 5358 5411 5463 5516 5568 5621 5674 5726 5779 5832 5884 5937 5989 6042 6095 6147 6200
Number of coefficients for prediction: 
5
Number of formants: 
3
Winner is:
5937 5937 5937
Errors (total,f1,f2,f3): 
247.9 262.4 263.4 274.6 282.5 326.3 357.5 407.7 332.4 289.7 223.3 183.3 139.6 138.6 137.2 155.4 159.5 167.8 174.5 211.2
36.4 32.7 35.1 54.1 53.7 46.6 48.6 55.2 44.8 43.4 42.3 42.9 45.9 47.8 48.3 59.1 57.5 56.4 54.1 57.8
28.4 37.1 29.1 39.9 36.2 56.6 56.2 78 49.2 38 33.3 22.1 19.2 20.4 21.9 26.6 28.5 36.4 38.1 57.4
183.1 192.6 199.2 180.6 192.6 223.1 252.7 274.5 238.4 208.3 147.7 118.3 74.5 70.4 67 69.7 73.5 75 82.3 96
Coefficients are (row-wise by formant):
1072.8 -2.6 -119.1 -88.6 -50.9 -50.8
1725.9 81.3 14.2 -5.5 -31.1 6.1
3039.5 -123.3 83.5 23.3 -111 37.5
