KLH013b_0485 analysis information:
Number of steps:
20
Cutoff frequencies were: 
5200 5253 5305 5358 5411 5463 5516 5568 5621 5674 5726 5779 5832 5884 5937 5989 6042 6095 6147 6200
Number of coefficients for prediction: 
5
Number of formants: 
3
Winner is:
6200 6200 6200
Errors (total,f1,f2,f3): 
435.9 38.3 30 21.4 21.7 21 23.4 23.5 25.1 30.3 34.1 37.5 35.2 35.7 36.2 35.9 31.7 29.2 25.8 20.2
22.2 2.2 2.2 2 2 1.9 2.2 2.3 2.3 2.7 3.1 3.6 2.4 2.5 2.9 2.9 2.7 3 2.7 2.5
94.9 19 17.5 15.5 15.9 15.8 17.7 17.8 19.5 23.8 27 29.5 28.7 28.9 28.3 27.5 23.6 20.5 17.5 12.4
318.8 17.1 10.3 3.9 3.8 3.3 3.5 3.4 3.3 3.8 4 4.4 4.1 4.3 5 5.5 5.4 5.7 5.6 5.3
Coefficients are (row-wise by formant):
692.7 106.1 -33.6 21.3 -7.3 10.1
1352 209 -39.5 1.7 3.7 -14.7
2884.5 -102.6 -7.4 16.4 -35.9 0.6
