KLH013b_0459 analysis information:
Number of steps:
20
Cutoff frequencies were: 
5200 5253 5305 5358 5411 5463 5516 5568 5621 5674 5726 5779 5832 5884 5937 5989 6042 6095 6147 6200
Number of coefficients for prediction: 
5
Number of formants: 
3
Winner is:
6200 6200 6200
Errors (total,f1,f2,f3): 
106 99.5 296.4 293.9 281.6 319.8 249.6 206.6 237.1 102.1 20.9 20.8 20.3 19.9 19.4 18.9 18.1 18 17.9 17.8
2.5 2.5 2.6 2.4 2.3 2.2 1.9 1.8 1.6 1.6 1.5 1.6 1.5 1.4 1.5 1.4 1.3 1.3 1.2 1.2
16.3 17.1 43 45.5 38.8 83 15.4 15.9 49.7 13.7 13 12.3 11.7 11.4 11 10.6 10.2 10.1 9.8 9.5
87.2 79.9 250.8 246 240.5 234.6 232.3 188.9 185.8 86.8 6.4 6.9 7.1 7.1 6.9 6.9 6.6 6.6 6.9 7.1
Coefficients are (row-wise by formant):
442.3 -2.8 -21.2 -7.2 -7.3 0.8
1655.7 -270.5 -16.2 40.9 53.8 14.9
2888.9 -5.6 7.2 6.6 29 26.7
