KLH013b_0880 analysis information:
Number of steps:
20
Cutoff frequencies were: 
5200 5253 5305 5358 5411 5463 5516 5568 5621 5674 5726 5779 5832 5884 5937 5989 6042 6095 6147 6200
Number of coefficients for prediction: 
5
Number of formants: 
3
Winner is:
5516 5516 5516
Errors (total,f1,f2,f3): 
22.1 22.3 22.4 21.9 21.8 21 20.4 21 29.9 34 26.4 22.9 20.7 24.8 28.3 29.2 28.1 26 24.5 24.1
7.3 7.5 7.5 7.4 7.1 6.4 5.8 6.3 15.1 19.1 11.4 7.9 6 5.2 5 4.8 4.6 4.7 4.7 4.7
6.6 6.8 6.9 6.7 6.6 6.6 6.8 7 7.1 7.3 7.3 7.2 6.8 6.6 6.6 6.2 5.6 5 4.9 5.7
8.2 8 8 7.8 8.1 8 7.8 7.7 7.7 7.6 7.7 7.8 7.9 13 16.7 18.2 17.9 16.3 14.9 13.7
Coefficients are (row-wise by formant):
528.3 56.5 4 -7.2 16.1 5.7
2065.9 -232.3 -39 -9.1 -17.6 3.9
2780.9 7.8 13.8 -11.9 17.4 21.3
