KLH013b_1258 analysis information:
Number of steps:
20
Cutoff frequencies were: 
5200 5253 5305 5358 5411 5463 5516 5568 5621 5674 5726 5779 5832 5884 5937 5989 6042 6095 6147 6200
Number of coefficients for prediction: 
5
Number of formants: 
3
Winner is:
5568 5568 5568
Errors (total,f1,f2,f3): 
125 162.6 163.8 215.4 176.6 207.6 167.1 65.1 67 69.8 74.8 76.7 79.4 79.2 78 78.4 76.2 77 77.1 76.7
13 13.7 14.8 15.7 16.3 17 17.8 19 20.3 21.6 22 22.3 22.9 21.1 18.9 18.4 16.6 15.2 14.1 12.4
33.2 29.8 31.1 45.7 29.4 60.6 47.8 12.8 13.7 15.4 19.1 19.2 19.5 19.8 19.7 19.3 19.3 19.7 19.2 17.8
78.8 119.1 117.9 154 130.9 130 101.5 33.3 33 32.8 33.7 35.2 37 38.3 39.4 40.7 40.3 42.1 43.8 46.5
Coefficients are (row-wise by formant):
775.5 -15.3 -115.1 -6.5 4.4 24.8
1693.3 144 -11 76.3 -10.6 23.1
2986.3 4 -57.3 112.1 42 -18.6
