KLH013b_1395 analysis information:
Number of steps:
20
Cutoff frequencies were: 
5200 5253 5305 5358 5411 5463 5516 5568 5621 5674 5726 5779 5832 5884 5937 5989 6042 6095 6147 6200
Number of coefficients for prediction: 
5
Number of formants: 
3
Winner is:
5884 5884 5884
Errors (total,f1,f2,f3): 
58 62.7 59.9 63.5 71.9 85.2 88.3 43.7 26.7 23.1 26.1 22.8 26 22.3 25.4 22.5 39 36.7 318.9 281
41.3 41.6 36.5 43.8 49.5 63.8 66.5 24.1 3.3 2.4 2.9 3 4.6 5.1 8.7 7.9 25.1 25.6 70.8 59.9
12.2 15.3 18.3 15.6 16.1 16.4 14.6 12.8 11.9 9.8 10.3 9 9.4 8.1 8.1 7.4 7.7 6.9 156.8 140.3
4.5 5.8 5.1 4.1 6.3 5 7.2 6.8 11.5 10.9 12.9 10.8 12 9.1 8.6 7.2 6.2 4.2 91.3 80.8
Coefficients are (row-wise by formant):
443.4 -27.4 -26.6 28.8 11 3.9
1144.2 28.8 15 -34.5 29.7 6.2
2940.8 -18.2 -60.3 -23.3 2.9 13
