KLH013b_0801 analysis information:
Number of steps:
20
Cutoff frequencies were: 
5200 5253 5305 5358 5411 5463 5516 5568 5621 5674 5726 5779 5832 5884 5937 5989 6042 6095 6147 6200
Number of coefficients for prediction: 
5
Number of formants: 
3
Winner is:
5884 5884 5884
Errors (total,f1,f2,f3): 
447.2 449.7 519.7 571.3 615.7 599.5 622.9 696.5 631.3 303.4 161.8 117.9 111.7 111.2 112.8 121.3 122.7 124.3 128.2 131.4
8.9 8.8 8.8 9.7 10 9.7 10.3 11.7 10.5 10.8 11.2 11.4 11.7 11.8 11.8 11.4 10.5 9.2 8.6 8.2
344.6 345.4 380.5 410.9 435.3 421.3 449.2 503.3 455.7 184.3 62.5 40.6 38.4 38.8 39.5 41.7 43.6 46.9 51.7 54.6
93.7 95.5 130.4 150.7 170.4 168.5 163.4 181.5 165.1 108.3 88.1 65.9 61.6 60.6 61.5 68.2 68.6 68.2 67.9 68.6
Coefficients are (row-wise by formant):
290.3 -19.6 35.2 -19.3 -28 -11.5
2678.6 35.1 31.8 -59.8 -92.1 5.1
3277.5 34.5 -101.5 42.4 -49.2 13.4
