KLH013b_0871 analysis information:
Number of steps:
20
Cutoff frequencies were: 
5200 5253 5305 5358 5411 5463 5516 5568 5621 5674 5726 5779 5832 5884 5937 5989 6042 6095 6147 6200
Number of coefficients for prediction: 
5
Number of formants: 
3
Winner is:
5305 5305 5305
Errors (total,f1,f2,f3): 
92.4 129.3 14.2 16.7 15.7 19.6 19 25.3 42.6 63.2 75.9 72.9 55 40.5 35.4 39.1 33.8 36.6 46.6 35.3
3.8 3.6 3.5 4.3 3.9 4 4.8 5.1 5 3.8 3.5 3.5 3.1 3.1 3 3 3 2.9 2.9 2.8
5 25.7 5 5 5.3 5.5 5.7 6.3 6.6 6.8 7.5 7.9 7.2 7.4 7.2 6.9 6.5 6.2 5.9 5.5
83.6 100 5.7 7.4 6.5 10.1 8.5 13.9 31 52.6 64.9 61.5 44.7 30 25.2 29.2 24.3 27.5 37.8 27
Coefficients are (row-wise by formant):
490.3 -132.9 15.3 25.1 -20.1 -12.3
1526.8 93 -21.2 0.3 8.6 4.9
2830.1 -182.5 76.8 37.7 -26.3 31.4
