KLH013b_0908 analysis information:
Number of steps:
20
Cutoff frequencies were: 
5200 5253 5305 5358 5411 5463 5516 5568 5621 5674 5726 5779 5832 5884 5937 5989 6042 6095 6147 6200
Number of coefficients for prediction: 
5
Number of formants: 
3
Winner is:
5989 5989 5989
Errors (total,f1,f2,f3): 
208.1 210.7 210.4 206.1 222.1 191.5 266.1 378.6 337.3 381.1 226.3 173.4 118.3 67.7 54 53.5 53.7 54.4 55.3 56.6
11.6 11.6 12 12.3 12.4 12.4 12.6 12.1 9.9 23.2 8.7 8.4 8.4 8.3 8.3 8.5 8.6 8.7 8.8 8.6
96.4 92.4 88.5 85.8 90.4 59.3 164.7 255.6 208.7 223.9 90.7 62.2 34.3 34.3 33.5 33 33.2 33.4 34.1 35.1
100.1 106.7 109.9 108 119.3 119.8 88.8 110.9 118.7 134 126.9 102.8 75.6 25.1 12.2 12 11.9 12.3 12.4 12.9
Coefficients are (row-wise by formant):
526 -42.7 -1.8 -42.1 -8.5 -14.9
2387.3 -37.9 -137.5 5.6 -15.3 -25.5
3021.1 8.3 -96.5 -31.4 -18.3 -33.5
