KLH013b_1119 analysis information:
Number of steps:
20
Cutoff frequencies were: 
5200 5253 5305 5358 5411 5463 5516 5568 5621 5674 5726 5779 5832 5884 5937 5989 6042 6095 6147 6200
Number of coefficients for prediction: 
5
Number of formants: 
3
Winner is:
5200 5200 5200
Errors (total,f1,f2,f3): 
65.6 65.9 67.6 68.7 70.3 72.4 76.4 80.6 85.4 89.9 92.3 91 90.2 86.4 82.8 78.5 74.5 73.3 72.7 66.8
29.3 31.2 34 36.4 39.4 41.4 44.7 48.1 52.1 55.1 56 53.4 51.1 45.6 40.2 34.4 27.4 25.9 23.8 21.4
12.5 12.4 12.5 12.7 12.9 13.3 13.8 14.3 14.9 15.6 16.4 16.4 16.4 16.2 15.8 15.1 13.9 12.8 12 11.3
23.8 22.3 21.1 19.6 18 17.7 17.9 18.2 18.4 19.2 19.9 21.2 22.7 24.6 26.8 29 33.2 34.6 36.9 34.1
Coefficients are (row-wise by formant):
750.3 86.5 -84.5 15.3 -55.1 6.4
1668.6 -251.8 -63.7 -24.8 -37.7 2.9
2914.6 -1.4 125.9 2.9 0 8.1
