KLH013b_0505 analysis information:
Number of steps:
20
Cutoff frequencies were: 
5200 5253 5305 5358 5411 5463 5516 5568 5621 5674 5726 5779 5832 5884 5937 5989 6042 6095 6147 6200
Number of coefficients for prediction: 
5
Number of formants: 
3
Winner is:
5726 5726 5726
Errors (total,f1,f2,f3): 
171.7 123.4 44.2 45.3 46.3 46.9 47.9 47.5 46.5 45.1 44 66 47.4 56.2 59.3 53.3 45.1 47.7 49.2 48.5
5.8 6.1 6.5 6.8 7.2 7.4 7.9 8.1 8.1 7.7 7.9 8 8 7.5 5.7 5.6 4.9 4.9 4.6 4.6
83.5 62.5 16.5 16.6 16.9 16.9 16.6 16.3 15.6 15.2 13.9 14.2 14.1 13.6 14.1 14.6 16.1 17.4 19 19.2
82.4 54.8 21.2 21.9 22.2 22.6 23.4 23.1 22.8 22.2 22.2 43.8 25.3 35.1 39.5 33.1 24.1 25.4 25.6 24.7
Coefficients are (row-wise by formant):
488.1 -118.9 22.7 -14.9 11.2 -9.4
2420.2 104 -73.7 41.5 -19.2 15
3074.3 148.8 13 0.6 -22.1 -0.2
