KLH013b_0652 analysis information:
Number of steps:
20
Cutoff frequencies were: 
5200 5253 5305 5358 5411 5463 5516 5568 5621 5674 5726 5779 5832 5884 5937 5989 6042 6095 6147 6200
Number of coefficients for prediction: 
5
Number of formants: 
3
Winner is:
6095 6095 6095
Errors (total,f1,f2,f3): 
160.4 159.8 222.9 143.7 141.9 85.5 39.5 33.2 30.6 29.1 27.6 26 24.8 24.3 23.4 23.2 22.6 22.4 22.8 22.9
16.3 16.2 17.1 15.7 13.8 12.2 10.8 10 9.5 9.3 9.2 9.1 9.1 9.1 9 9 8.9 8.8 8.7 8.4
80.9 81.8 136.1 68.6 53.2 13.4 12.5 12.1 11.4 10.9 10.2 9.2 8.5 8.2 7.6 7.6 7.3 7.3 7.7 8
63.2 61.8 69.7 59.4 74.9 59.9 16.2 11.1 9.7 8.9 8.2 7.7 7.2 7 6.8 6.6 6.4 6.3 6.4 6.5
Coefficients are (row-wise by formant):
310.6 3.2 12.1 -5.5 16.5 8.9
2340.7 -122.1 -57.7 -51.8 5.9 4.6
2929.4 -46.2 -12.4 -23 -11.3 -20.7
