KLH013b_0766 analysis information:
Number of steps:
20
Cutoff frequencies were: 
5200 5253 5305 5358 5411 5463 5516 5568 5621 5674 5726 5779 5832 5884 5937 5989 6042 6095 6147 6200
Number of coefficients for prediction: 
5
Number of formants: 
3
Winner is:
6147 6147 6147
Errors (total,f1,f2,f3): 
83.7 78 90 97.2 197.1 54.6 52.9 54 54.5 53.1 252.5 251.7 51 52.7 46.5 45.7 43.5 42.7 40.7 41.6
28 28.3 27.9 26.5 34.8 23.2 22 22 22.8 21.4 101.9 101.2 19.9 20.9 14 12.7 10 8.6 6.9 6.2
7.7 10.5 10.6 9.2 90 11.3 11.2 11.5 11.4 11.4 64.7 64.8 11.3 11.7 11.3 11.3 11.1 10.9 10.5 10.7
48 39.2 51.5 61.5 72.3 20.1 19.7 20.5 20.3 20.3 85.9 85.7 19.8 20.1 21.2 21.7 22.4 23.2 23.3 24.7
Coefficients are (row-wise by formant):
596.1 -69 -112.9 -14.2 -44.4 -18.6
2019.2 -218 41.8 7 33.6 -9.3
2935.9 -75.8 -27.8 27.8 26.9 -6.5
