KLH013b_0794 analysis information:
Number of steps:
20
Cutoff frequencies were: 
5200 5253 5305 5358 5411 5463 5516 5568 5621 5674 5726 5779 5832 5884 5937 5989 6042 6095 6147 6200
Number of coefficients for prediction: 
5
Number of formants: 
3
Winner is:
5621 5621 5621
Errors (total,f1,f2,f3): 
139.6 100.8 91 131.5 150.8 154.7 35 33.2 30.6 34.2 34.5 30.7 34.5 34.9 36.5 39 37.6 35.8 35.2 33.3
4.1 4.3 4.6 5 5.3 5.7 5.8 6 6.3 6.1 6.8 6.3 6.2 6.7 6.5 6.8 6.5 6.3 6.3 6.4
19.8 18.7 17.9 17.6 17 16 15.9 15.1 13.6 17 14.5 12.5 15.1 13.4 12.8 13.9 12.6 13.9 13.6 13.4
115.7 77.8 68.5 108.9 128.5 133 13.3 12.1 10.7 11.1 13.2 11.9 13.2 14.8 17.2 18.3 18.5 15.6 15.3 13.5
Coefficients are (row-wise by formant):
493.7 70.9 -22.5 38.9 -9 -13
1371.9 -27.3 75.6 -72.5 35.6 18
3007.7 111.6 -54.5 18.2 3.3 -36.6
