KLH013b_0184 analysis information:
Number of steps:
20
Cutoff frequencies were: 
5200 5253 5305 5358 5411 5463 5516 5568 5621 5674 5726 5779 5832 5884 5937 5989 6042 6095 6147 6200
Number of coefficients for prediction: 
5
Number of formants: 
3
Winner is:
6095 6095 6095
Errors (total,f1,f2,f3): 
173.6 125.1 171.1 33.4 144.9 148.9 127.6 111 110.7 28.6 91.4 32.9 31 30 28.8 27.6 27 26.7 27.4 29.2
7.2 7.4 14.4 7.9 8.1 8.2 8.3 8.4 7 7.3 7 7.3 7.4 7.6 7.9 8.2 8.4 8.4 8.4 8.4
104.7 74.1 113.1 10.5 81.4 77.7 66 48.8 46.8 7.7 17.8 7.4 7.4 7.4 7.3 6.6 6.1 5.3 5.1 5.2
61.7 43.6 43.6 15 55.4 63 53.3 53.8 56.9 13.6 66.6 18.2 16.2 15 13.6 12.8 12.5 13 13.9 15.6
Coefficients are (row-wise by formant):
449.4 -23.7 -7.7 -1.2 -4.9 6.2
2280.1 21.4 -54.2 7.4 -16.5 -3.1
2933.5 -9.1 4.7 -30 -10.9 -11.9
