KLH013b_0676 analysis information:
Number of steps:
20
Cutoff frequencies were: 
5200 5253 5305 5358 5411 5463 5516 5568 5621 5674 5726 5779 5832 5884 5937 5989 6042 6095 6147 6200
Number of coefficients for prediction: 
5
Number of formants: 
3
Winner is:
5200 5200 5200
Errors (total,f1,f2,f3): 
110.4 112.8 118.1 125 133.4 157.1 186.7 242.6 367.5 448.3 450.4 489.8 538.3 534.3 545.8 553 600.5 572.2 400.6 397.7
28.4 28.7 29.7 31.6 34.3 41.8 54.7 73.5 79.7 104.5 99.4 143.9 145.1 152.8 150.2 149 150.8 139.3 93.2 95.3
16.6 16.4 16.7 17.1 17.6 23.7 26 44.7 120.3 158.5 169.7 159.4 195.3 186.5 192.6 199.2 196.9 235 207.3 203.9
65.4 67.7 71.7 76.3 81.5 91.6 106 124.4 167.5 185.3 181.3 186.5 197.9 195 203 204.8 252.8 197.9 100.1 98.5
Coefficients are (row-wise by formant):
928.8 -118.7 -77.7 -28.8 -30.9 16.8
1499.1 -97.9 -38.2 -59.7 -18.2 33.2
2905.1 -141.5 -63.9 29.6 10.3 -31.5
