KLH013b_1012 analysis information:
Number of steps:
20
Cutoff frequencies were: 
5200 5253 5305 5358 5411 5463 5516 5568 5621 5674 5726 5779 5832 5884 5937 5989 6042 6095 6147 6200
Number of coefficients for prediction: 
5
Number of formants: 
3
Winner is:
6147 6147 6147
Errors (total,f1,f2,f3): 
343.8 351 299.2 176 139.7 136.1 134.8 134.9 129.3 124.9 122.2 117.7 112.4 106.8 101.2 94.5 89.8 88.8 86.3 88.7
57.4 53.5 55.6 47.6 45.8 44.9 44.2 44.1 42.9 42.4 41.4 40.9 38.3 37.1 35.5 31.9 30.1 28.8 28.3 27.9
122.6 137.8 126.7 61.2 60.5 59.4 54.3 54.9 53.7 51.8 50 46.2 43.8 39.8 36.2 34 31.5 29.9 27.5 27.3
163.8 159.7 116.9 67.2 33.4 31.8 36.3 35.9 32.7 30.7 30.8 30.6 30.3 29.9 29.5 28.6 28.2 30.1 30.5 33.5
Coefficients are (row-wise by formant):
522 37.7 -56.9 -8.7 2.1 15.8
2019.7 -416.8 75.5 22.9 -21.5 14.3
2894.1 -62.2 25 -18.4 -5.2 -3.1
