KLH013b_0668 analysis information:
Number of steps:
20
Cutoff frequencies were: 
5200 5253 5305 5358 5411 5463 5516 5568 5621 5674 5726 5779 5832 5884 5937 5989 6042 6095 6147 6200
Number of coefficients for prediction: 
5
Number of formants: 
3
Winner is:
5305 5305 5305
Errors (total,f1,f2,f3): 
247.9 245.6 81.1 85 103.7 85.7 164.5 91.4 151.3 156 273.7 281.9 318.1 319.3 325.5 364.2 359 324.7 322 320.5
19.2 21.9 25.3 29.5 44.9 32.7 33.9 34.4 33.8 35 51.5 54.9 45.7 44.5 43.6 51.3 51.4 41.6 41.2 40.5
29.5 31.5 33.4 35.3 38.9 33.1 96.4 35.2 85.2 87.9 155.3 157.8 155.4 155.9 159.2 179.7 174 157.5 154.8 154.8
199.2 192.2 22.4 20.2 19.9 19.9 34.2 21.8 32.3 33.1 66.9 69.2 117 118.9 122.7 133.2 133.6 125.6 126 125.2
Coefficients are (row-wise by formant):
468.6 115.4 -18.6 26.4 -20.9 4.7
1147.3 220.7 36.1 34.2 -33.5 14.3
2911.8 53.7 -123.6 34.6 -92.6 94.5
