KLH013d_0117 analysis information:
Number of steps:
20
Cutoff frequencies were: 
5200 5253 5305 5358 5411 5463 5516 5568 5621 5674 5726 5779 5832 5884 5937 5989 6042 6095 6147 6200
Number of coefficients for prediction: 
5
Number of formants: 
3
Winner is:
5779 5779 5779
Errors (total,f1,f2,f3): 
186.6 208.8 180.1 183 191.6 161 163.3 121.9 231.6 232.9 83.1 80 81.2 81.3 81.6 83.9 83.7 84.7 225.8 336.7
21.8 40.5 28.9 34.4 43.8 49.4 54.9 52.9 78.4 68 41.8 37.9 36.5 34.8 33.6 33.3 33.4 35.5 64.2 100
50.4 53.2 33 33.9 35.5 12.7 12.3 11.8 52 55.8 10.4 10.5 10.9 11.2 11.4 11.9 12 12.6 53.8 82
114.4 115.1 118.2 114.7 112.3 98.9 96.1 57.2 101.2 109.1 30.9 31.6 33.8 35.3 36.6 38.7 38.3 36.6 107.8 154.7
Coefficients are (row-wise by formant):
769.6 136.1 -195.1 22.2 -25.4 -7.2
1622.2 3.3 -44.3 -3.2 -13.2 -2.5
2682.3 165.9 -109.2 78.3 58 -44.7
