KLH013b_0577 analysis information:
Number of steps:
20
Cutoff frequencies were: 
5200 5253 5305 5358 5411 5463 5516 5568 5621 5674 5726 5779 5832 5884 5937 5989 6042 6095 6147 6200
Number of coefficients for prediction: 
5
Number of formants: 
3
Winner is:
5726 5726 5726
Errors (total,f1,f2,f3): 
681.4 669.1 232.5 237.8 226.6 189.3 194.6 238.4 64.5 63.1 62.3 64.9 65.9 68 70.3 73.3 76.4 81.7 83.6 78.7
116.6 98.2 27.7 27.7 29.9 22.7 24 27.9 25.2 25.9 25 25.9 25.3 24.6 23.9 23.4 23.5 27 30.4 24.5
185.8 145 73 81.8 79 50.4 49.2 78.1 13.7 14.8 15.2 15.9 16 16 15.8 14.4 13.3 11.9 11.1 10.9
379 425.9 131.8 128.3 117.7 116.2 121.4 132.4 25.6 22.4 22.1 23.1 24.6 27.4 30.6 35.5 39.6 42.8 42.1 43.3
Coefficients are (row-wise by formant):
878.7 15.2 -70.3 44 -97.1 -26.8
1576.3 181.7 -39.6 43.4 -38.9 30.6
3093.4 -29.8 -38.3 -19 -32.6 35.1
