KLH013b_0642 analysis information:
Number of steps:
20
Cutoff frequencies were: 
5200 5253 5305 5358 5411 5463 5516 5568 5621 5674 5726 5779 5832 5884 5937 5989 6042 6095 6147 6200
Number of coefficients for prediction: 
5
Number of formants: 
3
Winner is:
6200 6200 6200
Errors (total,f1,f2,f3): 
263.7 366.5 30.8 31 31.3 31 30.4 30.9 30.8 31 32 32 32.5 33.2 33 33.1 33.5 30.6 30.4 29.9
8.3 8.5 8.7 8.9 9.2 9.1 8.9 9.1 9.1 9 9.3 9.2 9.1 9.5 9.7 9.6 9.6 9.5 9.5 9.5
138.2 179.9 7.9 7.7 7.6 7.7 7.7 7.8 7.7 7.8 8 7.9 7.9 8.2 8.4 8.4 9.2 9 8.3 7.8
117.2 178.1 14.2 14.4 14.5 14.2 13.8 14 14 14.2 14.7 14.9 15.5 15.5 14.9 15.1 14.7 12.1 12.6 12.6
Coefficients are (row-wise by formant):
484.1 -11.3 -16.3 16.6 -17.4 5.4
1918.1 177.1 4.2 11 14 19.1
2684.2 -50.4 -22.5 -35.6 -1 5.3
