KLH013b_0411 analysis information:
Number of steps:
20
Cutoff frequencies were: 
5200 5253 5305 5358 5411 5463 5516 5568 5621 5674 5726 5779 5832 5884 5937 5989 6042 6095 6147 6200
Number of coefficients for prediction: 
5
Number of formants: 
3
Winner is:
6095 6095 6095
Errors (total,f1,f2,f3): 
25.1 25 25.4 25.9 26.7 28.6 31.1 33.9 41.6 48.8 53.6 47.9 40.8 35.4 29.5 24.7 21.5 19.8 22.3 27.8
4.1 4 3.9 3.9 3.9 4 3.8 3.8 3.7 3.6 3.7 3.7 3.6 3.6 3.6 3.6 3.7 3.6 3.6 3.7
8 8.2 8.6 8.8 8.9 9.4 9.8 10 10.3 10.9 10.8 10.5 10 9.3 8.9 8.6 8.4 7.7 7.9 7.9
13 12.8 12.9 13.2 13.9 15.2 17.5 20.1 27.6 34.3 39.1 33.7 27.2 22.5 17 12.5 9.4 8.5 10.8 16.2
Coefficients are (row-wise by formant):
350.2 -26.4 6.3 -6.9 2.8 1.3
1999.1 295.7 -6.3 46.9 -21.5 -17
2660.5 155.8 -13.6 -53.4 51.4 38.5
