KLH013d_0120 analysis information:
Number of steps:
20
Cutoff frequencies were: 
5200 5253 5305 5358 5411 5463 5516 5568 5621 5674 5726 5779 5832 5884 5937 5989 6042 6095 6147 6200
Number of coefficients for prediction: 
5
Number of formants: 
3
Winner is:
5305 5305 5305
Errors (total,f1,f2,f3): 
332.5 235.6 84.7 85.1 93.5 95.4 94.1 123.7 120.2 283.2 290.4 298.9 341.6 305.8 379.5 375.5 378.8 377.9 373 379.1
64.5 71.3 66.5 66.1 74.1 75.9 74.5 104.8 101.2 103.5 110.4 119.1 107.8 126.7 135.8 135.6 138 139.2 138.8 141.7
87 7.8 7.8 7.6 7.5 7.4 7.3 6.9 6.4 83.2 82.6 82.3 105.5 77.8 102 100.9 101.8 103 102.3 103.6
181 156.5 10.4 11.4 11.9 12.1 12.3 12 12.6 96.5 97.4 97.5 128.3 101.3 141.7 139 139 135.7 131.9 133.8
Coefficients are (row-wise by formant):
729.8 -8.9 234.5 217 116.7 77.4
1650.2 2.8 12.8 0.9 2.7 20.1
2916 -10.6 -50.7 -19.1 -7.8 -11.8
