Regression analysis information for: KLH016e_0385
number of formants: 3
number of coeccicients: 5
5.5 26.8 84.7
448.7 0.5 -5.6 20.1 0 16.2
1310.2 70.1 -54.4 60.5 -37.4 64.5
2349 -1.2 205.7 -44.9 118.1 44.6
5.4 26.8 100
447.2 -2.4 -7 20.4 0.7 17.2
1308.4 65.2 -55.7 65.1 -34.3 68
2335.7 -28.4 208.4 -10.3 154.4 68.8
5.5 25.9 95.4
446.2 -4.4 -8 20.3 0.2 16.4
1308.1 62.2 -56.5 68.3 -35.5 66.6
2331.3 -39.3 221.5 13.3 147.2 48.8
5.5 25 93.7
445.4 -6.2 -8.6 19.8 -0.2 16.3
1306.8 58.9 -56.5 70 -35.8 68.7
2321.1 -58.3 226 28 156.5 62.3
5.2 24.3 95
444.4 -8.2 -9.7 18.8 -1.2 15.3
1305.8 55.9 -57.7 71.6 -36.7 68.2
2314.5 -72.2 228.9 39.9 157.8 63.3
5.2 24.4 92.6
443.3 -9.6 -10.8 17.5 -2.1 15.1
1302.7 54.8 -58.8 69.5 -37.3 71.1
2303.2 -80.7 229.3 34 162.7 84.4
5.1 23.4 93.4
441.9 -11.4 -11.7 16.3 -2.8 14.2
1297.3 51.3 -61 68.4 -38.1 69.8
2275.9 -104.5 237.5 36.3 152.7 82.9
4.4 22.8 93
439.7 -13.2 -13.9 14.7 -4 12
1286.2 49.7 -68.6 66.2 -38 61.5
2221.3 -149 193.1 1.9 125.4 31
3.8 19.7 78.5
438.4 -14.2 -14.3 13.9 -3.2 12.3
1276.3 46.8 -71.2 62.7 -31.2 65.7
2179.5 -174.2 167.1 -36.1 123.2 32.4
4 22.9 63.9
436.8 -15.9 -14.9 12.5 -3.2 12.3
1263.8 37.3 -75.8 52.8 -30.8 67.7
2136.1 -212.3 150.9 -72.4 98.6 10.4
3.8 22.6 58.3
436.3 -16.8 -14.2 12.6 -3.4 11.2
1259 33.2 -72.7 56.6 -35.3 61.8
2125.2 -219.9 168.1 -61.6 84 -5.2
3.7 22.7 56
436.3 -17.5 -14.5 12.1 -4 10.6
1258.3 29.1 -76.3 53.2 -40.8 57.5
2129.6 -222.1 163.9 -65.4 77 -8.5
3.5 23.2 54.4
436.6 -17.7 -14.1 11.9 -4 10
1259.4 30.1 -76.3 55.6 -43.9 55.8
2138.5 -216.7 164.2 -61.2 76 -9.1
3.2 23.3 51.6
436.7 -18.3 -14 11.3 -3.8 9.2
1258 29.1 -78.6 55.3 -46.2 53.4
2143.8 -213 165.1 -64.7 76.1 -9.7
2.8 24.9 50.6
437.5 -18.5 -13.3 10.6 -3.8 8.8
1261 32.4 -79 55.2 -51.9 56
2155.4 -209.2 168.1 -65.4 73 -2.4
2.8 27.9 52.4
438.7 -18.6 -12.6 9.8 -3.7 7.8
1266.7 38.8 -80.8 57.5 -59.3 56.4
2170 -207.4 167.9 -62.3 72.7 0
2.7 32.3 53.7
440.1 -18.6 -11.9 9 -3.4 6.9
1272.7 47.2 -85.9 61.1 -65.9 59.2
2185.6 -202.9 163.2 -59.9 75.4 2.5
10.1 37.9 56.8
438 -11 -18.7 15.6 -10.6 13.5
1279.6 56.6 -91.4 65.3 -73.8 62.3
2203.9 -200.2 159 -56.5 78.1 6.8
2.9 57.9 87.5
443.5 -18.6 -10.2 7.2 -2.8 4.7
1320 -0.8 -29.8 4.7 -15.7 -1.5
2242.6 -235 191.1 -87.8 117.4 -26.1
3.2 56.8 92
445.5 -18.3 -9.4 6.3 -2.4 3.7
1329.5 7.6 -33.3 8.4 -20.7 0.8
2266.2 -231.6 183.1 -82.6 124.2 -18.9
winner is: 14
