Regression analysis information for: KLH016e_0027
number of formants: 3
number of coeccicients: 5
8.2 66.8 69.5
363.8 -7.2 -6.1 -12.6 0.8 10.8
847.6 0.9 126.8 123.6 56.5 21.7
2520.6 -15.7 -59.2 28.7 66.8 -44.9
7.6 67.6 70.1
366.1 -7.2 -6.9 -11.9 2.7 11.8
841.1 -13 117.1 112.5 40.4 7.8
2535.7 -25.4 -66.6 36.2 67.4 -50.7
7.3 105.3 85.9
368.7 -6.4 -7.5 -13.1 3.2 12.4
879.2 63.6 201.8 191.9 109.7 68.3
2571.4 17 -21.6 72.7 102.3 -21.5
7.6 106.8 86.6
372.8 -5.6 -9.5 -14.1 3.9 13.6
868.5 52.1 211.7 204 103 51.3
2593.6 8.7 -29.5 80.6 96.5 -31
15.3 111.7 90.1
369.9 -10.1 -0.7 -1.8 3 1.1
854.3 34.9 215.6 208 88.5 32
2617 -4.3 -39.7 89.8 89.1 -41.3
8.9 289.1 189.7
379.8 -7.4 -11 -11.7 7.7 13.5
977.8 106 12.6 -10 145.2 271.8
2720.4 31.2 -167.1 -30 131.2 105.3
9.3 338.2 232.5
386.7 -7 -12.9 -13.9 7.5 16.2
1097.5 225.6 -50.9 -75.6 246.7 455.6
2836 92.7 -225.7 -78.6 182.8 228
18 322.8 185
385.2 -14.4 -2 -0.9 4.3 4.6
1079.8 258.6 81.5 47.1 251.3 407.1
2851.5 94.8 -113.8 22.4 144.5 160.6
11.2 327.5 171.4
398.9 -14.5 -15.4 -13.9 5.4 17.4
1168 344.6 19.6 -21.7 284.6 498.9
2928.8 108.5 -106 3.9 91.1 193.2
16.9 322.2 169.4
403 -14.7 -3.9 -12.5 -5 14.8
1237.1 427.9 3.4 -96.3 213 517.4
3002.1 104.6 -109 -54.7 0.6 220.2
9.6 298.3 178.9
414.7 -15.1 -9.9 -14.9 3.5 18.3
1332.3 433.3 -70.1 -65.7 264.4 578
3057 86.3 -140.6 -73 39.9 239.7
10.1 309.1 164.5
419.6 -17.5 -7.1 -16.4 0.5 18.6
1381.2 466.6 -34.4 -81.8 126 575
3085.6 78.1 -111.4 -92.3 1.7 222.7
15.2 305.9 151.3
419 -24.3 -2.6 -11.6 7.1 21.8
1412.9 458.2 -60.1 -83.8 132.6 626.3
3085.3 26.5 -85.9 -55.3 63.9 235.4
13.6 342.1 156.6
423 -21.7 3 -20.2 -5.5 17.5
1460.6 553.3 -100.9 -161.4 19.6 600.3
3144.3 38.6 -66 -132.5 2 207
16.5 302 173.5
423.4 -13.2 -11.6 -13.5 -5.8 22.4
1581.6 412.6 -99.2 -170.5 153.6 703.4
3160.3 -17.7 -86.8 -93.2 116.1 245.2
8.6 352.7 199.6
429.9 -24.8 -1.2 -23.9 1.3 15.8
1747.5 312.6 64.4 -421.6 167.5 548.3
3214.6 -5.7 -50.7 -177.1 78 169.1
8.4 345.5 178.2
430.6 -26.4 -0.4 -25.7 1.6 14.6
1733.2 366.8 39.6 -391.4 119.8 589.7
3213.7 41.8 -100.1 -162.5 56.9 209.5
12.5 374.8 159.3
427.7 -24.6 0.5 -25.1 -4.5 17
1702.8 300.8 65.5 -344.6 221.4 650.8
3202.1 10.1 -113.8 -139 130.7 268.1
18.8 337.9 169
424.6 -29 12.2 -31.4 -10.1 15.4
1770.4 227.9 173.1 -471.8 290.1 543.5
3241.6 -31 -86.2 -203.6 189.4 240
8.7 361.1 182.4
431.6 -31 -1.8 -29.1 3.7 9.6
1820.6 219.7 84.5 -454.7 417.7 519.3
3287.2 -22.5 -157.7 -215.4 247.7 239
winner is: 1
