Regression analysis information for: KLH016a_1246
number of formants: 3
number of coeccicients: 5
2.3 65.6 43.1
322.7 21 -43.4 12.9 -7.3 1.4
2188.1 -31.6 116.4 -119.8 23.5 89.6
2593.7 60.8 51.1 -28.3 27.8 16.1
2.3 64.8 42.6
322.7 21.1 -43.3 12.9 -7.3 1.4
2189.8 -36.1 121 -116.1 16.7 94.8
2595.6 52.2 63.3 -29.3 26.5 13.6
2.3 65.5 40.8
322.8 21.1 -43.3 12.9 -7.3 1.4
2195 -41.4 119.3 -109.7 13 95.7
2600.7 44.2 71.8 -33 27.6 11.5
2.3 64.3 38.3
322.8 21 -43.1 12.9 -7.3 1.4
2202 -49.7 116.6 -99.6 7.1 94.8
2603.7 35.4 83.2 -35.6 26.1 7.6
2.3 63.4 34.9
323 20.9 -43.2 13 -7.4 1.4
2211.7 -57 110 -87.1 2.6 91.2
2614.4 27.8 89 -40.1 29.1 13.5
2.3 63.8 33.7
323.1 20.8 -43.1 13 -7.5 1.4
2220.3 -64.9 108.7 -77.1 -7.4 93.1
2621.6 18.6 102.8 -46.2 25.3 15.2
2.3 62.3 33.4
323.3 20.8 -43.2 13.1 -7.6 1.4
2231.4 -72.9 101.9 -64 -14.5 89.1
2633.1 6.9 116.2 -54.9 23 22.1
2.3 61.9 34.4
323.4 21 -43.2 13.1 -7.6 1.4
2246.2 -83.1 92.3 -45.6 -22.3 83.1
2647 -1.5 123.1 -63.7 29.2 28
2.3 58.2 36.8
323.6 20.9 -43.3 13.3 -7.6 1.3
2262.3 -92.3 77 -25.8 -24.5 69.7
2662.3 -14.3 135.4 -71.3 27.2 39.4
2.3 53 40.9
323.8 21 -43.5 13.4 -7.7 1.3
2280.1 -103.1 57.9 -2.7 -25.7 52
2677.4 -28.7 148.1 -79.1 24.3 50.9
2.3 44.1 39
324 20.8 -43.6 13.6 -7.7 1.3
2296.4 -111.5 39 19.3 -25.1 31.9
2694.3 -40.3 152 -78.9 19.2 63.6
2.3 30.4 42
324.3 20.8 -43.7 13.8 -7.9 1.2
2312.9 -118.1 18.9 41 -20.6 7.5
2714.6 -54.7 157.7 -76.1 12.1 75.2
2.3 15.6 48.4
324.5 20.9 -43.9 14 -7.9 1.1
2328.3 -124.5 1 61.3 -17.8 -16.3
2744.6 -79 158.1 -66.1 4.3 82.8
2.4 9.3 50.8
324.7 21.1 -44.1 14.1 -8 1.1
2336.1 -125.1 -4.5 68.7 -17 -25.9
2791.4 -114.4 133.9 -28.1 -0.5 64.1
2.4 9.3 65.4
324.9 21.1 -44.3 14.4 -8.1 1.1
2338.5 -121.5 -1.4 66.1 -17.2 -24.3
2862.5 -166.3 70.8 52.6 1.3 -1.5
2.4 9.2 126.5
325.1 21.2 -44.4 14.5 -8.2 1
2341.2 -118.5 1.1 64.1 -17.2 -23.3
2947.4 -232.2 -8.2 159.9 -4.3 -90.5
2.5 9.3 124.5
325.3 21.2 -44.7 14.8 -8.4 1
2343.7 -115.9 3.1 62.5 -17.5 -22.5
2989.3 -266.7 -23.9 199.5 -24.7 -103.9
2.5 9.5 123.6
325.5 21.3 -44.9 15 -8.5 1
2346.9 -112.9 5.2 61.5 -17.5 -21.9
3028 -297 -31.1 229 -42.7 -107.3
2.6 9.4 115.1
325.5 21.5 -45.1 15.2 -8.7 1
2350.1 -110.1 6.9 60.8 -17.4 -21.4
3056.5 -316 -30.1 243.9 -55.3 -103.5
2.6 9.4 109.8
325.7 21.6 -45.3 15.4 -8.9 1.1
2353.2 -107.5 8.5 60.3 -17.4 -21
3085.7 -337.1 -27 259.5 -70.8 -96.4
winner is: 14
