Regression analysis information for: KLH016c_0585
number of formants: 3
number of coeccicients: 5
5.8 10.2 33.2
496.2 169.6 -61.2 6.3 -5.2 -3.3
1352.6 -152.6 34.7 0.8 33 8.3
2342.5 -141.7 123.3 -10.1 66.5 27.5
5.9 10 31.7
497.3 171 -61.1 6.4 -5.1 -3.4
1354.8 -152.7 34.5 0.6 32.3 8.5
2352 -142.8 124.1 -10.5 64.4 31.2
5.9 9.8 30.3
498.5 172.4 -61 6.4 -5.2 -3.5
1356.7 -152.3 34.3 0.7 31.9 8.4
2359.7 -141.5 123.5 -10.3 63.6 32.9
5.8 10.3 29.4
499.7 173.6 -61.3 6.4 -5.2 -3.7
1358.6 -152 34.1 -0.2 32.2 7.9
2367.6 -141.5 124.4 -15.5 67.2 31.8
5.8 10.4 29.5
501.1 174.8 -61.6 6.3 -5.3 -3.5
1360.5 -151.9 34 -0.4 32 8
2377.3 -142.8 125.9 -17.2 66.1 35.8
5.8 10.6 30.3
502.5 176.7 -61.5 6.2 -5.3 -3.6
1362.9 -152 34.2 -0.8 31.7 8.2
2388.9 -145.6 129.3 -19.7 65.9 39.8
5.8 10.9 32.1
504 178.6 -61.5 6.3 -5.2 -3.6
1365.2 -152.1 34.3 -1.3 31.4 8.5
2400.3 -148.5 132.6 -22.2 65.4 44.4
5.9 11 33.8
505.2 181 -61.2 6.4 -4.9 -3.8
1367.5 -152.9 34.6 -1.5 31.2 8.8
2411.7 -153.7 137.6 -23.2 65.1 49.2
5.9 11.2 36.2
506.6 183.3 -60.9 6.7 -4.6 -4
1369.7 -153.5 34.8 -1.6 31.1 9.2
2423.5 -159 142.7 -24.2 64.8 54.5
5.9 11.4 39
507.8 186 -60.8 6.7 -4.3 -4.3
1372 -154.3 35.2 -2.1 31 9.5
2436.3 -165.8 148.6 -26.5 64.7 59.8
5.9 11.7 43
509.2 188.4 -60.9 6.7 -4.2 -4.7
1374 -155 35.5 -2.5 30.7 9.9
2448.1 -172.1 154.5 -29 63.4 64.9
5.9 12.2 47.3
510.3 191.5 -60.9 6.5 -4 -5.2
1376 -156 35.7 -3.2 30.5 10.5
2460.9 -180.5 161 -32.8 62.3 71.6
6 12.3 51.3
511.3 194.5 -60.8 6.9 -3.4 -5.8
1377.8 -157.4 36.2 -3.5 30.8 10.9
2472.8 -190.4 169.5 -34.6 62.6 77.6
6.1 12.8 56.7
512.2 198.9 -60.7 6.3 -3 -6.6
1379.9 -158.9 36.4 -4.6 30.3 11.8
2487.8 -201.8 178 -39.5 59 86.9
6.2 13.3 63.5
512.9 203 -60.7 6.3 -2.5 -7.8
1381.7 -160.4 36.7 -5.2 30 12.5
2502.2 -214.6 188.3 -42.8 56.2 95.5
6.3 13.7 70.1
513.2 207.4 -61.2 6.2 -1.5 -8.8
1383.4 -162.4 37 -6 30.1 13.1
2517.8 -231 199.9 -46.9 54.1 105.5
7.3 13.9 74.2
513.5 210.4 -61.9 5.3 -0.8 -10.3
1384.1 -163.9 36.6 -6.2 30.5 13.9
2526.4 -240.2 202.8 -47.9 51 112.6
7.1 14.5 82.1
513.5 215.7 -62.5 5.2 0.3 -12.3
1385.4 -166 36.8 -6.6 30.9 14.7
2541.7 -258.9 215.8 -49.8 48.6 124
7.6 14.3 91.5
512.4 221.1 -62.8 6 2.6 -14.8
1385.9 -169.2 37.9 -5.8 32.1 15
2555 -283.9 233.5 -44.8 47.6 136.4
8.3 15.5 99.3
512 228.3 -63.6 5 4.1 -17
1387.2 -171.2 37.4 -7.5 32 16.1
2570.8 -297.5 242.1 -49.3 40.7 149.2
winner is: 4
