Regression analysis information for: KLH016c_1328
number of formants: 3
number of coeccicients: 5
11.8 22.9 8.8
626.7 64.8 -8.2 -2.7 9 -3.1
1391.2 -76.1 32.9 -7.9 -0.3 4.7
2539.2 27.8 27.7 -41.7 3.3 -3.1
11.5 20 12.8
626.3 64.9 -11.3 -0.4 7.3 -3.7
1385.8 -65 19.2 4.1 -8.3 6.8
2536.6 31.3 23.1 -39.4 0.6 -3.6
11.4 18.4 9.6
626.4 63.9 -12.4 1 6.4 -3.9
1385.5 -64.4 15.8 8 -10.9 6.7
2538 27.4 24.4 -41.8 1.3 -4.4
11.2 19.6 9
627 61.9 -12.6 2.5 4.8 -3.3
1388.6 -69.8 16.7 10.8 -14.8 9.9
2538.4 25.5 24.1 -42.4 0.6 -4.5
10.9 17 9.3
627.7 60.2 -12.3 3.7 3.5 -2.9
1390.2 -73 17.7 12.3 -17.2 10.9
2538.2 24.8 22.6 -42.4 0.1 -4.9
10.5 14 9.4
628.4 59.1 -12.6 5.4 2.6 -3.2
1391.3 -74.4 16.4 15.3 -19 10.1
2538.5 24.7 22.1 -41.7 -0.2 -4.8
10.5 14.6 9.6
629.7 56.8 -12.1 6.4 1.4 -2.9
1396.2 -82.8 21.2 14.3 -19.9 11.3
2539.1 24.3 21.7 -41.3 -0.4 -4.9
10.3 13.6 9.6
630.6 55.2 -12 7.7 0 -2.6
1399.2 -87.2 22.2 16.3 -22.3 12.4
2539.9 24.2 22.1 -40.4 -0.7 -4.3
10.2 12.2 9.8
631.7 54 -11.5 8.7 -0.9 -2.4
1402.2 -91.9 24.6 16.4 -23.1 12.2
2540.9 24.2 22.2 -40 -0.7 -4.2
10 12.3 9.7
633.3 51.9 -10.7 9.8 -2 -2.1
1407.2 -100.3 29.9 15 -23.4 12.8
2542.1 24.3 23.1 -39.2 -0.6 -4.1
9.8 11.7 9.9
634.6 50.2 -9.7 11 -3 -1.9
1410.7 -106.4 34.1 14.2 -23.7 12.7
2543 24.5 23.8 -38 -0.3 -4.3
9.6 9.6 9.7
635.7 49.1 -9.1 11 -3.1 -2.4
1414.5 -112.9 39 10.5 -20.5 9
2544.4 24.9 24.5 -38 0.1 -3.8
9.3 8.6 9.6
636.8 48.2 -8.7 11.6 -3.9 -2.1
1417.1 -116.6 41.2 10.1 -21.1 9.2
2545.9 25.8 25 -37.6 0 -3.7
9.3 8.1 9.3
637.1 48.1 -7.5 10.1 -2.9 -3.1
1420.7 -123.6 48.4 2.6 -14.3 2.7
2547.3 26.7 26.8 -37.9 0.5 -3.6
8.7 5.9 9.5
635.5 49.6 -5.7 9.3 -1.6 -3.5
1417.6 -120 49.7 0 -10.8 0
2546.4 27.9 30.3 -35.3 2.3 -3.3
8.3 4.9 8.8
635.3 50.7 -4.6 8 -0.9 -3.7
1417.7 -120.5 52.6 -3.9 -7.7 -2.4
2547.1 30 32.1 -35.6 2.2 -2.9
8.4 7.1 7.8
635.9 50.7 -3.1 8.2 -1.5 -2.9
1419.4 -123.2 55.9 -4.5 -9.2 0.7
2548 31.5 34.2 -35.3 1.2 -2.5
8.2 6 7.3
634.7 52 -3 7.9 -0.2 -3
1416 -117.9 53.2 -4.2 -7.3 -1.4
2546.4 31.6 35.1 -33.4 3.7 -0.8
8.6 7.1 6.6
635.6 52.2 -2.2 7.1 0.8 -4.8
1419.9 -124.7 60.3 -11.7 -0.3 -8.6
2548.6 34.1 37.1 -33.9 3.4 -2.5
8.5 9 6.2
636.3 52.2 -1.3 6.5 1.4 -5.5
1422.7 -129.6 65.4 -16.6 4.1 -12.6
2550.1 36.1 39.2 -33.5 3.9 -2.6
winner is: 18
