Regression analysis information for: KLH016a_0541
number of formants: 3
number of coeccicients: 5
12.9 3 4.8
609.7 93.5 -44.9 40.1 -17.1 21.2
1362 -53.5 17.5 -6 7.1 -7
2341.2 -18.3 25.3 -12.4 4.6 0.7
12.9 3.1 5
610.8 94.7 -44.3 40.4 -17 21.8
1363.5 -54.3 18.5 -6.7 7.6 -6.9
2343.7 -17.5 26.9 -12.7 4.7 0.9
13 3 5
612.1 95.9 -43.3 40.7 -17.1 22.5
1364.8 -55 19.7 -7.6 7.8 -6.8
2346.1 -16.4 28.8 -13.4 4.5 1.4
13.1 3 5.2
613.8 97 -42.5 41.3 -17 23
1366.4 -55.7 20.4 -8.3 8.2 -7
2349.2 -15.6 29.7 -13.4 4.5 1.2
13.2 3.1 5.3
615.6 97.9 -41.3 41.2 -16.7 23.3
1367.7 -56.2 21.1 -9.1 8.3 -7.1
2352 -14.4 30.8 -13.7 4.2 1.4
13.1 3.1 5.4
617.4 99.6 -40.5 41.7 -16.6 23.9
1369.1 -56.9 21.6 -9.9 8.5 -7.3
2355.1 -13.4 31.6 -13.8 3.7 1.5
13.2 3.2 5.5
619.4 101 -39.6 42.3 -16.4 24.4
1370.6 -57.7 21.8 -10.7 8.7 -7.5
2358.5 -12.5 32.3 -13.7 3.5 1.5
13.3 3.4 5.7
621.2 103.1 -39.1 43 -16.4 25.2
1372.2 -58.8 22.1 -11.6 8.8 -7.7
2362 -11.8 32.8 -13.6 3 1.5
13.2 3.5 5.9
623.2 105.1 -38.3 43.6 -16.2 25.8
1373.4 -59.8 22 -12.6 8.7 -8
2365.2 -10.8 33.2 -13.7 2.6 1.5
13.3 3.6 6.1
625.4 107 -37.6 44.3 -16.1 26.7
1374.5 -60.6 21.5 -13.3 8.4 -8.2
2368.5 -9.7 33.2 -13.6 2 1.6
13.3 3.8 6.3
627.9 109.1 -36.7 45 -15.7 27.2
1375.3 -61.7 20.8 -14.2 8 -8.3
2371.5 -8.7 33.2 -13.4 1.5 1.8
13.3 4.1 6.7
630.2 111.4 -36 45.9 -15.3 28.1
1376.2 -63.1 19.9 -15.2 7.7 -8.9
2374.6 -8 33 -13.1 1.3 1.7
13.2 4.4 7
632.6 113.9 -35.3 46.8 -15.1 28.8
1376.5 -64.1 18.3 -16 6.7 -9.1
2377.5 -6.7 32.5 -12.6 0.3 1.8
13.1 4.7 7.4
634.4 116.3 -35.4 47.7 -14.9 29.6
1377.2 -66 17.3 -17.2 6.4 -9.8
2380.3 -6.6 31.9 -12.6 0.3 1.4
13.2 4.9 7.7
636.8 118.7 -34.7 48.6 -14.6 30.1
1377.2 -67.6 15.4 -18.2 5.5 -10.5
2382.9 -5.6 31.4 -12.1 -0.4 1.1
13.2 5.2 8.1
639.3 121.2 -34.4 49.4 -14.4 30.9
1377.4 -69.9 13.6 -19.5 4.5 -11.2
2385.7 -5.1 30.7 -12 -1 0.8
13.2 5.5 8.3
641.9 123.3 -34 50.1 -14.1 31.3
1377 -72 11.3 -20.7 3.4 -11.8
2388.1 -4.4 29.7 -11.7 -1.7 0.6
13.2 5.6 8.4
644 125.5 -34 50.6 -14 31.2
1376.4 -74.2 9.1 -21.8 2.5 -12.8
2390.1 -3.7 28.7 -11.4 -2.1 -0.4
13.3 5.9 8.7
645.9 127 -34.5 50.9 -14 31.1
1375.8 -76.5 6.7 -22.7 1.4 -13.4
2392.1 -3.5 27.3 -10.8 -2.7 -0.8
13.4 6 8.8
648 128.4 -35.4 50.5 -14.4 30.6
1374.9 -78.9 3.9 -23.7 0.2 -14.2
2394 -2.7 25.7 -10.5 -3.4 -1.6
winner is: 1
