Regression analysis information for: KLH016c_0657
number of formants: 3
number of coeccicients: 5
3.3 2.6 6.2
426 18.1 -11.4 -11.2 5.5 3.3
1095.7 48.7 4.9 5.7 1.1 1.4
2503.4 -7.4 -5.4 30.8 -2.7 -12.9
3.2 2.6 6.2
427.7 18.2 -11.1 -11.2 5.5 3.5
1097.5 49.8 5.7 6.2 1.8 1.4
2517.3 -10.2 -11.1 31.8 -2.2 -13.4
3.3 2.6 5.9
429.7 18.2 -10.7 -11.2 5.6 3.6
1099.2 51.1 6.3 6.6 2.6 1.3
2531.4 -13.5 -16.8 32.4 -2.4 -14.4
3.3 2.7 5.9
431.7 18.3 -10.6 -11.3 5.7 3.7
1100.4 52.6 6.7 6.8 3.2 0.9
2546.1 -16.4 -24.1 32.6 -2.7 -14.5
3.4 2.7 6.3
433.8 18.3 -10.5 -11.4 5.8 3.9
1101.4 54.6 7.2 7.2 4.1 0.4
2560.2 -19.1 -32.1 32.9 -3.1 -14.4
3.5 2.8 6.6
436.1 18.2 -10.3 -11.6 6 4.2
1101.8 56.9 7.5 7.4 5.3 -0.3
2575 -22.5 -40.2 32.5 -2.7 -13.8
3.6 3 7.2
438.3 18.1 -9.9 -12 6.2 4.4
1101.4 59.4 7.6 7.7 6.6 -1.2
2588.7 -25.3 -47.9 31 -1.5 -13
3.8 3.4 8
440.9 17.9 -9.1 -12.7 6.4 5
1100 63.1 7.8 8.1 8.5 -2.7
2603.5 -28.7 -54.6 28.5 -0.3 -11.6
4 4 8.6
443.7 17.4 -8.4 -13.4 7 5.4
1097.6 67.5 7.6 8.7 10.7 -4.6
2618.5 -32.9 -63 27.5 1.4 -11.3
4.4 4.7 9.4
446 16 -8.1 -14.8 7.4 5.5
1093.6 71.7 6.2 9.1 12.2 -7.5
2631.3 -37.6 -71.2 24.8 3 -10.8
4.8 5.8 10.2
448.4 16.1 -6.8 -15.3 8.6 5.4
1090.3 77 6.3 11.2 14.3 -8.9
2641.6 -39.3 -75.8 24.5 4.5 -11.4
6.1 7.8 10.1
451.1 13.7 -5.4 -17.1 9.6 6
1082.3 85.4 2.7 12.9 16.8 -14.6
2653.7 -44.2 -82.6 22 6.9 -9.5
7.7 11.2 10.8
453.8 10.6 -3.3 -19.5 11.1 6
1072 96.3 -1.4 15.7 19.6 -20.8
2665.9 -49.8 -90.5 20.7 8.9 -10.3
9.5 15.3 11.3
456.2 8.8 0 -20.7 13.6 6.1
1062 106.4 -4 19.9 21.9 -26
2675.7 -50.7 -96.8 19.6 13.2 -10.9
13.5 23 11.9
457.5 2.3 4.2 -24.7 17 4.3
1045.8 125.5 -13.7 26.1 24 -36.4
2684.2 -58.1 -104 17.8 14.5 -10.8
17.2 33.1 12.6
457.2 -1.5 11.4 -30.6 27.1 -5.7
1026 151 -26.7 37.1 21.9 -42.1
2693.9 -63.3 -110.6 18.7 17.5 -12.6
20.9 29.3 13.1
436.7 25.9 -3 -26.7 42.4 -36.3
1015.7 162 -28.1 41.9 20.9 -41.9
2701.2 -68.4 -114.5 19.7 19.1 -13.5
21.7 31 13.8
441 -2 22.9 -13.2 35 -35.5
1009.2 163 -25.1 54.1 8.9 -33.9
2705.2 -64.6 -123.7 16.4 26.9 -17.3
43.2 30.5 15.1
414.4 7.2 37.3 -3 54.4 -81.8
995.7 178.6 -28.3 57.5 7 -30.3
2712.1 -68.7 -129 20.8 26.4 -18.1
115.5 395.8 271
482.7 -10.9 17.1 -69.5 28.1 64.8
1257.3 -47.4 40.3 -82.2 -140.3 440.3
2907 -204.9 -119.4 -93.3 -61.8 308.5
winner is: 3
