Regression analysis information for: KLH016c_0258
number of formants: 3
number of coeccicients: 5
57.4 71.5 240
533.7 90 -20.5 35.8 47.2 13.8
1200.4 -14.2 38.3 -1.6 8.1 21
2378.2 -172.6 -59 -129.8 225.5 -72.7
58.2 72.2 232
534 91.5 -22.2 36.5 47.5 12.1
1201.4 -13.9 37.6 -1.6 8.1 20.9
2391.1 -174.5 -55.2 -108.5 219.4 -79.2
77.5 120 261
550.1 65.4 0.2 21.6 53.4 15
1228.5 -61.6 77.6 -27.5 17.3 29.9
2431.2 -213.3 -20.3 -108.7 223.9 -70.9
78.5 119.7 261.4
550.5 69.5 -2.9 22.2 54.2 12.1
1229.6 -60.5 76.9 -27.1 17.5 29.6
2439 -210.6 -1.1 -91.9 198.9 -60.2
97 168.1 293
570.1 38.7 20.1 15.8 44.4 35
1256.5 -105.8 109.9 -37 4.8 63.6
2515 -248.8 -53.3 -56.4 262.3 -72.1
96.5 170.4 294.4
571.6 41.4 19.7 15.1 43.3 34.3
1258.2 -107.1 111.8 -37.2 4.6 64.8
2534.3 -248.8 -44.4 -39.3 254.6 -55.8
95.1 171.1 307.4
571.1 45.6 22.5 13.6 39.2 34
1258.1 -107.8 116.3 -37.1 2.3 65.5
2522.3 -235.3 32.3 -53.6 203.8 -0.2
93.4 171.4 302.5
571.6 49.4 23.6 13.6 36.6 31.6
1258.1 -108.7 120.6 -35.7 0 65.4
2556.3 -241.5 31.8 -9.5 195.7 5.4
93 174.3 307.6
573.5 55.4 22.7 12.1 36.1 29.7
1259.5 -110.1 123 -34.6 1.4 66.7
2588 -224.5 50 32.3 208 24.4
92.5 176.3 291.1
573.8 63.6 19.4 10.1 35.9 25.2
1259.5 -111.6 125.1 -32.3 2.9 67.1
2602.1 -211.9 43.9 63.6 201.2 25.9
113.4 223.6 354.3
596.4 37.8 39 5.9 17.2 55
1286.6 -161.2 157.5 -29.8 -18.7 114.5
2701.8 -203 86.2 156.4 275.6 104.8
113.5 229 313.9
599.5 46 38.7 1.7 13.1 53.4
1285.7 -166.9 163.3 -23.9 -15.3 116.2
2707.4 -170.6 59.7 215.9 261.3 89.2
115.7 233.3 314.7
602.1 51.8 38.7 0.4 12.4 51.7
1282.2 -172.3 168 -14.2 -9.1 116
2739.3 -193 72.1 257.5 244.4 110.8
120.8 251.2 341.6
610.9 64 33.1 -18.6 4.5 57.5
1298 -156.8 155.8 -45.1 -29.2 126.3
2806.7 -208.5 68.3 264.3 157 175.4
125.2 254.7 331.8
615.1 76.7 35 -22.7 -0.9 49.6
1297.2 -159.2 159.7 -40.4 -27.4 126.8
2844.1 -248.2 85.1 308.5 134.2 229.2
116.5 237.2 346.1
625.6 117.8 13.9 -57.8 -19 38.9
1296.8 -74.5 96.6 -103.1 -38.6 99.1
2883.8 -183.7 32.3 244.7 113.6 275.1
135.5 317.7 381
652.5 95 9.4 -25.3 -52.4 36.1
1359.3 -172.1 108.8 -16.6 -108.6 115.9
2978.5 -194.4 95.5 273.3 31.2 252.4
131.2 303.9 385.9
663.9 118.9 3.1 -42.4 -73.6 28.7
1356.3 -120.8 83.5 -44.2 -125.1 76.8
3018 -85.3 92.5 256.9 -1.6 187.4
148.2 368.6 417.1
698.5 59.4 51.1 -53.7 -76.3 57.2
1428.7 -219.2 173.8 -69.3 -167.6 110
3132.5 -105.1 172.6 235.8 -51.5 175.7
129.9 328.5 393.8
670.7 115.3 33.9 -98.4 -31.3 50.2
1403.8 -108.3 171.6 -213.6 -139.4 97.8
3189.1 21.6 163.7 92.6 -25.3 179.9
winner is: 2
