Regression analysis information for: KLH016c_1307
number of formants: 3
number of coeccicients: 5
9.2 25.3 15.1
431 50.3 4.6 39.1 -4.9 -9.5
953 -134.4 96.4 0.8 -10.8 -32.7
2377.3 -37.4 -59.1 69.9 -24.9 -28.7
9.1 26.1 15.7
432.5 51.2 5.6 39.2 -5.2 -10.1
953.6 -139.5 97.2 -1.5 -9.9 -34.4
2384.4 -43.6 -51.3 65.6 -23.3 -32.8
8.9 27.1 17
434 51.6 6.2 38.9 -5.1 -9.9
954 -144.7 99.2 -4.1 -9.5 -36.5
2391.7 -52.5 -42.2 59.1 -19 -36.5
9 28.3 20.2
435.7 52 6.2 38.4 -4.7 -9.7
954.1 -150.8 101.6 -6.5 -8.6 -39.9
2401.1 -65.1 -31 48.8 -10.2 -44.4
8.8 29.2 20.3
436.6 51.2 5.9 37.4 -4.2 -8.5
954.9 -154.7 105.3 -8.9 -8.1 -44
2404.6 -72.4 -26.5 45.5 -7.8 -43.6
9.3 30 21.4
438 50.5 4.8 36 -3.5 -8.1
954.4 -161.7 107.9 -12.2 -8.2 -49.6
2409.7 -77.5 -23.2 43.2 -4.4 -43.4
10.2 32.1 21.8
439.4 49.6 3.1 33.8 -3.6 -8.3
953.8 -170.4 112.1 -15.9 -7.1 -55.8
2414.3 -80.1 -21.3 42.1 -3.6 -43
11.7 34.6 21.8
440 47.1 -0.5 29.9 -4.6 -9.4
953.3 -179.8 116.7 -19.8 -5.9 -63.2
2418.1 -81.2 -20.2 41.9 -2.8 -42.6
14.1 37.5 21.8
440 42.9 -6.6 23.5 -7.2 -11.4
951.7 -189.7 123.3 -22.1 -4.7 -71.4
2422 -82.1 -19.3 41.3 -3.2 -42
18.6 40.1 22.3
437.5 32.8 -19.5 11.1 -13.9 -16.4
948.3 -199.9 130.8 -22.4 -4.2 -80.2
2426 -82.6 -18.6 40.5 -3.4 -41.6
27.6 43.9 22.9
430.9 13.3 -43 -11 -27.8 -27.1
942.9 -209.3 140.7 -19.4 -5.7 -90.3
2429.8 -82.8 -18.8 40 -4.3 -40.9
38.8 164.9 106.6
456.8 60.5 2.7 34.1 22.6 24
1018.3 -61.6 301.2 131.4 140.3 38.1
2495.5 40.6 105 156.3 109.5 64.5
33.4 168.4 106.9
482.6 107.3 45 69.5 52.7 44.5
1090.7 80.6 451.2 253.8 228.5 82.4
2563.3 164.7 218.7 250.6 181.7 109.7
25 148.9 98.7
489.4 123.7 66.5 85.7 53.4 32.6
1126.2 146.6 515.4 295.5 244.6 65.6
2599.9 227.5 268.7 283.5 193.6 99
31.1 150.2 99.1
479.1 113.4 74 97.4 50.2 20.6
1122.5 142 516.7 297.5 245.9 66
2603.9 230 269.3 285.2 193.6 98.8
50.5 151.9 99
458.2 92.2 89.5 121 46.9 -1.2
1119.3 136.9 519 298.6 247.8 66.5
2606.9 230.6 268.8 285.4 192.6 97.6
52.2 311.6 261.3
491.6 128.5 76 100.2 59.3 25.8
1275.9 282.6 386.4 125.5 298.7 256.1
2753.1 359.5 141.1 124 240.3 273.2
55.4 354.5 301.6
506.3 132.3 42.2 74.3 74.9 62.3
1353.2 331.1 264 6.6 336.3 379.8
2831.1 407.4 28 9.7 270 382.2
52.2 383.9 333.6
525.7 161.6 44.4 54.2 49.5 55.3
1425.2 437.3 263.2 -63.8 253.9 349.2
2899.8 499.2 20.2 -65.5 194.6 358.4
62.5 385.3 335.2
516.2 152.7 51.1 61.9 49.1 57
1421.2 434.8 262.5 -62.6 252.3 352.3
2902 499.6 14.1 -72.1 192.9 355.9
winner is: 1
