Regression analysis information for: KLH016e_0240
number of formants: 3
number of coeccicients: 5
4.6 15.3 13
395.4 23.8 -48.9 -4.8 -5.4 6.3
1153.1 123.4 123.2 23.8 12.3 -13.7
2242.9 72.8 44.7 16.6 6.8 -15.3
4.6 15.3 12.8
395.7 23.9 -49.1 -4.8 -5.4 6.2
1154.9 122.4 121.8 23.6 13.4 -14.5
2247.3 72.5 42.3 16.4 6.3 -16.7
4.5 14.9 14.6
395.9 23.6 -49.5 -4.8 -5.3 6.3
1156.2 120.9 119.7 23.4 14.8 -14.3
2248.3 66.4 36.6 17.2 9.9 -12.7
4.5 14.7 16.2
396.3 23.4 -49.8 -4.7 -5.1 6.3
1158.3 119.8 118.1 23.5 16.2 -15
2251.6 62.9 33.2 18.6 11.6 -11.3
4.5 14.8 16.3
396.7 23.2 -50.1 -4.7 -5 6.2
1160.8 119.4 116.4 23.5 17.2 -15.7
2256.6 62.5 30.1 18.7 10.8 -12.9
4.5 15 16.8
397.3 22.9 -50.5 -4.7 -4.9 6.2
1163.6 118.2 114.7 23.1 18.8 -16.3
2262 60.1 26.5 18.3 10.5 -12.9
4.5 15 16.9
397.9 22.8 -51 -4.6 -4.7 6
1166.9 117.3 112.6 23.3 20.5 -17.5
2268.5 59 23.1 18.7 9.3 -14.6
4.5 14.9 17.5
398.6 22.7 -51.6 -4.5 -4.7 5.9
1170.3 116.1 110.2 23.8 22.3 -18.8
2275.3 58 19.7 19.7 7.8 -16.5
4.5 15.1 18.4
399.4 22.4 -52.2 -4.3 -4.4 5.7
1174.1 114.6 107.6 24.5 24.9 -20.4
2281.6 55.2 16.1 21.3 7.2 -17.6
4.5 15.2 18.8
400.3 22.1 -52.9 -4.1 -4.2 5.6
1178.5 113.3 104.4 25.3 27.5 -22.1
2289 53.9 12.9 22.5 5.6 -19.1
4.5 15.4 19.4
401.3 21.7 -53.7 -3.8 -4 5.4
1183.3 112.4 100.9 26.6 30.1 -24.3
2296.7 52.7 10 23.8 3.1 -21
4.5 16.3 20
402.4 21.3 -54.5 -3.5 -3.8 5.2
1188.7 110.9 96.5 28.2 33.5 -27.2
2305.1 51.5 7.2 25.3 -0.2 -23.4
4.5 17.9 21.6
403.6 21 -55.5 -3.2 -3.5 4.9
1195.1 109.1 91 30.4 37.9 -31.1
2313.4 50.5 4.8 26.9 -4 -25.5
4.5 20.8 24.3
404.8 20.7 -56.4 -2.8 -3.4 4.7
1202.3 106.8 84 33.7 43.6 -36.5
2321.6 49.8 3.5 28.7 -9.3 -28
4.4 25.2 28.5
406.2 20.3 -57.5 -2.4 -3.2 4.5
1211 104.5 74.7 38.4 50.6 -43.1
2329.3 49.5 4.1 30.1 -16.6 -29
4.4 36.6 36.1
407.6 19.8 -58.5 -2 -3.1 4.3
1224.3 100.6 57.1 47.8 64.1 -57.2
2336.1 49.6 6.7 31 -26.1 -29.8
4.3 45.7 46.1
409.1 19.1 -59.5 -1.3 -3 4.2
1235.9 97.4 43.2 56.6 73.4 -69.4
2350.5 46.5 -4.4 41.8 -26.8 -43.9
4.2 66.6 93.7
410.7 18.6 -60.7 -0.8 -3 4.1
1253.1 92.6 18.2 70.2 92 -88.1
2400.9 33.2 -84.9 86.1 28.2 -107.2
4.1 84.4 126.6
412.2 18 -61.7 -0.2 -3.1 4.1
1275.4 88.5 -16.7 82.1 123.6 -105
2441.1 26.5 -148 111.7 75.7 -141.3
4 87.5 134.7
414 17.4 -62.8 0.5 -3.3 4
1277.6 85.8 -10.7 87.2 113.6 -111.3
2460.5 20.3 -165.4 133.5 72.3 -167.7
winner is: 2
