Regression analysis information for: KLH016e_0354
number of formants: 3
number of coeccicients: 5
6.4 58.6 78.6
370.5 -0.7 2.5 9.6 -10.8 5.1
920.8 -42.9 147 -99.4 81 -40
2587 -55.5 48.7 12.7 -73 -49.3
6.6 67.2 77.6
371.8 -1 2.4 10.5 -11 5.2
928.4 -56.4 159.7 -110.1 86.8 -41.1
2603.6 -56.8 46.6 12.5 -72.4 -50.7
6.8 68.2 77.5
373.1 -0.8 2 11.8 -10.9 5.3
928.1 -54.1 159.7 -111.3 87.7 -40.9
2618.3 -51.1 39.4 15.1 -72.2 -48.8
6.6 50.3 72
373.8 0.4 1 12.7 -9.8 4.5
899.1 0.3 116.2 -86.3 81.2 -55.5
2627.7 -43.4 30.1 13.3 -56 -56.3
7 59.5 70.2
375.4 0.6 0.8 13.7 -9.2 4.1
906.5 -12.7 130.4 -100.1 91.2 -61.4
2647 -43.2 28.2 7.5 -47.8 -62.8
7.2 67 67.4
376.7 1 0.3 14.7 -8.2 3.7
914.1 -27.8 145.2 -114.9 101 -67.8
2666.9 -52.2 31.9 -6.5 -27.2 -76.6
7.6 73.9 80.9
378 1.3 -0.1 15.5 -7.4 3.6
920.7 -41.1 158.7 -129 111.2 -75.3
2692.7 -75.9 51.3 -36.9 2.9 -99.5
7.8 69.8 78.3
379.9 1.7 -0.9 17.5 -6.7 3.5
918.8 -39.6 159.3 -133.1 112.6 -77
2709 -73.4 40.9 -29.3 9.9 -101
8.1 62.7 63.8
381.3 2.9 -0.7 18.7 -6.3 4.6
907.9 -19.4 139.7 -118.3 97.6 -65.2
2706 -33.7 7.8 -2 -16.7 -66
7.4 70.5 82.2
382 4.6 0.7 17.9 -4.9 6.4
916.8 -36.6 150.1 -130.2 106.4 -76.8
2734.2 -58.5 43.1 -53.7 22.3 -88.9
8.2 67.8 74
384.1 5.4 0.1 19.5 -3.6 6
916.2 -40 154.1 -139.8 110.6 -83.3
2745.8 -46.4 25.5 -50.6 24.3 -84.9
8.7 67.2 70
385.8 7.2 -0.4 20.7 -1.7 6
915.8 -43.4 154.6 -144.6 109.1 -84.9
2761.7 -35.8 14.5 -60.1 33.7 -85
8.9 70.4 63.8
387.7 8.4 -0.9 21.7 -0.3 6.4
914.8 -46.6 154.9 -150.1 108.8 -89.3
2782.4 -40 14 -78.8 52.9 -94.3
9.4 72.7 62.7
390.7 9.7 -0.5 24.1 1.2 8
912 -53.1 155.4 -162.8 110.4 -98.3
2806.1 -40.9 10.5 -91.6 62.7 -94.8
10.4 60.5 73.1
393.7 10.9 -1.8 27.3 2.5 8.6
894.3 -31.4 132.7 -153 89.7 -84
2817.5 -20.5 -23.6 -78.6 56.6 -75.2
12.7 58.3 57.2
398.1 12.4 -3.8 32.1 5 7.8
881.7 -30.1 124.6 -164.3 77.4 -80.8
2830.9 9.9 -67 -62.2 45.5 -52.2
14.6 68.1 57.3
402.9 13.2 -5.3 36.9 6.9 7.5
865.1 -33.9 117.5 -191.1 71.8 -92.1
2857.4 13.3 -88.1 -68.3 54.5 -51.8
11.3 178.6 124.3
405.4 16.3 -1.5 37.3 8.2 12.8
931.9 125.8 273.6 -60.7 230 36.7
2928.2 87.7 -17.3 -6.1 145 9.3
8.3 182.2 125.8
404.6 22.7 5.4 30.5 11 24
918.8 127.9 275.7 -81.6 234.9 28.5
2968.8 87 -50.3 -28.6 174.9 9.2
25.3 201.2 82.6
398.2 34.7 21.3 14.5 13.9 45.3
893.7 139.8 260.1 -105.4 245.9 -5.8
2973.9 18.7 -143.4 -122.2 141 -57.9
winner is: 16
