Regression analysis information for: KLH016b_0550
number of formants: 3
number of coeccicients: 5
14 12.1 19.7
522.6 44.9 -54.6 7.1 -23.5 20.7
1568.3 -50.4 43.2 -10.7 19.1 -18.4
2141.5 -79.2 -22.3 -20.2 11.1 4.3
14.5 13.3 19.5
523.1 46.1 -56.1 8.6 -24.4 21.3
1572.2 -53.6 44.3 -10.8 20.7 -20.1
2147.1 -81.2 -22.9 -17 7.7 7.1
15.2 13.8 19.7
523.5 47.4 -58 10.5 -25.7 22
1576.1 -56.7 45 -10.5 21.6 -21.8
2152.6 -84.1 -23.1 -13.6 3.5 9.4
16.2 14.6 19.9
523.6 49.5 -60.4 12.9 -27.6 23.1
1580.4 -60.1 45.9 -10.2 22.4 -24
2158.4 -86.6 -23.1 -9.9 -1.7 12.1
17.3 14.8 20.2
524 51.2 -63.2 15 -29.2 24.2
1584.6 -62.3 45.3 -8.9 23 -25.3
2164.1 -88.4 -23.9 -6.6 -6.1 16
19 15.3 21.2
523.6 54.8 -67.2 18.7 -31.9 25.7
1589.7 -65.6 45.8 -7.6 23.8 -27.4
2170.4 -90.8 -23.5 -2 -12.9 20.8
21.9 16.1 22.2
522 61.2 -73.6 24.2 -36 28.5
1595.4 -68.8 45.6 -6.3 25.4 -29.9
2175.7 -90.9 -23.7 1.4 -19.2 26.6
27.8 17.2 25.5
517.7 73.2 -85.1 34.1 -43.5 33.6
1601.9 -72.5 45.3 -4.7 27.3 -33.1
2180.7 -90.4 -23.3 5.4 -28.4 35.3
111.7 38.6 112.7
574.9 -37.4 18.6 -63.6 41.9 -40.1
1625.2 -108.4 74.3 -30.1 53.2 -56.7
2244.4 -208.7 92.1 -98.2 53.1 -31.2
131.3 41.1 137.9
604.3 -90.1 64.8 -100.1 65.2 -48
1641.3 -127.1 84.5 -35.6 60.4 -61.2
2276.2 -263.9 149.8 -140 67.8 -26.1
132.4 43.7 139.9
667.2 -209.4 172.2 -192.1 134.9 -96.2
1661.1 -149.5 93.6 -37.9 66.3 -64.6
2336.8 -382.4 273.6 -240 122.8 -52.6
131.9 42.8 158.8
660.5 -192.7 158.5 -180.4 123.8 -86.7
1668.3 -145.6 79.2 -23.6 65.1 -69
2328.4 -374.3 297.3 -252.9 98.3 -16.4
102 53.1 104.3
685.2 -241.7 210.8 -209.2 112.7 -44.2
1667 -150.5 115.5 -46.4 47.6 -29.9
2386.8 -489.7 418.9 -344.8 138.9 -24.4
158 63.6 235.3
721.7 -243.5 107.1 -118.3 131.1 -116.4
1676.2 -144.3 94 -30.9 59 -50.8
2495.3 -548.9 240.9 -192.9 221.8 -209.7
152.4 44.7 262.8
758.3 -263.5 51.7 -72.1 154.7 -172.6
1700.1 -145 48.1 4.2 78 -89.2
2604.2 -623.3 83.5 -23.5 240.8 -361.5
167.3 67 255.8
780.9 -309.2 91.9 -69.5 111.7 -132.2
1695.2 -141.3 80.5 -18.7 70.4 -66.4
2640.4 -684 125.2 -26.6 206.9 -295.9
137.1 46.3 211.7
799.8 -296.5 27.8 -48 158 -166.5
1719.7 -142.1 42.3 8.5 84.6 -89.4
2725.4 -745.9 20.8 76.7 214.8 -330.9
130 46.3 192.4
802.8 -294.7 21.4 -39.7 153.3 -173.3
1727.8 -138.4 42.1 9.1 84.3 -89.1
2758.5 -796.1 9 145.6 148.9 -314.3
128.3 49.9 148.8
807.1 -296.5 20.5 -35.2 148.2 -174.4
1733.7 -134.4 46.9 8.1 78.7 -88.9
2812.1 -899.7 51.2 190.2 60.4 -200.7
116.5 47.6 121.4
833.7 -305.6 -10 -31.4 174.8 -164.4
1748.8 -128.4 32.8 6 90.8 -88.8
2858.4 -941.2 -26.8 235.9 110.9 -167.2
winner is: 1
