Regression analysis information for: KLH016a_1384
number of formants: 3
number of coeccicients: 5
3.8 25.7 78.4
242.7 -17.3 -8.5 -5.6 -10.7 -2.8
2324.4 -163.5 49 -66.6 -18.2 -6.3
3101.9 -53.5 -37.8 83.2 -65.7 -14.4
4 24.5 78.8
242.5 -17.6 -8.6 -5.9 -11 -3.1
2325.7 -161.1 51.6 -60 -16 -5.1
3114.1 -79.1 -27.9 87.6 -61 -13.1
4.4 24.5 85.6
241.9 -18.1 -9 -6.7 -11.8 -3.6
2327.7 -159.4 56.4 -53.9 -15.2 -9.2
3133.2 -116 -1.8 79.9 -53.2 -30.8
5.1 26.2 81.1
241.3 -19.1 -9.7 -7.8 -12.7 -4.3
2325 -159.7 60.8 -41.7 -12.8 -9.6
3134.4 -137 8.9 101.9 -61 -31.2
6 25.7 80.6
240.4 -20.4 -11 -9.2 -13.9 -5.6
2325 -157 72 -29.3 -10.4 -12.6
3138.8 -171.1 40.7 116.2 -61.5 -32.6
7.4 26.8 88.1
239.4 -22.3 -12.7 -11.2 -15.8 -7.2
2326.2 -149.2 81.2 -22.2 -13.8 -15.2
3141.2 -184.4 69.3 111.5 -83.9 -27.9
9.8 26.7 89.8
237.7 -25.2 -15.8 -14.3 -18.6 -10
2329 -142 90.1 -16.1 -15.7 -14.9
3155.6 -206.9 86.8 112.5 -96.4 -23.6
130.2 66.3 125
306.8 109.8 120.8 117.2 113 115
2359.7 -82.4 153.9 43.8 37.8 32.9
3182.8 -190.4 154.8 140.6 -61 17.8
131.3 65.5 128.5
307.1 110.5 121.5 117.9 113.7 115.8
2363.1 -76.3 162.4 46.7 36.1 31.9
3194.5 -208.2 179.5 125.5 -63.5 20.7
132.1 64.8 134
307.2 111 121.8 118.2 114.2 116.2
2367.4 -72.2 166 46.3 36.8 34.9
3215.2 -232 193 112.9 -60 17
133.2 63.8 132
307.3 111.4 122.2 118.4 114.8 116.9
2373 -63.6 170 48.6 35.3 33.4
3218.6 -236.8 218.9 91.5 -70.3 45.4
134.4 59.4 166.5
307.1 112.1 122.4 118.5 115.3 117.4
2385.8 -55.4 177.8 47.7 38.1 28.1
3247.1 -266.9 240.1 70.3 -60.8 27.1
135.7 56.4 222.7
307 111.9 122.1 118.5 115.2 117.7
2396.9 -41.3 186 46.2 37.8 25.6
3224 -208.2 211.7 55.4 -33.9 -23.3
137.2 79.9 162
306.9 112.2 122 118.6 115.4 118.1
2339.7 110.4 68.6 162.8 -60.4 104.3
3062.5 109.5 -21.8 230.2 -201.5 143.8
138.7 77.4 159.4
306.1 110.7 120.5 117.3 114.5 117.4
2360.4 114.2 87.5 146.8 -43.3 85.7
3054.6 151.2 -41.4 203.2 -168 110
204.6 71.9 147.5
383.3 261 267.4 252.6 239.7 224.8
2399.8 153.8 144.8 168.7 -7.1 107.3
3061.2 228 29.8 169.8 -99 169.5
207.6 57.4 139.4
385 264.4 270.6 255.7 242.7 227.7
2404.2 186.2 139.7 170.8 -5.8 91.6
3068.2 251.1 5.5 166.2 -82.3 127.6
209.6 49.9 118.4
386 266.5 272.5 257.6 244.7 229.5
2423.3 191.5 154.7 157.6 5.3 78.6
3059.6 293.2 -16.6 135.5 -35.9 83.1
212.9 43.9 107.8
387.9 270 276 261 248.1 232.6
2444.7 190.2 174.6 141.9 21.1 65.6
3073.7 302.3 -33.2 130.9 -23 74.2
216.6 38 104
390 274.1 280.1 264.8 252 236.1
2466.9 187.7 193.7 125.6 35.3 50.3
3105.5 292.5 -60.7 151.9 -32 62.6
winner is: 2
