Regression analysis information for: KLH016b_0449
number of formants: 3
number of coeccicients: 5
15.8 8.6 9
564.8 24.6 -49.8 0.7 -23.8 6.7
1360.5 -35.3 -19.2 -7.1 -29.3 -11.4
2282 7 19.8 -29.5 16.8 5
16.4 8.6 10.5
565.8 25 -50.9 -0.1 -24.4 6.1
1361.4 -35.3 -20 -7.4 -29.2 -11.8
2288.4 8.3 15.2 -28.8 18.5 2.9
17.2 8.7 12.3
566.6 24.6 -52.7 -1.3 -25.4 5.1
1362.3 -35.7 -21 -7.9 -29.2 -12.1
2296 8.4 10.6 -26.8 19.5 0.9
18.2 8.7 14
567.4 23.9 -54.6 -2.9 -26.5 4
1363.3 -36.3 -21.9 -8.3 -29.2 -12.4
2303.9 7.7 5.8 -24.6 20.3 -0.4
20 8.8 16.1
567.5 21.5 -58 -5.5 -28.7 1.9
1364.1 -37.4 -23 -9 -29.5 -12.6
2311.9 5.9 0.8 -21.6 21.4 -1.8
22.2 8.8 18
567 18.1 -62.5 -9.1 -32.1 -1.2
1364.9 -38.7 -24.3 -9.6 -29.8 -13.2
2320.5 4.3 -3.9 -18.1 21.7 -3.8
26.3 8.9 20.1
565.3 12 -69.9 -15.4 -37.9 -6.5
1365.6 -40.2 -25.8 -10.3 -30.4 -13.9
2329.8 1.8 -9.3 -14.7 21.7 -5.8
33.9 9 22.3
561 1.1 -82.3 -26.2 -48.1 -15.7
1366.4 -41.9 -27.5 -11.1 -31 -14.7
2339.2 -1.2 -15.3 -11.1 21.7 -7.4
57.6 94.3 133
617 107.6 23.3 75.4 51.3 76.3
1427.5 74.4 89 100.3 77.5 85.1
2431.5 158.5 142.9 148.3 172.5 130.4
57.9 94.2 133.7
616.9 104.5 19.4 72.5 48.9 74.5
1428.4 72.9 88.1 100 77.2 84.8
2440.9 155 138.1 152.4 171.4 128.4
59.1 94.1 134.3
614.6 96.7 11.3 66.3 43.9 70.9
1428.9 70.8 86.7 99.3 76.6 84.3
2450.1 151.5 132.9 156.8 171.9 126.5
58.8 98.6 142.1
641 144.6 54.9 105.3 76.4 94.2
1459.3 126.2 139.2 145.7 114.8 111.4
2500.8 226.4 201.2 226.6 225.6 162.8
59 97.8 142.1
641.5 142.6 52 103.3 75.2 94.1
1459.6 123.7 137.6 144.7 113.9 110.6
2509.2 222.7 197.7 229.9 224.6 163.6
59.2 96.6 141.5
641.9 140.5 48.9 101.5 74.3 94.1
1459.6 120.7 135.6 143.5 112.8 109.5
2517.7 218.9 194.3 233.3 224.6 164.8
60.3 95.6 136.5
641.8 136.9 44.6 99.1 73.1 93.9
1459.5 117.1 133.2 142 111.4 108.1
2522.7 204.7 179.6 229.9 216.9 157.1
62.1 94.3 117.4
641.2 132.1 39.1 96 71.6 94
1459.1 112.9 130.4 140.4 109.9 106.7
2503.4 142.7 121.1 189.5 178.8 128
65.4 93.2 114.9
638.5 123.8 31.5 91 69 94.1
1458.4 109.2 128 138.7 107.9 105.3
2513.4 145.1 125.8 199.8 181.9 133.2
53.9 83 118.4
664.6 170.3 70.2 122.3 88.9 100.9
1486.9 161.1 173.8 174.9 129.6 110.7
2566 222.8 190.4 262.2 218.2 143.2
54.7 82.3 119
665.4 168.2 67.3 121.6 89.7 102.2
1486.5 157.5 172 174.3 129 109.9
2579.7 226.1 193.4 276.3 225.9 147.4
55.4 81.6 119.3
666.6 167 64.5 120.9 90.4 103.7
1486.2 155.1 171 174.7 128.8 109
2592.7 232.2 197.5 291.6 235.4 152.4
winner is: 1
