Regression analysis information for: KLH016a_0251
number of formants: 3
number of coeccicients: 5
10.9 18.4 34.9
452.7 -60.7 -41.1 -6 -8.4 -9.3
1100.5 194.6 60.1 73.7 15.9 10.8
2305.2 64.2 2.4 -39 37.5 -14.4
11.1 18.6 35.1
452.9 -60.3 -41.2 -5.7 -9 -9
1101.1 196.5 60.7 75.4 15.5 12.2
2307 67.9 3.9 -35.4 36.7 -11.9
10.1 19.5 37
452.2 -58.7 -41.4 -5 -11.2 -7.2
1101.2 199.4 61.4 77.5 14.1 14.9
2308.6 71.4 9.2 -34.5 36.7 -9.8
11.8 19.3 36.9
452.7 -59.2 -40.4 -5.9 -10.9 -7.6
1102.6 201 63.4 78.5 15.1 16
2309.4 78.2 10.5 -29.2 34.9 -4.9
9.7 15.5 36
451.9 -57.5 -41.7 -3.9 -13.5 -5.7
1106.5 198.1 70.3 75 20.9 12.1
2311.5 82.4 14.9 -24.9 34.7 -2
9.7 15.3 36.8
452 -57.1 -41.7 -3.9 -14.4 -4.5
1108.3 199.2 73.2 75.4 23.1 12.7
2314.6 86.5 20.4 -22.9 36.1 2.1
9.9 16 38.2
452.8 -57.8 -41.6 -4.1 -14.6 -4.8
1109.8 201.3 74.4 78 23.8 14.4
2318.8 89.4 23.9 -19.2 37.4 4.1
10.8 17.6 39.5
453.6 -58.2 -41 -5.6 -12.8 -6.6
1110.4 205.2 74.6 81.6 23.8 17.4
2322 94.1 27.3 -17.6 42.1 4
11.6 20 40.2
455.1 -60.2 -39.7 -7.2 -11.6 -7.4
1110.7 210.1 74.2 86.5 23.1 21.6
2326.5 95.9 31.7 -15.9 44.6 6.5
11 22.7 38.9
455.1 -60.4 -38.7 -9 -11.5 -6.3
1110.3 216.4 73.2 91.6 22 26.3
2328.6 99.3 38 -18.2 47.7 10
13.1 24.4 37.5
452.4 -54.3 -45.5 -2.3 -19.1 2.1
1110.8 221.6 73.2 96.4 22 29.6
2332.5 100.9 41.1 -16.5 48.8 13.5
12.9 60.3 79.6
458.9 -66.5 -34.8 -14.7 -7.1 -9.2
1132.8 182.6 117.1 57.3 65.9 -11.4
2353.4 67.7 77.7 -51.4 87.4 -20.7
14.5 98.8 120.1
461.8 -71 -32.1 -18.9 -2.9 -12.5
1154.3 144 160.1 19.2 107.9 -51.2
2376.2 31.5 116.3 -88.3 127.9 -57.7
14.9 95.5 119.4
464.8 -75 -30.9 -21.3 -0.6 -13.4
1150 154.5 153.3 29.7 101 -44
2380.3 31.2 116.1 -86.9 129.6 -56.6
14.7 122.6 149.5
467.8 -78.8 -30.7 -23.4 1.8 -14.9
1169.9 119.1 195.1 -3.8 139.1 -78.2
2404.6 -7.8 154.5 -123.1 169.1 -91.9
14.1 121.5 149.4
471.6 -83.9 -30.5 -25.1 3.7 -15.6
1165.8 129.3 192.2 6 134.5 -73.1
2409.1 -8.3 153.4 -120.7 170.5 -90.8
13.5 121.5 149.2
475.6 -88.8 -30.7 -26.3 5.6 -15.7
1160 140 188.3 15.6 128.3 -69.1
2412.5 -7.8 151.2 -119 171.5 -90.6
19 123.5 149.4
475.5 -85 -40.8 -17.6 -1 -8.1
1154.6 149.7 188.4 23.2 124.8 -66.6
2415.7 -7.1 148.4 -115.6 171.4 -90.3
14 144.4 169.6
486.2 -101.9 -32.6 -26.8 9.1 -15.1
1168.4 116.2 230.9 -10.6 157.5 -101.6
2439.5 -46.8 186.3 -151.3 207.6 -123.6
15.8 149.3 170.3
492.5 -109.1 -35.5 -25.4 11.1 -14.2
1158.3 126 233.6 -5.4 151.8 -103.8
2441.6 -44.3 183.5 -148.8 207.5 -124.8
winner is: 5
