Regression analysis information for: KLH016a_1353
number of formants: 3
number of coeccicients: 5
1.8 13.8 23.8
287.6 -5.4 8.7 -10.3 0.1 -2.2
2329.1 -6.6 -52 -31.4 -11.8 9.2
2974.6 30.6 -113.9 -54.8 -74.6 -18.3
1.8 13.9 21
287.7 -5.5 8.7 -10.3 0.1 -2.2
2330.4 -7.8 -51 -32 -10.3 8.6
2980.3 29.3 -117.4 -55.9 -66.4 -20.3
1.8 13.5 22.3
287.7 -5.5 8.7 -10.3 0.1 -2.1
2331.2 -9.5 -50 -32.9 -10.3 8.5
2983.5 28.7 -113.9 -59.3 -71.9 -22.5
1.8 13.3 23.4
287.8 -5.7 8.7 -10.3 0.1 -2.1
2330.5 -15.8 -53.2 -35.7 -10.1 9
2982.7 9.7 -131.3 -60 -53 -11.1
1.8 13 24.8
287.8 -5.6 8.6 -10.3 0.2 -2.1
2332 -18 -52.7 -36.5 -9.2 9.5
2991.5 9.2 -135.4 -65.1 -52 -9.3
1.8 12.6 27.6
287.9 -5.7 8.6 -10.3 0.2 -2.1
2334.5 -19.1 -51 -37.1 -7.3 9.6
3004.3 12.1 -139.1 -71.9 -49.9 -10.9
1.8 12.5 28.2
288 -5.7 8.6 -10.3 0.2 -2.1
2338 -20.1 -48.4 -37 -6.1 10.9
3019.8 17.1 -141.6 -77 -49.6 -13
1.8 12 32.3
288.1 -5.7 8.7 -10.3 0.1 -2
2341.5 -21.2 -45.3 -37.2 -5 12.4
3033.5 20.5 -140.5 -84.2 -52.2 -13.3
1.8 11.9 35.8
288.2 -5.6 8.7 -10.3 0.2 -2
2345.9 -20.9 -42.2 -36.5 -4 13
3051.6 28.4 -141.2 -89.5 -56.1 -19.4
1.8 11.8 39.1
288.3 -5.6 8.7 -10.2 0.1 -2
2350.6 -20.6 -38.2 -35.6 -2.4 14
3071 35.3 -141.1 -94.5 -57.5 -24.5
1.9 12 40.4
288.3 -5.4 8.6 -10.2 0.1 -2
2355.4 -20.1 -33.4 -35.3 -0.9 15.6
3088.7 43.4 -136.2 -102.7 -61 -23.8
1.9 12.2 40.6
288.3 -5.3 8.5 -10.2 0.1 -1.9
2360.9 -19.7 -28.7 -33.7 0.9 16.8
3109.4 50.3 -132.2 -104 -60.6 -28.7
1.9 12.1 43.5
288.4 -5.1 8.4 -10.1 0.1 -1.9
2366.7 -17.9 -24.9 -32.1 2.1 18.3
3135.3 65.3 -134 -110.2 -63.3 -32.5
2 12 47.2
288.4 -4.9 8.3 -10.1 0 -1.9
2372.9 -16.7 -20.4 -31 4.2 18.9
3163.2 78.8 -132.5 -114.6 -61.7 -39.9
2 12 49.4
288.3 -4.6 8.1 -10 -0.1 -1.8
2379 -15.4 -15.9 -29.5 5.9 20.1
3190.7 94 -127.6 -116.8 -60.4 -43.6
2 12.2 51.4
288.2 -4.3 8 -9.9 -0.2 -1.8
2385.3 -14.3 -11.5 -27.9 7.2 21.7
3220.1 112.6 -122.8 -117.8 -58.8 -48
2 12.7 54.8
288.1 -3.9 7.7 -9.9 -0.2 -1.8
2391.8 -13.4 -7.9 -26.1 8.3 23
3254.6 133.8 -119.9 -117.8 -56.9 -53.4
2.1 13.8 58.3
287.8 -3.4 7.3 -9.8 -0.4 -1.7
2397.8 -15.1 -3.6 -24.2 10.4 24.6
3281.8 138.4 -113.7 -104.9 -34.1 -52.7
2.3 15.2 61.4
287.3 -2.5 6.7 -9.7 -0.6 -1.6
2405.4 -16.4 0.4 -23 11.5 26.4
3323.5 154.7 -111.2 -102.4 -19.4 -54.4
2.5 16.8 62.1
286.7 -1.4 6 -9.5 -0.9 -1.5
2412.8 -18.2 4.2 -21.8 12.1 28
3364.8 172.8 -99 -101.8 -15 -60.6
winner is: 2
