Regression analysis information for: KLH016c_1240
number of formants: 3
number of coeccicients: 5
4.9 32.3 14
353.9 28.7 -16.8 32.3 -1.6 -21.6
1627 -74.4 122.1 -97.5 119.6 -33.2
2439.4 -21.9 27.7 -12.3 20.1 29
4.8 32.1 14.8
354.2 28.9 -17.2 32.6 -1.3 -21.9
1639.7 -83.7 126.7 -99.9 120.3 -32.9
2445.2 -25.6 25.3 -12.2 19.9 31.3
5 31.1 14.9
354.6 29.1 -17.6 33 -1.4 -22.1
1653.9 -85.7 133.3 -98 121.6 -33.6
2450.1 -28 22.7 -11.9 20.3 31.7
5 30.4 15.5
354.9 29.4 -17.8 33.4 -1.7 -22.5
1668.2 -87.4 139.3 -96.1 122.7 -32.1
2455.3 -30.7 20.2 -12 20.5 33.3
5 33.6 15.4
355.3 29.1 -18.1 34 -2.1 -22.2
1676.4 -90.1 142.3 -89.9 126.4 -31.2
2458.2 -33 19.1 -10.3 20.9 32.8
5.2 33 15
355.5 29.5 -18.1 34.6 -2.5 -22.5
1690.2 -86.1 152.2 -86.4 124.2 -29.6
2461.2 -34.9 18.5 -11 19.1 34.1
5.2 35.3 15.4
356.1 29.6 -18.1 34.9 -2.5 -23
1701.1 -74.1 150.2 -73.6 120.9 -28.3
2464.1 -34.8 13.1 -8.5 17.6 34.8
5.4 34.6 16.3
356.5 29.8 -18.4 35.6 -2 -23.6
1716 -70.6 151.1 -63.5 118 -23.5
2468.4 -36.9 8 -7.2 16.6 37
5.5 34.4 17.1
357 30.2 -18.5 36.5 -2.1 -24.1
1736.6 -64.2 157.2 -51.1 117.7 -20.5
2473.1 -40.2 2.9 -6.2 16.2 38.2
5.7 37.4 18.1
357.3 30.7 -18.7 37.3 -2.3 -25
1757.2 -61.6 160.4 -39.2 118.2 -17.8
2477.8 -43.8 -2.1 -5.4 16.2 39.5
6 40.1 19.3
357.8 30.4 -18.7 38.7 -3 -25.5
1782.2 -53.1 168.8 -23.7 122.3 -15.7
2481.9 -46.6 -7.5 -4.9 17.6 40
6.3 44.1 20.7
358 31 -18.7 39.9 -3.2 -26.8
1809.2 -44.6 174.8 -6.8 125.2 -13.1
2485.8 -50.5 -13 -4.3 18.5 41.2
6.5 48.3 22.5
358.1 31.4 -18.6 41.4 -3.5 -27.9
1841 -34.1 182.8 13.4 128.9 -9
2489.4 -54.9 -18.8 -2.8 19.4 42.3
6.9 54.8 24.5
358.1 31.7 -18.3 43.1 -3.1 -29.5
1874.6 -20.6 187.1 36.9 133.7 -6.7
2492.5 -58.5 -25.1 -1.2 21.8 43.5
7.3 63 27.8
357.7 32.2 -17.8 45.1 -3.3 -31.6
1917.8 -0.6 199.5 68.1 143.3 0.8
2495.1 -63.2 -30.4 1.9 25 44.5
8 71.4 33.3
357 32.3 -17.1 47.8 -3.9 -34
1958.2 -3.6 190.6 90.2 137.8 -4.7
2507.1 -50.3 -17.7 24.3 45.5 59
8.8 78.9 39.4
356.2 32.2 -16.1 50.7 -5 -36.4
2000.2 1 182.1 107.7 130.6 -12.3
2528.5 -23.5 7 64.3 79.5 76.7
9.8 81.7 43.8
354.4 31.8 -14.7 54 -6 -40.3
2032.4 -8.1 160.1 102.8 122.5 -13.9
2524.4 -59.9 -32 69.1 70 48.1
10.5 77.5 58.4
352.6 31.5 -11.9 58.1 -7.2 -44.1
2064.3 6.5 148.7 91.9 120.9 -15
2602.3 53.2 66.9 207.6 173.9 93.6
12.5 79.4 107.5
349.1 29.4 -6.9 64.9 -8.9 -50.2
2092.4 25.5 129 68.2 122.4 -13.1
2664.7 121.5 99.7 312.1 265.8 100.5
winner is: 4
