Regression analysis information for: KLH016e_0017
number of formants: 3
number of coeccicients: 5
13.5 34.5 38.6
253.8 -15.6 -28.5 -6.6 -13.4 13.9
1509 278.5 -59 -187.6 -12.7 -5.8
2735.6 122.5 39.4 -230.7 -43.6 -20.2
15.8 35.8 41.4
251.5 -17.2 -31.8 -6.4 -13.9 16.2
1515.2 278.6 -57 -187.2 -14.8 -6.7
2758 115.6 29.9 -229.6 -42.2 6.5
19 35.2 39.3
247.9 -20.1 -36.6 -6.2 -13.9 19.5
1523.6 277.7 -59 -185.2 -12.9 -7.6
2777.8 97.9 31.4 -214 -48.3 13.7
21.5 35.5 40.3
245.6 -19.3 -39.9 -4.5 -14.9 22.4
1531 274.6 -62.3 -185.4 -11.8 -7.9
2795.5 78.7 29.1 -200.8 -56.3 18.1
23.2 36.2 42.6
243.2 -23.4 -42.2 -6 -12.9 24
1535.4 274.2 -64.1 -181.5 -15.4 -6.9
2806.8 67.7 30.3 -188.6 -66.6 24.8
127.9 116.5 146
305.3 94.4 30 17.1 -53 -60.7
1591.3 361.5 -10.5 -163.3 -44.2 -69.5
2878.6 154.8 94.8 -159.4 -104.4 -42.6
128.1 116.6 143.6
303.6 93 28.3 16.4 -52.5 -60.4
1597 360.9 -13.8 -159.2 -45 -70.3
2891 145.8 89.3 -147.4 -106.4 -43.7
126.6 115 142
303.8 91.5 30.1 13.2 -50 -64.8
1599.2 356 -15.6 -148.3 -51 -72.1
2905.1 134.1 80.9 -133.1 -117.3 -43.6
126.9 116.5 139.3
301.7 91.9 27.9 12.6 -49.8 -65.4
1605.4 353.2 -17.5 -143.9 -53.7 -71.2
2916.6 123.1 80 -123.2 -121.7 -43.7
126.3 116.5 137.5
300.9 92.4 27.5 10.6 -49 -68.6
1607.5 350.6 -18.3 -138 -55 -69.4
2924.4 117.3 79.7 -118 -126.1 -39.9
125.8 115.5 134.1
298.8 91.5 25.8 10.5 -47.6 -67.5
1611 345.9 -21 -128.7 -55.4 -74.3
2934.3 109.6 71.3 -107.6 -124.2 -46.6
125.2 114.8 133
299.7 92.6 27.2 8.6 -48.1 -70.3
1611.6 342.6 -24.3 -120.9 -54.3 -76.9
2940.3 107.2 62.4 -97.8 -124.9 -51.9
18.5 34.3 24
236.2 -19.8 -46.9 -11.1 -9.5 15
1560.6 251.2 -82.7 -138 -18.3 -16.6
2888.1 -0.4 -5.1 -118.8 -83.9 14.1
17.5 34.3 21.4
235.2 -18.8 -48 -12.3 -10.3 12.9
1563.2 249.8 -84.6 -133.8 -17.5 -19.4
2895.1 -3.9 -9.5 -111.4 -81.9 10.6
14.3 35.5 20.5
236.6 -14.7 -46.3 -13 -12.8 9.7
1563.1 242.9 -86.4 -122.7 -12.9 -21.9
2899.8 -9.8 -17.2 -100.2 -78.9 4.4
13 37.6 18.3
235.5 -11 -47.7 -13.5 -13.4 7.2
1563.1 239.4 -84.1 -115.5 -15.3 -26.1
2903.4 -17.5 -13.4 -91.3 -83.5 1.1
12.8 37.1 15.3
233.2 -9.1 -50.4 -14.3 -14.6 5.8
1565.4 236.1 -87.7 -107 -11.8 -28.9
2910.9 -24 -18.3 -83 -77.5 -2.4
12.8 36.6 14
230.8 -8.9 -53.2 -16.3 -16.2 4.5
1567.3 233.4 -88.8 -98.5 -8.6 -33.8
2917.5 -28.1 -22.6 -71.8 -72.7 -8.3
14.2 36.5 12.5
226.5 -4.3 -58.7 -16.9 -17.9 2.1
1566.6 228.9 -88 -86.4 -6.6 -41.1
2922.6 -38.1 -20.1 -59.5 -70.8 -15.1
13.2 35.5 12.9
227.2 -7.7 -58.9 -20 -21.4 1.4
1564.7 227.3 -85.7 -81 -1.4 -42.2
2919.7 -36.6 -20.2 -51.7 -64.4 -18.4
winner is: 20
