Regression analysis information for: KLH016e_0377
number of formants: 3
number of coeccicients: 5
0.9 37.2 8.2
417 22.8 3.4 7.7 0.1 2.1
1793.1 -410.1 156.9 -66.7 -30.8 45.2
2422.2 0.5 23.7 -8.6 2.8 -2.9
1 39.5 8.8
417.2 24.6 3.3 8.1 0 1.9
1803.2 -427.1 147.8 -56.8 -41.6 53.3
2424.4 0.3 23.1 -9.6 2.5 -2.1
0.9 34.3 7.8
417.2 22.7 3 7.9 0.1 2
1805.3 -419.6 146.5 -57.8 -31.9 40.7
2422.9 0.8 20.9 -9.2 3.7 -4.2
0.9 37.3 8.7
417.5 24.3 2.7 8.1 -0.1 1.8
1815.7 -434.9 130.7 -43.8 -44.8 51.1
2425.1 -1.2 18.4 -11.6 3.1 -2.5
0.9 33.8 13.3
417.7 22.5 2.6 7.7 0.1 1.9
1821.5 -428.5 132.3 -55.9 -25.7 34.7
2430 -5.5 21.7 -15.3 3.1 -0.2
1 32.1 17.7
418 22.5 2.5 7.6 0.2 1.8
1832.1 -435.2 126.7 -56.3 -20.4 29.5
2434.8 -8.7 23.9 -18.4 3 2.5
1 29.5 20
418.5 24.3 2.3 7.9 0.1 1.7
1845 -453 112.3 -47.7 -24 28.8
2441.9 -14.7 26.1 -18.7 -2.9 12.7
1 29.5 20.7
418.7 22.6 1.9 7.5 0.4 1.7
1857.1 -445 102.3 -47.7 -12.1 18.5
2444 -13.1 28 -26.9 5.7 3.3
0.9 29.1 22.2
419.2 22.6 1.7 7.5 0.4 1.6
1871.1 -451 88.1 -40 -10.1 13.7
2449.2 -15.6 31.9 -31.9 7.8 3.6
1 26.4 25.1
419.7 24.4 1.4 7.8 0.3 1.4
1885.2 -466.2 64.4 -22.5 -16.1 11.2
2462.3 -31.5 43.8 -37.9 4 15.2
0.9 26.1 20.6
420.2 22.6 1.2 7.4 0.5 1.4
1898 -455.9 46.6 -13.9 -11.3 4.6
2470.8 -41.2 56.9 -54.8 17.9 1.7
0.9 24.4 24.7
420.8 24.5 1 7.8 0.3 1.2
1913.8 -474.9 25 3 -17.6 1.7
2477.5 -46.5 62.2 -57.2 13 11.9
0.9 24.3 23.8
421.3 24.6 0.8 7.8 0.4 1.1
1930.6 -479 1 15.3 -13.1 -6.5
2484.1 -51.9 70.8 -67.1 17.8 9.9
0.9 23.3 18.2
421.7 22.8 0.4 7.4 0.6 1.2
1950.9 -471.5 -21.7 26 -6.1 -17.5
2491.9 -60.3 83.4 -80.4 25.1 4
0.8 22.1 22.2
422.3 24.6 0.2 7.7 0.5 0.9
1966.2 -487.9 -48.9 42.4 -3.2 -28.7
2502.7 -73.9 95.5 -85.1 18.9 15.7
0.8 21.3 22
422.9 24.7 0 7.7 0.5 0.8
1985.5 -494.1 -75.6 58.8 1.6 -42.7
2513 -85.4 108.7 -91.9 16 22.3
0.8 19.4 19.4
423.5 23.1 -0.1 7.5 0.5 0.8
2007.9 -491.8 -97.7 74.8 3.4 -56
2520.5 -91 118.6 -99.7 21.2 15.6
0.7 20.6 22.3
424.1 24.8 -0.2 7.7 0.4 0.7
2012 -497.9 -111.4 73.3 10.9 -56.9
2549 -124.2 118.5 -81.6 6.7 16.3
0.7 18.7 19.1
424.7 23.3 -0.4 7.5 0.4 0.7
2022.6 -483 -114.2 66.7 12.6 -51.8
2570.1 -139.7 107.4 -63 6.2 -4.7
0.7 21.2 24
425.3 23.4 -0.6 7.5 0.3 0.6
2030.1 -476.9 -123.4 59.6 20.5 -46.9
2599.5 -169 97.3 -35.5 -6.8 -17.5
winner is: 19
