Regression analysis information for: KLH016c_1413
number of formants: 3
number of coeccicients: 5
5.3 5.4 8.9
621.8 -91.2 -9.3 -33.4 -2.2 -18.2
1291.3 -0.2 -39.8 -9 17 -9.7
2298 -73.1 11.9 6.3 22.3 9.4
5.6 5.8 7.4
625.1 -87 -7.1 -30.1 -2.2 -17.8
1294.2 0.8 -41.8 -6.5 14.3 -10.5
2301.1 -75.1 9.4 3.7 18.2 6.5
5.4 6.4 7.6
627.9 -88.9 -6.2 -29.8 -2.4 -17.3
1297.1 1 -43.3 -5.5 14.1 -10.9
2308 -74.1 11.8 4.2 19.7 7.2
5.3 7.4 8.2
631.1 -91.4 -5.2 -29.2 -3.1 -16.9
1300.1 1.3 -45.1 -4 13.5 -12
2315.5 -72.8 15.2 5.5 21 8
5.2 8.5 8.7
634.6 -94.3 -3.9 -28.7 -3.9 -16
1302.9 2 -47 -2.4 12.9 -13.1
2323.1 -71.2 19 6.4 22.1 8.5
5.2 10 9.2
639.1 -98 -2.2 -27.9 -4.9 -15.2
1305.9 3.3 -49.6 -0.9 12.4 -14.9
2331.7 -69.5 22.9 7 23.1 8.8
5.2 11.6 11
643.2 -107.7 -1.9 -29.7 -7.5 -14.6
1308 3.8 -51.1 -1.6 14.8 -18.2
2343.8 -65.3 33.6 10.1 28.4 10.4
5.6 14.2 11.5
649.5 -113.1 0.6 -28.4 -9.8 -12.9
1310.5 6.7 -54.9 -0.5 14.8 -21.9
2352.9 -63.6 37.9 9.4 28.7 10.3
6.2 17.3 12
656.4 -119.4 3.6 -27.8 -12.1 -10.6
1312.5 10.7 -59.4 0.5 15.2 -25.7
2362.2 -60.3 43.1 8.5 30.4 10.5
6.8 20.8 11.3
664.1 -118.9 8.6 -25.5 -11 -11
1316.4 15.5 -66.4 6.8 9.3 -27.4
2366.5 -56.5 41 4.8 29.2 7.7
8.2 25.6 13.8
670.5 -131.5 7.9 -25.4 -17.5 -8.8
1317.6 17.8 -70.9 5.8 13.6 -35.5
2378.8 -49.3 53.1 6.5 34.2 9
9.9 32.6 13.4
681.6 -135.4 16 -23.6 -17.9 -5.2
1319.9 26.7 -82.2 13.6 7.3 -39.8
2382.6 -44.2 50.7 1.1 32.8 7.9
12 39.7 14.9
691.9 -146.1 21.6 -24 -19.6 -3.9
1321.2 33.3 -92.9 19.8 5.2 -47.1
2389.6 -38.8 56.9 -2.6 36.8 7.2
13.2 46.7 17.7
700.6 -153.7 25.2 -24.7 -20.2 -6.3
1325.6 36.2 -104.4 29.3 -1.7 -53.6
2394 -32.9 62.1 -9.8 39 6.5
16.6 54.4 20.9
706 -165.1 22.9 -29.3 -22.8 -11
1328.4 37.4 -113.2 29.5 1.1 -63.1
2403.5 -27.7 74.6 -19.5 44.2 7.4
22.4 60.8 23.5
708.6 -162.6 20.9 -32.4 -14.8 -25.3
1334.6 37.7 -126.3 41.8 -5.9 -69.5
2406.4 -17.9 82.4 -27.3 49.3 8.2
36.1 91.8 103.6
720.3 -174.6 23.7 -30.1 -22.5 -19.6
1379.3 -24.4 -102.1 62.5 -68.7 19.7
2446.8 -70.9 115.5 -19.6 -2.2 85.6
39.8 152.6 199
737.3 -194.7 33.6 -31.2 -32.2 -4.8
1474.5 -149.3 -100.7 154 -180.5 77.3
2575.1 -227.6 92.5 139.5 -160.9 111.6
37.7 169.9 201.5
756.1 -220.1 50.6 -42.6 -30.6 0.8
1535.8 -230.4 -87.2 171.6 -195.8 77
2630 -283.3 77.8 174.7 -152 43.2
52.2 85.2 148
751.4 -202.9 32.2 -33.9 -33.8 -5.2
1608.4 -325.1 -82.2 252 -322.8 182.4
2640.8 -290.6 77.9 192.6 -193.3 76.3
winner is: 2
