Regression analysis information for: KLH016b_0291
number of formants: 3
number of coeccicients: 5
2.1 92 39.4
276.5 3.6 7.3 1.9 0.1 -2.5
1951 -205.9 218.4 240 -96.7 -183.2
2404.3 160.3 79.8 90.6 21.3 -30.2
2 96.1 41.6
276.5 3.8 7.4 2.1 0.2 -2.5
1981.1 -167.1 171.1 219.5 -94.7 -169.8
2403.1 170.3 77.4 98.8 23.3 -26.3
2 148.2 166.6
276.5 4.1 7.5 1.9 0.2 -2.4
2004.1 -72.6 163.3 45 -135.6 -88.4
2480.8 274.9 -0.6 -101.9 -59.4 90.1
2 149.2 202.9
276.7 4.3 7.4 1.8 0.2 -2.4
2058.5 -8.4 113.3 -57 -165.8 -48.5
2578.3 379.4 -93.4 -269 -142.7 143.6
2 96.3 180.7
276.7 4.5 7.4 1.7 0.2 -2.4
2090.6 43.9 49.7 -132.8 -88.1 36
2633.8 420.2 -169.2 -327.6 -100.1 213.4
2 63.1 141.8
276.8 4.6 7.3 1.8 0.1 -2.4
2147 47.2 -52.2 -94.8 -44.3 61.1
2684.9 442.6 -250.5 -357.2 -22.7 258.3
2.1 83.2 124.5
276.9 4.6 7.3 1.7 0.1 -2.5
2153.1 37.2 -40.4 -92.2 -44.9 38.4
2701.5 466.9 -249.5 -377.3 -56.8 229.1
2.1 58.2 112.1
277 4.7 7.3 1.7 0.1 -2.4
2188.9 37.2 -88.3 -86.9 9.3 38.1
2778.9 503.5 -351.9 -394.3 -0.7 181.9
2.1 55.6 116.5
277 4.8 7.5 1.8 0.1 -2.4
2198.7 32 -84.4 -77.7 1 44.3
2777.5 513.3 -337.5 -401.5 -10.7 187.6
2.1 52.4 104.8
277.1 4.8 7.6 1.9 0.2 -2.4
2207.4 24.4 -72.7 -82.7 1 43.7
2789.9 521.4 -344.9 -399.6 -9.4 172.4
2.2 53 109.5
277.2 4.8 7.6 1.9 0 -2.5
2214 26.5 -81.3 -63.1 -9.1 43.6
2846.9 519.5 -438.3 -360.8 66.7 106.8
2.2 47 90.6
277.1 4.9 7.7 1.9 0 -2.6
2215.3 32.1 -69.3 -71.7 -3.4 42
2813.9 549.1 -348.4 -399.8 -17.9 137.2
2.2 52.6 86.9
277.1 5 7.8 1.9 0 -2.5
2216.8 41.2 -60.6 -71.9 -2.8 49.7
2829.5 561.5 -346.4 -398.7 -22.4 125.1
2.2 47.3 99.3
277.3 5.1 8 2.1 0.1 -2.5
2230.3 35 -57.7 -60.6 -4.2 40
2861.6 584 -361.6 -391.9 -23.9 81.9
2.2 41.6 121.9
277.4 5.1 8.1 2.2 0.1 -2.6
2242.2 31.6 -53.8 -50.9 -3.7 30.8
2896.9 573.3 -405.4 -361 28.6 61.3
2.3 34.5 114.9
277.5 5.1 8.1 2.2 0.2 -2.6
2253.2 28.9 -51.6 -39.7 -2.6 20.7
2916.2 571.7 -405.3 -350.6 39.9 42.3
2.3 33.4 116.8
277.5 5.2 8.3 2.2 0.1 -2.7
2256.4 34.7 -44.7 -39 2.3 19.6
2924.5 569.2 -375.7 -361 40.7 52.5
2.4 24.4 113.4
277.6 5 8.3 2.2 0.1 -2.8
2267 33.6 -45.3 -21.9 -4.9 16.3
2948.9 560.5 -367.7 -353.1 53.7 30.6
2.4 15.2 120.5
277.7 5 8.4 2.3 0 -2.9
2275.8 33.8 -45.6 -7.2 -9.3 12.2
2976.7 549.5 -364.1 -336.6 63 14.9
2.4 7.9 137.8
277.8 5 8.5 2.4 0.1 -2.9
2283.5 32.6 -46.8 6.4 -13.6 8.3
3014.9 535.2 -393.4 -305.1 96.7 -42.9
winner is: 1
