Regression analysis information for: KLH016c_1628
number of formants: 3
number of coeccicients: 5
14.4 12.4 16.8
628.3 -17.8 -63.7 -19.9 -23.7 -8.7
1411.2 94.3 -12.8 6.2 -16.8 -0.3
2405 175.5 7.9 -46.3 8.9 -12.8
14.1 12.2 17.3
628.9 -18.1 -63.8 -19.5 -23.5 -7.9
1411.7 93.9 -13 6.5 -16.7 0.3
2410.1 175.9 5.5 -46.5 9 -11
13.9 12.1 17.9
629.3 -18.6 -64.2 -19.3 -23.7 -7.5
1412.2 93.7 -13.3 6.7 -16.9 0.7
2414.7 176 2.1 -46.8 8.2 -9.3
13.8 11.9 17.8
629.6 -18.7 -64.6 -19 -23.8 -7.2
1412.5 93.8 -13.7 6.9 -16.9 1
2418.8 177.8 -0.9 -46.2 8.7 -7.5
13.6 11.7 18.6
630 -19.6 -64.7 -19 -24.1 -7.1
1413.1 93.3 -13.7 6.9 -17 1.2
2422.5 177.8 -2.7 -46.4 8.2 -5.9
13.6 11.7 18
630.2 -20.2 -65.1 -18.8 -24.1 -6.5
1413.3 92.9 -14 7.1 -16.8 1.8
2426.2 178.4 -5 -46.2 9 -3.2
13.6 11.6 19.1
630.5 -20.6 -65.1 -18.6 -24.5 -6.2
1413.8 92.7 -13.8 7.4 -17 2.1
2429.5 178.6 -4.8 -45.1 8.1 -1
13.4 11.3 19.4
630.9 -20.8 -64.6 -18.2 -24.6 -5.9
1414 92.5 -13.5 7.7 -17 2.4
2432.1 179.1 -3.1 -44.7 7.9 1.5
13.2 11 20
631.2 -21.6 -64.6 -18.1 -24.5 -5.5
1414.3 91.9 -13.3 7.9 -16.7 2.9
2434.8 178.6 -2.3 -43.6 9.3 4.2
13.2 11 19.2
631.3 -22.4 -64 -17.6 -25 -5.6
1414.5 91.4 -12.6 8.4 -16.9 2.9
2435.2 176.8 3.4 -39.8 7.1 3.2
13.1 10.8 19.6
631.8 -23.4 -64 -17.5 -25.1 -5.6
1415.1 90.8 -12.4 8.5 -16.8 3
2438.5 175.6 3.8 -38 8 4.7
12.8 10.4 19.8
632.2 -24.4 -64 -17.2 -24.8 -5.3
1415.3 90 -12.4 8.9 -16.2 3.5
2440.8 173.1 3.5 -34.6 11.2 7.3
12.8 10.3 20.4
632.8 -25.1 -63.6 -16.8 -25 -5.4
1415.9 89.5 -12 9.3 -16.2 3.4
2443.4 171.4 6.2 -31.1 11.6 7.1
12.8 10.2 21.6
633.5 -25.5 -63.3 -16.3 -24.7 -5.1
1416.3 89.2 -11.7 9.9 -15.7 3.6
2446.1 169.9 7.2 -27.7 15.3 9.4
12.7 10.1 20.9
634.1 -26.5 -63.3 -16 -24.9 -5.3
1416.9 88.7 -11.6 10.3 -15.6 3.6
2449.4 167.6 8.1 -23.9 16.5 8.7
12.6 9.8 21.5
634.7 -27.3 -63.3 -15.8 -25.2 -5.4
1417.5 88.3 -11.3 10.5 -15.5 3.6
2452.6 166.2 9.4 -21 17.1 8.6
12.6 9.7 21.9
635.5 -28.1 -63.3 -15.7 -25.4 -5.7
1418.4 88.2 -11.1 10.8 -15.4 3.5
2457.5 166.9 9.7 -18 19.1 8.9
12.7 9.6 23.5
636.4 -29.1 -63.2 -15.6 -25.4 -5.9
1419.2 87.8 -10.9 11 -15.2 3.4
2462.4 165.2 9.2 -16 21.2 9
12.7 9.6 23
637.5 -30.2 -63.1 -15.4 -25.5 -6.1
1420.1 87.4 -10.7 11.4 -15 3.2
2468 163.7 9.6 -12.4 23.1 7.8
12.7 9.4 23.7
638.6 -31.5 -63.4 -15.4 -25.7 -6.1
1421.1 87 -10.9 11.5 -14.8 3.4
2474.5 161.7 6.6 -11.8 25.6 9.7
winner is: 12
