Regression analysis information for: KLH016b_0744
number of formants: 3
number of coeccicients: 5
3.5 40.4 61.6
356.9 3.9 -23.8 -1.5 -8.9 1.1
2186.6 109.7 -65.1 39.4 -69.7 56.5
2557.4 202.1 129.1 75.7 -28.6 -33.8
3.7 39.2 52.5
356.8 4.1 -24 -1.5 -9.1 1.2
2182 117.2 -58.6 28.4 -64.1 64.3
2567.2 211.8 123.2 68.5 -19.3 -21.1
3.8 35.3 44.5
356.8 4.1 -24 -1.6 -9.1 1.1
2177.2 124.5 -57.5 26.2 -59.2 59.3
2574.1 218.3 119.9 67.5 -12.5 -15
4 37.4 35.9
356.8 4 -24.2 -1.8 -9.2 1
2175.4 127.8 -54.5 25.3 -58 58.4
2590.5 230.6 104.6 55.9 1.9 4.1
4.2 37.2 34.7
356.8 4 -24.3 -2.1 -9.4 0.9
2166.6 137.4 -43 10.5 -49.6 59.2
2611 247.5 89 33.3 3.4 25.4
4.5 36.5 35.7
356.7 3.9 -24.7 -2.2 -9.7 0.8
2170.4 135.3 -42.3 12.6 -49.7 59.5
2630.7 263 71.6 11.1 6.5 44.4
4.8 34.5 40.7
356.6 4.1 -24.9 -2.3 -10 0.9
2170.9 134.3 -36 8.2 -49.9 62.9
2649.3 277.2 54.2 -14.5 4.1 63
5.5 34.2 45
356.4 4.4 -25.7 -2.2 -10.8 1.2
2173.8 132.6 -31.1 7.7 -52.2 65.3
2666.4 292.8 44.5 -31.4 1.7 73.7
6.1 33.5 46.3
356.3 4.6 -26.4 -2.1 -11.5 1.3
2184 125.7 -35.3 15.3 -52.4 60.5
2680.5 306.7 39.4 -42.5 -0.2 77.4
6.9 33.5 47.9
356 4.8 -27.2 -1.9 -12.4 1.4
2194.7 117.5 -36.9 20.4 -52.8 60.4
2692.8 319.8 36.7 -51.1 -1.9 79.3
7.8 32.6 45.7
355.7 4.8 -28.3 -1.9 -13.5 1.5
2207.3 104.9 -36.5 28.6 -58.7 59.9
2704 332.2 33.1 -56.8 0.8 77.7
9.5 34.5 46.7
355 5.6 -30 -1.2 -15.2 2.3
2220.6 89 -32.4 35 -66.8 64.4
2711.7 343.6 30.3 -63.5 2 75.6
10.6 35.9 49.2
354.5 5.5 -31.3 -1.1 -16.6 2.4
2240.2 65.8 -28.7 47.9 -80.2 71.8
2717.3 360.3 28.3 -70.9 8 71.9
12.8 41 51.1
353.5 6.7 -33.6 0.2 -19.1 3.6
2264.5 36.3 -24.4 61.1 -91.5 78.3
2715.5 376.5 33 -70.2 4.7 60.7
15.3 46.3 48.1
352.5 8.1 -36 1.7 -21.6 5
2278.1 23.6 -27.1 64.5 -82.9 64.3
2732.2 372.6 33.4 -64.3 -11 74.1
84.1 39.5 105.5
386.2 -63.5 30.8 -69.7 45.3 -66.3
2296.9 -3.1 -8.6 44.3 -52.3 29.8
2785.9 299.3 94.1 -113.4 27.2 34.5
85.3 37.7 104.2
385 -65.1 28.1 -71 42.6 -67.6
2306.3 -10.3 -11.3 46.1 -43.1 16.1
2812.2 282.1 100.1 -103.6 8.7 52.6
86.5 32.4 101.5
383.8 -66.1 25.1 -71.8 39.6 -68.3
2313.3 -13.8 -14.7 49 -36.4 6.2
2845.1 255.8 108.3 -94.5 -8.5 69.4
88.6 30.4 102.1
381.7 -67.9 20.6 -73.3 35.2 -69.8
2321.6 -18.6 -18.9 53.5 -28.9 -6.2
2880 224.7 120.4 -86.2 -25.2 89.9
171.2 60.7 115.2
436.6 44.8 128.8 37.6 140.6 37
2346.1 21.1 28.2 91.4 15 31
2942.6 223.9 163.7 -32.9 0.6 135.1
winner is: 5
