Regression analysis information for: KLH016c_1022
number of formants: 3
number of coeccicients: 5
0.9 18.4 20.7
314.1 20.3 10.6 0.7 2.9 2.8
1052.4 102.7 115 1.8 13.5 9.5
2480.8 -49.5 -24.4 1 1.2 -3.4
0.9 18.2 20.6
314.5 20.3 10.5 0.8 2.9 2.8
1055.7 104.3 115.5 2.2 13.7 9.8
2486 -50.6 -23.8 2.5 1.7 -3.7
0.9 17.9 20.7
315 20.4 10.3 1 3 2.8
1059.3 106.4 116.5 2.7 14 10.2
2491.3 -52.6 -23.1 3.8 2.4 -4.2
0.9 17.8 20.5
315.5 20.4 10.2 1.2 3.1 2.8
1062.9 108.5 117.5 3.2 13.8 10.4
2496.5 -54.7 -21.9 5.3 2.3 -5
0.8 17 19.8
315.9 20.2 10.2 1.5 3.1 2.8
1064.7 108.5 118.9 4.8 15.1 10.9
2500.1 -59.2 -20.1 7.1 3.1 -5.3
0.8 16.9 19.9
316.5 20.2 10 1.7 3.2 2.8
1068.3 110.4 120 4.7 14.4 10.6
2506 -62.6 -19.1 7.9 2.9 -6.6
0.8 16.8 19.7
317.2 20.1 9.8 2 3.2 2.7
1071.9 112.5 121.6 4.9 14.3 11.1
2512 -66 -18.3 9.4 3 -7.2
0.7 16.6 19.6
317.9 19.9 9.6 2.3 3.2 2.7
1075.3 114.2 123.7 5.1 14 11.1
2518 -70 -16.5 10.5 2.7 -8.2
0.7 16.4 19.6
318.8 19.7 9.4 2.7 3.2 2.6
1079 116.8 126.4 5 13.6 11.2
2524.7 -74.6 -14.6 11.5 2.6 -9.7
0.8 16.2 19.5
319.7 19.4 9 3.1 3.3 2.5
1082.2 119.4 129.1 4.4 13.6 11.8
2531 -79.2 -13.3 12.3 3.2 -10.8
0.8 15.9 19.6
320.8 19.2 8.6 3.6 3.3 2.4
1085.4 123 132.6 3.6 12.9 12.1
2537.7 -84 -11.6 12.9 2.9 -11.7
0.9 15.7 19.7
322.1 18.7 8.1 4.2 3.3 2.3
1088.4 127 137.3 2.2 12.4 12.5
2545 -89.4 -9.1 13.2 3.2 -13.2
1.1 15.9 19.7
323.6 18.1 7.5 5 3.4 2.1
1090 130.8 142.9 0.1 12 13.6
2551.9 -95.4 -6.9 13.3 4.2 -14.9
1.2 15.9 20
325.2 17.3 6.7 5.8 3.3 2
1090.8 135.3 149.8 -3.2 10.8 13.9
2559.3 -101.7 -3.7 12.8 4.3 -16.6
1.4 16.5 20.4
327.2 16.3 5.8 6.8 3.3 1.9
1090.1 141.5 159 -7.5 9.3 14.5
2566.4 -108 -0.3 11.8 5.1 -18.5
1.7 17.6 20.8
329.5 15.1 4.7 8.1 3.2 1.6
1086.9 149.5 171.2 -14.1 7.2 15.6
2573 -113.8 3.3 10.7 6 -20.8
2.2 20.8 21.3
332.1 13.6 3.4 9.6 3.1 1.5
1080.4 159.9 186.8 -23.2 4.3 17.1
2578.9 -119.2 7.8 8.5 7.1 -23.5
2.8 26.6 22.1
334.8 11.8 2.4 10.9 2.8 1.8
1070.2 172.4 206 -33.7 1.1 15.9
2583.6 -123.9 12.9 5.2 9.2 -26.5
3.5 39.8 22.8
338.5 9.3 0.3 13.4 2.5 1.3
1046.4 193.1 243.1 -57.3 -7.2 23.2
2587.2 -127.8 18.6 1.2 12.6 -31.7
4 115.4 69.9
341.6 7.1 -0.7 14.7 1.9 2.1
1064.5 200.6 188.8 -27.8 57.3 -56.7
2612.1 -137 -22.4 21.8 52.2 -75.6
winner is: 11
