Regression analysis information for: KLH016c_0438
number of formants: 3
number of coeccicients: 5
3.7 6.3 12.4
459.2 -6.7 -16.7 -6 -4.5 0.1
1072.7 96.5 0.1 -7.8 -9.8 -7.5
2394.4 128.7 131.3 51.7 -0.6 -37.5
3.9 6.5 13
461.3 -7.2 -16.9 -5.8 -4.7 0.3
1075.7 97.1 0.5 -8.3 -9.4 -7.8
2405.4 137.3 140.1 57.2 3.8 -35.5
3.9 6.6 13.2
463.7 -7.8 -16.9 -5.5 -5.2 0.6
1078.9 98.3 0.9 -9 -9.4 -8.1
2417.1 148 150.4 63.2 7.5 -33.2
4.1 6.9 13.2
466.2 -8.6 -17.2 -5.8 -5.9 1.1
1081.7 99.3 0.5 -10.5 -9.8 -8.7
2426 153.7 155.2 63.9 7.7 -32.8
4.3 7.3 12.6
469.1 -10 -17.5 -5.2 -6.1 2
1084.3 101 0.4 -11.4 -9 -8.7
2438.6 165.9 166 69.9 11.6 -30.1
4.3 7.7 12.8
472.4 -11.7 -17.6 -4.9 -6.8 2.7
1086.3 103 0.4 -13.4 -8.3 -9.7
2448.2 172.7 173 72.7 13.9 -29
4.2 7.7 14.7
475.6 -13.2 -18.2 -4.6 -7 2.6
1087.9 105.7 0.4 -15.1 -7.7 -10.9
2458 182.7 180.7 75.7 15.5 -31.1
4.4 8.4 14.1
480 -15.2 -18.7 -4.5 -7.9 3.3
1088.7 110 0.6 -18.1 -6.6 -12.2
2468.5 193.8 190.7 81.3 21 -28.3
4.4 8.8 15.3
484.8 -17.4 -19.4 -4.1 -8.8 4.1
1088.4 116.4 0.6 -21.8 -5 -14.2
2480.3 210 202.2 86.3 23.6 -28.9
4.4 9.3 15
489.8 -20.2 -20.6 -3.7 -9 5.1
1086 124 0.2 -26.2 -2.5 -15.7
2487.3 221.5 209.8 90.6 28.5 -27.1
4.5 10.1 15.9
495.2 -23 -22.1 -3.8 -9.4 5.9
1081.5 135.4 -1.4 -32.1 -0.5 -17.4
2492.7 234.8 215.2 91.6 27.8 -29.7
4.4 10.2 15.9
500.8 -25.9 -23.7 -2.8 -9.5 6.5
1071.7 153.8 -2.3 -40.7 4.8 -18.7
2498 255.4 225.4 97.9 32 -28.2
4.4 11.4 17.5
506.8 -27.8 -26.7 -2 -9.6 6.9
1054.3 182.1 -0.9 -57.5 14.2 -20.4
2501.5 278.9 236.7 101.8 33.2 -30.4
4.3 17.2 19.5
513.6 -29.9 -29.7 -1.8 -9.9 7.5
1011 246.7 -3.8 -91 40.2 -30.4
2500.3 308.4 248.5 108.5 36.6 -33.2
36.6 29.9 22.8
478.3 27.4 -40.4 -47.4 56.3 -43.7
931.5 363.8 -16.7 -127 53.6 -7.5
2496.7 345 260.4 116.8 35.8 -36
4.5 131.6 104.5
526.5 -32.1 -36.1 -1.5 -8.5 8.1
1634.6 -668.4 213.1 154.4 -197.7 -93.6
3077.9 -467.4 451.5 359.5 -139.8 -125.6
4.6 151.1 105.1
531.6 -31.7 -39 -2.1 -7.5 8.7
1612.6 -650 238 143.3 -225.1 -86.3
3084.8 -444.8 477 369.7 -148.9 -136
4.4 127.9 113.9
537.2 -30.1 -42.5 -3.9 -5.8 7.9
1661.8 -653.8 120.9 212.8 -147.6 -181.1
3151.4 -440.6 375.5 444.3 -48.6 -230.6
4.5 135 139.4
541.4 -29.8 -44.8 -4 -4.2 8.8
1702.7 -641.1 20.2 232.3 -43.8 -200.4
3224.2 -417.8 259.3 463.7 87.3 -232.8
33.9 151 149.5
529.6 -34.1 -16.5 5.6 -34.7 -13.4
1686.2 -630.3 36.9 242.6 -64.1 -232.3
3227.6 -398.1 281.4 480.5 83.3 -251.4
winner is: 1
