Regression analysis information for: KLH016b_0642
number of formants: 3
number of coeccicients: 5
15.8 10.3 21.7
591.8 136.6 -50.5 -1.4 15.7 21.3
1162.3 20.1 7 2.6 -6.7 0.5
2287.4 29.2 52.3 -21.4 30.4 -7
16 10.4 23
593.6 137.4 -51 -1.7 15.4 21.2
1162.9 19.9 7.3 2.3 -6.7 0.5
2297.3 25.2 55.8 -27.4 31.5 -7.8
16 10.6 24.1
595.6 138.3 -51.9 -2 15.3 21.2
1163.4 19.8 7.7 1.8 -6.6 0.5
2307.9 21.2 58.7 -34.3 32.7 -9.1
15.8 10.7 22.7
597.1 139.1 -51.7 -1.3 15 20.1
1163.6 19.8 7.8 1.6 -6.4 0.4
2316 15 66.8 -36.1 32.9 -15.3
16.1 11.1 23.2
599.4 140.7 -52.4 -0.7 15.2 19.8
1163.6 20.1 8.2 1.1 -6.3 0.5
2327 10.3 71.8 -41.5 34.7 -18.3
16.2 11.6 24.5
601.6 142.7 -53.3 -0.5 15.4 19.6
1163.3 20.7 8.4 0.6 -6.2 0.6
2339.3 4.2 78.1 -48.8 37.7 -22.4
16.5 12.4 27.3
603.9 145.4 -55 -0.8 15.2 19.5
1162.5 21.7 8.5 -0.1 -6.1 0.8
2353.2 -3 84.1 -59.7 41.3 -26.2
16.8 13.4 31.7
605.8 149.4 -56.7 -0.7 15.3 19.4
1161.1 23.2 8.4 -0.9 -6 0.9
2368.4 -11.6 93.7 -70.6 47.1 -31.8
17.5 14.6 41.2
607.2 155.1 -59.3 -0.7 15.3 19.8
1159.1 25.2 8.1 -1.8 -5.9 1.1
2387.2 -26.1 108.8 -89.2 57.6 -41.4
18.3 16.5 62.6
607.8 163.2 -63.4 -0.4 15.5 19.8
1156 28.1 7.7 -2.8 -5.8 1.2
2414.6 -57.2 139.1 -122.2 80.7 -61.1
19.6 18.3 76.3
606 174.1 -69.8 -0.1 16.8 20
1152.5 31.7 7.3 -4 -5.6 1.3
2436.8 -82.4 161 -149.3 98.7 -74.7
25.8 20.7 92.7
604.8 185.8 -72.3 -4.6 21.2 18.3
1147.2 36.5 6.2 -5 -6 1.7
2467.7 -118.2 196.6 -187.3 122.9 -91.8
82.9 133.5 80.9
646.6 112.3 6.9 -83 81.9 -20
1202.9 -79.5 115.1 -102.7 71.1 -57.3
2509.2 -173.4 247.8 -236.6 149.7 -103.1
67.6 186.8 100.5
680.8 51.1 82.3 -160 140.2 -53
1263 -205 230.6 -204.9 150.3 -119.1
2555.2 -237.4 307 -286.9 173.2 -105.8
80.7 132 82.1
650 109.1 66.4 -172.9 147.3 -40.2
1210.8 -107.2 139.3 -115.4 64.7 -33.8
2544 -191.8 269.3 -264.1 141.6 -73.6
89 124.4 112.2
804.5 -116.1 142.5 -69.6 -53.3 132.8
1396.3 -370.8 140.7 152.4 -319.5 288.2
2771.3 -497.5 306.7 -40.3 -197.2 184.3
104.7 134.9 137.1
824.7 -117.5 106.4 -24.7 -71.6 116.3
1437.9 -404.3 69.3 225 -301.8 197.9
2838.5 -535.4 218.2 48.9 -198 102.2
58.8 153.4 120.8
897.8 -161.7 6.6 78.1 -48.1 -7.4
1529.9 -466.3 -93.1 376.7 -244.8 8.7
2965.2 -604.9 22.4 228.7 -153 -101
46.9 155.4 112.2
914.3 -160.3 -3.6 73.3 -23 -20.5
1541.5 -460.6 -144.9 373.6 -174.1 -33.1
3004.1 -601.3 -43.4 239.5 -101.9 -127.4
68.7 161.4 116.4
904.6 -118.8 -28.6 96.1 -48.8 10.7
1519.8 -445.3 -146.1 355.8 -159.7 -49.5
3016.1 -590.8 -51.9 222.1 -106.6 -119.5
winner is: 1
