Regression analysis information for: KLH016c_1149
number of formants: 3
number of coeccicients: 5
4.1 10.3 32.8
387.8 -69.6 -8.3 -17.6 9.9 0.1
2237.8 69.3 -50.1 21.4 -14.7 6.6
2764.1 44.4 -20.1 47.2 -0.8 17.6
4.1 10.5 34.6
387.7 -69.5 -8.2 -17.7 9.9 0.2
2236.2 69.6 -50.1 23.1 -14.6 7.2
2756 45 -20.4 53.2 3.5 22.6
4.2 10.6 32.4
387.6 -69.4 -8.2 -17.7 10 0.3
2235.9 70.7 -49.8 22.9 -14 8
2753.9 51.3 -19.1 51.8 6.3 24.8
4.2 11 32.7
387.6 -69.3 -8.1 -17.8 10.1 0.3
2234.9 71.2 -48.9 22.9 -13.6 8.3
2749.1 55.8 -15.7 47.7 11.9 26.4
4.2 10.3 32.5
387.4 -69.2 -8 -17.8 10.1 0.4
2233.1 71.9 -46.7 23.6 -13.9 9.8
2741.7 60.4 -5.2 45 11.9 35.8
4.2 10.1 28.7
387.5 -69.1 -8 -17.8 10.2 0.4
2234.3 73.4 -47 23.2 -12.2 10.1
2745.5 66.9 -5.4 43.2 16.7 34.3
4.3 9.6 26.6
387.6 -69.1 -8 -17.9 10.2 0.4
2235.4 74.6 -46.4 22.3 -11.2 10.7
2749.7 71.7 -1.4 38.9 17.5 35
4.3 9.1 25.6
387.8 -69.1 -8 -17.9 10.2 0.4
2237.1 75.7 -45.9 21.6 -10.1 11
2756.6 74.3 1.2 37 17.3 33.9
4.3 8.7 24
387.9 -69.1 -8 -18 10.2 0.5
2239.3 76.6 -45.3 20.8 -9.1 11.3
2765.2 77 4.4 35.2 16.5 32.8
4.3 8.5 22.8
388.1 -69.1 -7.9 -18 10.2 0.5
2241.8 77.4 -44.8 20.1 -8 11.7
2774.6 79.1 7.9 34.4 15.7 31.7
4.3 8.3 22.1
388.1 -69.2 -8 -18 10.3 0.5
2244.7 78 -44.6 19.4 -6.7 12.1
2785.4 81.2 10.1 33.4 14.8 30.1
4.4 8.1 21
388.3 -69.2 -8 -18.1 10.3 0.5
2247.9 79.1 -44.5 18.6 -5.4 12.4
2796.9 84.6 12.6 31.9 13.6 27.9
4.4 8 20
388.5 -69.2 -8 -18.1 10.3 0.4
2251.3 79.9 -44.5 18.1 -4.1 12.6
2809.5 87.6 14.9 31.9 11.6 24.8
4.4 8 19
388.8 -69.3 -8.1 -18.2 10.3 0.4
2254.9 81 -44.8 17.3 -2.8 13.1
2823.1 91.4 16.6 30.6 9 22.1
4.4 8.2 18
389 -69.3 -8.1 -18.3 10.3 0.4
2258.6 82.1 -45.1 16.6 -1.5 13.4
2837.4 96.1 18.5 29.8 6.3 18.6
4.5 8.7 17.8
389.2 -69.4 -8.2 -18.5 10.2 0.4
2262.3 83.1 -45.3 15.7 -0.3 14.1
2851.8 101.2 20.9 28 2.8 15.7
4.5 9.2 17.9
389.3 -69.5 -8.4 -18.5 10.2 0.2
2266.2 83.9 -46.1 15 1.2 14.8
2867.1 106 21.2 26.4 -0.2 12.9
4.6 9.6 18
389.5 -69.6 -8.5 -18.7 10.1 0.2
2270.3 84.8 -47 14.3 2.7 15.3
2883.2 111.5 21.5 24.2 -3.6 8.9
4.7 10.3 18.8
389.7 -69.8 -8.8 -18.9 10.1 0.1
2274.4 86.1 -48.1 13.4 4.5 15.9
2900.4 119.5 20.9 21 -6.6 4.8
4.7 10.9 19.8
389.9 -70 -9 -19.1 9.9 -0.1
2278.4 86.9 -49.3 12.6 6.3 16.6
2917.7 125.4 19.5 17.9 -9.6 1.4
winner is: 15
