Regression analysis information for: KLH016b_0608
number of formants: 3
number of coeccicients: 5
12.8 8 10.6
539.8 3.1 -48.4 4.5 -32.9 4.3
1287.9 -208.1 4.5 -19.6 -4.1 -19.6
2320.1 -78.8 61.2 -2.2 -8.9 0.8
12.7 8.5 10.8
541.1 3.5 -48.6 4.9 -32.4 4.6
1291.5 -209.8 4 -19.7 -3.4 -19.4
2327.6 -81.4 55.7 0 -9 1.5
12.5 8.9 11.2
542.6 3.8 -48.7 5.4 -31.7 4.9
1295.3 -212.3 3.3 -20.2 -2.6 -19.8
2335.9 -84.2 49.7 2.6 -8.4 1.8
12.5 9.8 11.3
544.5 4.1 -48.5 6 -30.9 5.3
1299.5 -215.4 2.5 -20.6 -2.7 -19.9
2345.3 -87.6 43.5 5.6 -9.2 2.8
12.3 10.9 12.2
546.4 4.5 -48.7 6.5 -30.1 5.7
1303.2 -218.2 0.3 -21.4 -2.8 -20.2
2355 -89.8 35.8 8.7 -9.4 3.5
12.2 12 13.5
548.7 5.1 -49 7.2 -29.3 6.1
1307.7 -221.6 -2 -22.6 -2.6 -21.3
2365.9 -92.8 26.7 12 -9.4 3.3
11.9 13.7 14.9
551.5 6.5 -48.8 8.3 -27.9 6.8
1312.2 -226.3 -5.5 -24.9 -3.2 -22.9
2377.5 -95.6 17.3 15.5 -9.5 3.1
11.6 15.8 16.3
554.7 8.3 -48.4 9.8 -26.4 7.8
1317.1 -231.8 -9.4 -27.5 -4.3 -24.8
2389.6 -98.8 7.3 19.2 -10.1 2.4
11 19.4 17.7
558.6 11.3 -47.2 12.3 -24 9.2
1320.3 -238.8 -16.7 -32.2 -7.3 -28.8
2401.3 -100.8 -3.1 22.7 -10 1.1
10.1 24.2 18.7
563.1 15.5 -45.4 15.6 -21.1 11.4
1322.3 -247 -26.8 -37.6 -12.8 -33.2
2412.8 -102.5 -13.9 26.2 -10.5 0.2
9.3 32.7 19.9
569.3 21.7 -40.6 20.9 -16 15.1
1322 -262.4 -41.6 -49.5 -22.8 -43.2
2423.8 -104.6 -23.1 28.7 -11.2 -0.4
15.3 36.9 20.7
570.8 19.2 -45.6 16.9 -20.6 9.4
1323.6 -274.8 -52.9 -57.9 -28.6 -48.5
2434.6 -106.7 -32.3 30.4 -12.1 -1.4
12.2 71.5 77.5
584.3 39.7 -27.2 35.5 -3 24.9
1366.5 -206.5 17.8 13.6 46.4 23.9
2475.1 -48.7 19.6 90.4 46 53.7
20.3 74.8 78.8
581.6 28.8 -40.9 23.8 -15.2 12.8
1368.4 -218.5 6.5 7 42.1 21.2
2484.7 -50 11.1 91.8 45.6 52.4
16.1 111.8 112.6
590.4 40.3 -32 33.9 -6.2 20.8
1412 -147.4 76.7 77.9 110.6 85
2524.1 9.1 62.9 148.6 97.4 99
10.3 120.3 122.2
599.4 52.9 -22.3 43.3 0.8 24.6
1454.3 -76.9 144.2 140.2 165.7 125.8
2561.1 67.4 112.5 198.2 138.2 127.8
10.1 102.2 113.9
603.8 56.3 -21.3 44.9 1.4 23.3
1496.4 -7.5 205 190.5 202.1 140.4
2598.5 126.9 160 240.8 167.4 138.4
10.9 110.6 115.9
606.1 56.7 -21.4 44.6 0.2 23.2
1492.2 -25.2 193.7 183.4 196 143
2603.2 125.6 158 241.1 163.9 139.6
9.3 77.5 100.2
610.8 61.8 -18.9 46 -0.2 21.7
1533.5 42.6 249.7 219.7 207.8 129.8
2636.7 178.9 196.8 266.7 168.7 125.2
9.4 86.8 94.6
614.1 63.9 -18.3 46.4 -1.1 20.3
1529.6 24.5 239.4 213.5 208.3 134.9
2632.7 161.5 179.1 253.5 157 117
winner is: 1
