Regression analysis information for: KLH016b_0806
number of formants: 3
number of coeccicients: 5
2.4 4 4.8
471.7 -26.3 -21.1 8.6 -5.6 2.9
1237.8 -136 -4.2 -12.3 -7.8 -7.2
2119.1 -34.6 50.6 -17.6 9.2 -12.1
2.3 4.1 4.4
472.3 -26 -21.1 8.3 -5.5 2.7
1239.2 -135.1 -4.1 -13 -7.9 -7.9
2123 -32.3 51.1 -19.5 10.3 -13.4
2.3 4.1 4.2
473 -25.8 -21 8.1 -5.3 2.5
1240.8 -134.4 -3.9 -13.7 -7.9 -8.6
2127.8 -30.4 51.8 -21.3 11.5 -14.5
2.2 4.1 4.5
473.8 -25.7 -20.9 7.8 -5.1 2.4
1242.3 -133.8 -3.8 -14.6 -7.9 -9.2
2132.5 -29.1 52 -23 12.4 -15.3
2.2 4.2 5.2
474.6 -25.5 -20.8 7.6 -4.8 2.2
1243.8 -132.9 -3.6 -15.2 -8 -9.7
2137.3 -26.6 52.2 -24.5 13.6 -15.6
2.2 4.3 5.8
475.5 -25.5 -20.8 7.3 -4.7 2.1
1245.7 -132.4 -3.8 -16 -8.2 -10.4
2143 -25.7 51.6 -26.2 14.1 -16.1
2.2 4.3 6.4
476.6 -25.3 -20.8 7.1 -4.6 2
1247.7 -131.8 -3.8 -16.7 -8.3 -10.9
2149.1 -24.6 51.4 -27.1 14.7 -16.2
2.2 4.5 7.1
477.7 -25 -20.9 7 -4.3 1.9
1250 -130.9 -3.9 -17.3 -8.4 -11.6
2155.5 -22.8 51.4 -27.8 16 -16.3
2.3 4.6 7.6
478.9 -24.8 -21 6.9 -4.2 2
1252.1 -130.4 -4.1 -17.6 -8.6 -11.9
2162.1 -21.9 50.8 -27.7 16.4 -15.4
2.3 4.7 8.2
480.2 -24.4 -21.1 6.8 -4.1 2
1254.3 -129.6 -4.4 -18.4 -8.9 -12.5
2168.9 -20.2 50 -28.7 17.1 -14.9
2.4 4.8 8.7
481.3 -24.2 -21.2 6.7 -4 2.1
1256.2 -129.2 -4.7 -19 -9 -12.7
2174.9 -18.8 49.3 -29.1 18 -14
2.6 4.9 9.3
482.8 -23.8 -21.3 6.6 -3.8 2.2
1258.6 -128.6 -4.9 -19.6 -9.4 -13.1
2182.3 -17.7 48.9 -29.4 18.5 -12.8
2.7 5.1 10
484.1 -23.5 -21.6 6.6 -3.8 2.5
1260.7 -128.1 -5.5 -20.1 -9.9 -13.3
2188.8 -17.1 47.6 -29.4 18.7 -11.1
2.8 5.2 10.4
485.5 -23.1 -21.9 6.6 -3.6 2.8
1263 -127.9 -5.9 -20.5 -10.1 -13.4
2195.5 -17 47.1 -29.2 19.4 -8.9
3 5.4 11.3
487.1 -22.6 -22.1 6.7 -3.5 3.2
1265.3 -127.5 -6.3 -21 -10.6 -13.5
2202.6 -16 46.5 -29 20.1 -6.7
3.1 5.7 11.9
488.6 -21.8 -22.4 7 -3.6 3.6
1267.4 -126.8 -7 -21.3 -11.5 -13.8
2209.3 -14.4 45.1 -27.9 19.9 -4.6
3.4 5.9 12.5
490.2 -21.3 -22.8 7.1 -3.6 4.1
1269.4 -126.7 -7.9 -21.9 -12.1 -13.8
2216 -13.9 43.5 -27.7 20.3 -2.4
3.5 6.3 13
491.9 -20.6 -23.1 7.2 -3.6 4.6
1271.5 -126.4 -8.6 -22.6 -13.1 -14.2
2222.7 -13.2 42.3 -27.6 20.3 -0.3
3.6 6.5 13.3
493.7 -19.6 -23.3 7.4 -3.7 5.1
1273.5 -126 -9.6 -23.2 -14.4 -14.5
2229.2 -11.9 41.2 -26.8 19.8 2.3
3.6 6.8 13
495 -19 -23.6 7.5 -3.8 5.5
1275.1 -126.1 -10.2 -24 -15.4 -14.8
2234 -12.5 40.5 -26.9 19.4 4
winner is: 3
