Regression analysis information for: KLH016c_0198
number of formants: 3
number of coeccicients: 5
16.6 9.2 23.1
540.6 -38.6 -108.2 4.1 -33.7 -13.6
1252.9 148.8 -52.4 32.5 -16.3 -3.5
2319 134.8 87.5 44.4 26 -4.2
18.1 9.3 22.1
541.3 -41.6 -110.2 3.6 -36.4 -14.9
1253.5 150.2 -52.3 34 -15.8 -3.9
2323 131.2 86.6 48.1 24.6 -3.8
20.2 9.4 21.3
541.8 -45.9 -113.7 1.9 -39.6 -17.4
1254.2 152 -52.8 35.4 -15.2 -4.5
2328.7 127.9 84.2 51.2 25.2 -4.8
23.2 9.8 20.7
542.1 -51.3 -118.5 -0.2 -44.3 -20.8
1254.8 154 -53.6 36.8 -14.7 -5.4
2334.5 124.4 81.1 55 24.8 -5.3
27.2 10.4 20.2
541.1 -59.2 -125.6 -4.2 -50.9 -26
1255.1 156.3 -54.8 38.3 -14.3 -6.3
2340.5 121.2 78.5 58.8 24.7 -6.4
45.2 68.7 71.9
568.3 -10.9 -76.9 47.4 -1.9 22.7
1282.4 212.4 -1.7 92.6 40.1 43.9
2374.2 173 130.5 117.9 79.6 46.8
76 106.7 109.3
596.6 39.3 -27.8 98.3 43.8 65.9
1309.7 268.7 50.2 144.4 89.6 87.5
2407.5 224.5 180.7 172.7 128.4 91
87.8 123.7 126.2
624.3 89.4 18 145.1 81.8 98
1335.9 324.6 99.1 191 132.2 119.2
2440.4 275.1 227.3 223 169.2 125.4
89.1 124.2 126.6
625.1 89 13.8 147.5 79.6 96.6
1335 328.2 97.2 191.8 133.2 117.5
2446.1 272.7 224.7 226.4 169.3 125.3
91.1 124.6 127.7
625.7 89.9 8.6 151.1 77.2 94.6
1333.9 332 95.2 192.5 134.3 115.7
2452.1 270.8 221.7 230.1 169.1 124.4
94.7 125.1 128.6
623.9 91.7 0.6 154.3 73.8 91.5
1332.7 335.8 93.3 192.8 135.3 114.1
2457.6 269.8 219.4 232.8 168.8 124.4
89.1 109.3 112.6
592.5 46.5 -60.8 113.6 29.8 53.7
1303.8 286.7 40.4 146.5 94.9 78.8
2434.1 215.3 166.7 187.5 126.9 91.4
72.4 111 113.4
576.1 -23.9 -102.9 58.7 -19.1 15
1298.9 190.9 20.7 74.4 49.3 48.4
2433.6 116.6 144 117.8 78.6 61.2
92.6 185.3 184.7
604.6 -65.5 -66.6 45.3 -14 32.1
1346.6 103.4 90.8 33 56.4 78.6
2485.1 29 208.5 81.1 84.1 90.1
127 229.8 230.4
656 44.5 24.6 140.8 64.1 92.3
1398.3 212 189.8 122.8 138.5 143.5
2545 135.5 309.5 176 166.6 158
126.1 218.7 218.1
622.2 -5.6 -40.3 101.3 25.5 62.8
1370.1 165 141.9 82.2 108.7 123.1
2521.7 82.6 259 136.3 134.7 136.6
143.1 270.9 267.6
672.9 -2.4 36.7 121.7 55.9 93.8
1444.4 127.6 258.1 82.4 145.4 170.4
2598.7 50.5 373.7 139.9 173.6 182.2
141.6 267.4 264.6
698.9 56.1 78.4 176.2 94 126.8
1469.1 185.3 308.4 127.6 188.9 205.3
2631.2 105.1 423.4 188.9 217 217.3
156.1 272.4 269.2
664.6 15.3 18.5 138.8 62.3 102
1441 136.9 260.2 87.6 157.8 186
2604.9 54.3 373.1 145.6 186.6 196
164.4 275.2 275.5
677.6 -5.3 38.1 123.2 82.3 81.8
1463.2 91.3 305.7 43.7 194.4 158.4
2630.1 8.2 415.1 108.3 219.7 167.8
winner is: 1
