KLH016a_1091 analysis information:
Number of steps:
20
Cutoff frequencies were: 
5400 5437 5474 5511 5547 5584 5621 5658 5695 5732 5768 5805 5842 5879 5916 5953 5989 6026 6063 6100
Number of coefficients for prediction: 
5
Number of formants: 
3
Winner is:
5695 5695 5695
Errors (total,f1,f2,f3): 
38.7 34.1 30.5 30.4 31.4 28 25.6 22.6 22.2 26.7 32.4 39.5 45.5 53.4 59.7 94.4 97.3 93.1 78.5 57.9
1.2 1.2 1.2 1.2 1.2 1.2 1.2 1.2 1.3 1.4 1.5 1.7 1.9 2.1 2.4 2.8 3.2 3.6 4.1 4.6
23.5 19.6 18.5 18.7 18.9 17.2 16.4 15.1 13.9 14.2 15.3 18.3 22.4 27.8 16.1 24.4 24.1 24 24.5 25.5
14 13.3 10.8 10.5 11.3 9.6 8 6.3 7 11.1 15.6 19.5 21.2 23.5 41.2 67.2 70 65.5 49.9 27.8
Coefficients are (row-wise by formant):
296.6 -5.8 -1.7 1.9 -1.6 -3
2283.3 107.1 27.9 28.6 25.1 -15.4
2903 -2.5 26.5 9.7 30.1 11
