KLH016d_0102 analysis information:
Number of steps:
20
Cutoff frequencies were: 
5400 5437 5474 5511 5547 5584 5621 5658 5695 5732 5768 5805 5842 5879 5916 5953 5989 6026 6063 6100
Number of coefficients for prediction: 
5
Number of formants: 
3
Winner is:
5400 5400 5400
Errors (total,f1,f2,f3): 
52.2 219 246.2 211.5 202.6 212.2 340.1 308.3 362.2 347.1 342.1 334.5 287 274 266.6 265.7 269.2 293.7 294.7 311.4
9.4 16.5 15.5 14.7 18.2 29.9 39.3 29.5 26.9 29.4 34.5 35.6 20.3 15.9 9.4 10.5 11.1 27.2 14.4 18.8
19 123.8 149.6 124.7 116.1 113.3 186.5 157.2 116.4 100.9 86.2 88.8 104.3 97.1 102.4 105.2 105.4 110.5 119.5 127.9
23.8 78.7 81.1 72.1 68.3 69 114.3 121.6 218.9 216.8 221.4 210.1 162.4 161 154.8 150 152.7 156 160.8 164.7
Coefficients are (row-wise by formant):
451.2 -53.9 -3.1 30.3 -3.2 28.6
792.4 -153.6 -56.5 -57.1 -19 -33.2
2166.4 102.1 156.2 -86.7 56.8 -28
