KLH016b_0858 analysis information:
Number of steps:
20
Cutoff frequencies were: 
5400 5437 5474 5511 5547 5584 5621 5658 5695 5732 5768 5805 5842 5879 5916 5953 5989 6026 6063 6100
Number of coefficients for prediction: 
5
Number of formants: 
3
Winner is:
5400 5400 5400
Errors (total,f1,f2,f3): 
71.2 71.6 75.2 80.3 224.3 273.7 275.4 302.5 303.6 302.9 307.4 312.6 317.2 322.4 308.7 311.4 318.1 290 289.9 297.2
8.3 10.3 15.6 23.7 17.1 16.1 17.1 15.6 16.3 15.7 20 23.9 18 23.9 16.8 17.4 22.5 12.3 12 15.3
32.8 31.8 30.5 28.3 113.6 142.3 142.9 159.2 160.1 160.4 160.8 162.1 168.3 168.1 164.2 166.5 168.1 157.4 159.3 163.7
30.1 29.5 29.1 28.3 93.6 115.3 115.4 127.7 127.2 126.8 126.6 126.6 130.9 130.4 127.7 127.5 127.5 120.3 118.6 118.2
Coefficients are (row-wise by formant):
458.6 -93.8 -24.2 13.3 -16.2 9
1176.5 295.6 126.7 159.9 14 66.5
2343.7 45 34.3 36 29.9 44.2
