KLH016a_0752 analysis information:
Number of steps:
20
Cutoff frequencies were: 
5400 5437 5474 5511 5547 5584 5621 5658 5695 5732 5768 5805 5842 5879 5916 5953 5989 6026 6063 6100
Number of coefficients for prediction: 
5
Number of formants: 
3
Winner is:
5695 5695 5695
Errors (total,f1,f2,f3): 
143.1 141.1 140.8 134.9 136.1 135.2 131.8 127.5 127 128.1 129.4 127.5 128.9 150.2 158.8 163 285.7 163.1 170 170.1
55.3 54.3 53.5 52.2 51.4 50.1 49.1 48 47.4 46.6 45.6 44.6 43.8 44.2 45.5 44.6 73.2 43.9 44.6 45.9
45.4 44.7 45.4 40.8 43.1 43.6 40.6 36.7 36.4 36.7 37.9 40.4 36.8 36.3 38.9 38.1 77.9 36.8 35.6 32.9
42.4 42.1 41.9 41.9 41.6 41.5 42.1 42.8 43.2 44.8 45.9 42.5 48.3 69.7 74.4 80.3 134.6 82.4 89.8 91.3
Coefficients are (row-wise by formant):
371.8 6.6 -83.3 -6.8 11.1 44.3
1549.2 393.4 148.3 20.8 -1.8 -62.3
2632.3 79 -140.9 -42.8 82.2 -50.3
