KLH016c_0609 analysis information:
Number of steps:
20
Cutoff frequencies were: 
5400 5437 5474 5511 5547 5584 5621 5658 5695 5732 5768 5805 5842 5879 5916 5953 5989 6026 6063 6100
Number of coefficients for prediction: 
5
Number of formants: 
3
Winner is:
5584 5584 5584
Errors (total,f1,f2,f3): 
44.9 44.5 44.2 43.6 43.6 41.8 42.6 42.3 43.8 45.1 46.2 47.9 49 50.8 53.7 58.3 62.1 65 69 74.3
3.1 3.1 3.2 3.2 3.3 3.4 3.5 3.6 3.7 3.9 4.1 4.4 4.6 4.8 5.2 5.6 6.5 7.1 8 9.2
20.3 19.6 19.4 19.5 19.2 18 19 18.5 18 17.7 18 17.4 17.5 17.6 17.5 17.8 17.8 17.8 17.8 17.8
21.5 21.8 21.6 20.9 21.1 20.4 20.1 20.2 22.1 23.5 24.1 26.1 26.9 28.4 31 34.9 37.8 40.1 43.2 47.3
Coefficients are (row-wise by formant):
317.2 -23.4 -2.9 -3 -2.2 -10.8
2186.3 -80.7 -54.4 32.8 -49.5 -12.2
2720.9 -98.2 -84.5 129.3 7.1 69.7
