KLH016a_0625 analysis information:
Number of steps:
20
Cutoff frequencies were: 
5400 5437 5474 5511 5547 5584 5621 5658 5695 5732 5768 5805 5842 5879 5916 5953 5989 6026 6063 6100
Number of coefficients for prediction: 
5
Number of formants: 
3
Winner is:
5732 5732 5732
Errors (total,f1,f2,f3): 
82.9 79.4 76.2 79.4 88 92.1 84.7 70.6 55.2 38.7 48.9 102.6 151.1 129.1 124.9 122.1 120.1 117.2 116.7 115.3
4.1 4.1 4 4 3.9 3.9 3.8 3.7 3.7 3.6 3.5 3.5 3.5 3.4 3.3 3.3 3.2 3.2 3.2 3.1
24.5 21.7 18.4 19.8 25.3 28.7 28.2 25.3 23.4 20.6 18.4 17.3 14.7 13 11.7 10.1 9.4 9.6 9.9 10.7
54.3 53.6 53.8 55.6 58.8 59.5 52.7 41.6 28.1 14.5 27 81.8 132.9 112.7 109.9 108.7 107.5 104.4 103.6 101.5
Coefficients are (row-wise by formant):
367.3 48.8 -28.3 10 -8.2 2.3
2049.2 37.5 -22.4 17.2 -43.1 28.6
2609.4 31.8 32.7 38.3 -14.1 -38.7
