KLH016b_0788 analysis information:
Number of steps:
20
Cutoff frequencies were: 
5400 5437 5474 5511 5547 5584 5621 5658 5695 5732 5768 5805 5842 5879 5916 5953 5989 6026 6063 6100
Number of coefficients for prediction: 
5
Number of formants: 
3
Winner is:
5400 5400 5400
Errors (total,f1,f2,f3): 
21.3 23.5 27.2 29.1 34.2 39.8 48.5 61.3 80.9 106.2 135.8 177.2 283.9 246.6 231.9 236.2 245 260.7 297.1 286.9
3.9 3.9 3.9 4 4.1 4.2 4.2 4.6 5 5.9 7.7 13.7 78.8 83.3 80.2 74.8 72 78.6 103 101.3
4.6 4.6 5 5.3 5.8 6.1 6.9 8 10.5 14.6 23.1 29.9 30.8 30.3 28.9 36.6 41 45.3 49.5 52
12.8 15 18.3 19.8 24.3 29.5 37.4 48.7 65.4 85.7 105 133.6 174.3 133 122.8 124.8 132 136.8 144.6 133.6
Coefficients are (row-wise by formant):
521.5 -28.3 -26.7 0.3 -7.2 1.8
1438.3 71.5 34.4 21.4 6.6 5.9
2249.5 -5.8 17.3 17.7 3.8 -0.4
