KLH016a_1338 analysis information:
Number of steps:
20
Cutoff frequencies were: 
5400 5437 5474 5511 5547 5584 5621 5658 5695 5732 5768 5805 5842 5879 5916 5953 5989 6026 6063 6100
Number of coefficients for prediction: 
5
Number of formants: 
3
Winner is:
5547 5547 5547
Errors (total,f1,f2,f3): 
26 23.8 21 16.5 16.3 22.9 26.4 28.6 38.9 47.5 55.5 72.6 86 130.3 210.6 187.2 174.3 158.5 122.2 117.2
0.7 0.7 0.7 0.7 0.7 0.7 0.7 0.7 0.7 0.7 0.7 0.8 0.8 0.8 0.8 0.8 0.8 0.8 0.8 0.8
22 19.9 17.1 12.9 12.8 19.3 22.9 25.4 35.9 38.5 31.8 25.4 21.4 22.9 23.5 23.6 22.6 23.6 26 27.7
3.3 3.2 3.2 2.9 2.8 2.9 2.8 2.5 2.3 8.3 23 46.4 63.8 106.6 186.3 162.8 150.9 134.1 95.4 88.7
Coefficients are (row-wise by formant):
256.9 17.4 4.2 4.5 2 1.4
1810.8 -55 -176.4 -59.9 -46 42.3
2216.3 45.3 -5.4 17.2 8.6 -7.8
