KLH016e_0265 analysis information:
Number of steps:
20
Cutoff frequencies were: 
5400 5437 5474 5511 5547 5584 5621 5658 5695 5732 5768 5805 5842 5879 5916 5953 5989 6026 6063 6100
Number of coefficients for prediction: 
5
Number of formants: 
3
Winner is:
6100 6100 6100
Errors (total,f1,f2,f3): 
27.6 25.3 25.3 23.4 24.3 23.6 24 22.2 25.2 21.4 21.1 19.9 19.2 19.7 19 18.3 16.6 15.2 13.8 13
0.7 0.8 0.8 0.7 0.7 0.7 0.7 0.7 0.8 0.7 0.7 0.7 0.7 0.7 0.7 0.8 0.8 0.8 0.8 0.8
12.3 10.8 10.7 9.5 9.3 7.8 7.5 6.3 6.7 4 3 2.8 2.5 2.4 2.2 2 2.1 2.3 2.3 2.5
14.6 13.7 13.8 13.2 14.3 15.1 15.8 15.2 17.7 16.7 17.4 16.4 16 16.6 16.1 15.5 13.7 12.1 10.7 9.7
Coefficients are (row-wise by formant):
308.3 5.3 -4.4 2.3 -1.9 1.1
2214.4 29.2 -11.5 -10.8 -8.3 2.6
2743.2 115.1 23.8 10.9 20.7 -0.2
