KLH016c_0837 analysis information:
Number of steps:
20
Cutoff frequencies were: 
5400 5437 5474 5511 5547 5584 5621 5658 5695 5732 5768 5805 5842 5879 5916 5953 5989 6026 6063 6100
Number of coefficients for prediction: 
5
Number of formants: 
3
Winner is:
5953 5953 5953
Errors (total,f1,f2,f3): 
871.3 710.1 705.1 651.6 725.2 686.2 634.2 648 668.9 729 733.8 614.9 538.6 653.8 398.3 308.1 413.5 489.7 392.3 373.7
76.1 71.9 75.5 79.5 77.4 83.8 75.9 75 58.1 79.5 84 38.7 39.9 63.8 62 44 74.1 66.9 67.2 66.5
475.4 388.6 347.5 321.4 353.4 331.7 308.3 328.1 301.7 286.7 306.3 205.8 111.9 248 197.2 134.8 183.5 222.9 182.1 176.1
319.8 249.6 282.1 250.7 294.4 270.7 250 244.9 309.1 362.8 343.5 370.4 386.8 342 139.1 129.3 155.9 199.9 143 131.1
Coefficients are (row-wise by formant):
474.4 75.2 -74.7 -114.1 -36 -100.4
2277.1 -222.6 -300.6 -210 -135.9 -55.1
3587.2 -115.5 -376.9 -346.2 -240.5 -29.4
