KLH016c_1641 analysis information:
Number of steps:
20
Cutoff frequencies were: 
5400 5437 5474 5511 5547 5584 5621 5658 5695 5732 5768 5805 5842 5879 5916 5953 5989 6026 6063 6100
Number of coefficients for prediction: 
5
Number of formants: 
3
Winner is:
5400 5400 5400
Errors (total,f1,f2,f3): 
461 530.8 482.6 511.4 522 511.3 501.6 571.4 637.8 695.8 767.1 673.4 620.9 599.6 604 600.4 609.9 634.4 660.4 684.3
45 47.2 44.4 44.4 42.1 42.9 46 46.5 52.8 49.5 51.2 51.7 44.6 45.5 44.2 40 40.5 47.7 38.4 38.3
246.8 299 264.2 292.2 302.8 294.5 297.3 332.3 358.8 419 468.1 411.4 378.3 370.5 368.2 385.9 400.3 417.2 435.1 454.6
169.2 184.6 174 174.8 177.1 173.9 158.3 192.6 226.2 227.3 247.8 210.3 198 183.6 191.6 174.5 169.1 169.5 186.9 191.4
Coefficients are (row-wise by formant):
381.7 17.2 60.5 9.5 43.8 24.4
1010.7 -19.2 300.3 -71 149.6 16.9
2578.7 -49.8 119.4 -146.4 -24.7 104
