KLH016b_0194 analysis information:
Number of steps:
20
Cutoff frequencies were: 
5400 5437 5474 5511 5547 5584 5621 5658 5695 5732 5768 5805 5842 5879 5916 5953 5989 6026 6063 6100
Number of coefficients for prediction: 
5
Number of formants: 
3
Winner is:
6100 6100 6100
Errors (total,f1,f2,f3): 
41.8 35.9 28 26.1 26.2 26 26.2 27.3 30.3 28.2 30.3 30.8 29.5 28.1 28 29.2 31.7 19.9 20.2 18.8
2.5 2.7 2.9 3.3 3.9 4.7 5.5 6.5 7.5 8 9.1 9.2 8.3 8 8.2 8.3 7.9 4.6 4.7 4.4
5.5 5.3 5 4.8 4.8 5 5.4 6.1 8.5 6.8 8 8.5 8.4 7.6 7.2 7.7 8.1 2.5 2.6 2.3
33.8 27.9 20.1 18 17.5 16.3 15.3 14.7 14.3 13.4 13.2 13.1 12.8 12.5 12.6 13.2 15.7 12.8 12.9 12.1
Coefficients are (row-wise by formant):
426 27.3 -46.6 -6.3 -8.1 -6.5
1216.5 -31.5 22.7 14.4 20.4 -6.3
2547.4 3.5 47.1 6.8 -34 -9.1
