KLH016c_1428 analysis information:
Number of steps:
20
Cutoff frequencies were: 
5400 5437 5474 5511 5547 5584 5621 5658 5695 5732 5768 5805 5842 5879 5916 5953 5989 6026 6063 6100
Number of coefficients for prediction: 
5
Number of formants: 
3
Winner is:
5511 5511 5511
Errors (total,f1,f2,f3): 
109.2 110.4 108.8 107.5 113.1 125.6 127.2 131.6 134.1 137.6 137 142.3 130.1 133 128 220.5 157.5 250.4 244.9 286
3.3 3 2.9 2.7 2.5 2.2 2.2 2.1 2 1.9 1.8 1.7 1.5 1.5 1.5 1.6 8.4 1.7 1.8 1.9
72.9 70 66.6 63.3 67.5 78 77.2 79.3 80.7 83.2 78.3 83.6 81.2 77.1 69.7 129.3 72.8 128.6 126.5 162.1
33 37.4 39.3 41.5 43.1 45.4 47.8 50.2 51.4 52.5 56.9 57 47.4 54.4 56.8 89.6 76.3 120.1 116.6 122
Coefficients are (row-wise by formant):
365.7 -45 1.3 -9.8 -2.7 -7
1947.3 -36.2 -333.8 -294.4 -277.4 -83.3
2545.9 -71.8 -51.9 -34.7 -74.7 -39.3
