KLH016c_0576 analysis information:
Number of steps:
20
Cutoff frequencies were: 
5400 5437 5474 5511 5547 5584 5621 5658 5695 5732 5768 5805 5842 5879 5916 5953 5989 6026 6063 6100
Number of coefficients for prediction: 
5
Number of formants: 
3
Winner is:
5511 5511 5511
Errors (total,f1,f2,f3): 
43 42.9 43.7 42 42.6 43.5 46.9 51.3 56.1 58.9 62.1 66.4 70.6 74.8 77.9 80.1 87.4 102.1 103.5 103.9
4.1 4.3 4.4 4.6 4.6 4.7 4.9 5.1 5.3 5.5 5.9 6.2 6.4 6.6 6.8 6.9 7.6 8.3 8.7 9.2
26.6 25.7 25.1 22.8 23.7 22.7 24.7 29.2 31.9 34.1 34.8 37.1 38.9 41.1 41.2 42.2 45.9 50.4 49.8 42.9
12.3 12.9 14.2 14.6 14.3 16.1 17.3 17 18.9 19.3 21.4 23.1 25.3 27.1 29.9 31 33.9 43.4 45 51.8
Coefficients are (row-wise by formant):
372.8 42.8 -40.4 7 5.4 -5.9
1788.1 -58.7 80.7 -36.2 20.9 -33
2444.5 3.7 -16.7 49.4 12 -4
