KLH016c_1514 analysis information:
Number of steps:
20
Cutoff frequencies were: 
5400 5437 5474 5511 5547 5584 5621 5658 5695 5732 5768 5805 5842 5879 5916 5953 5989 6026 6063 6100
Number of coefficients for prediction: 
5
Number of formants: 
3
Winner is:
5400 5400 5400
Errors (total,f1,f2,f3): 
28.7 33.3 40.9 266.9 267.9 269 271.2 276.5 277.3 279.5 283.6 490.2 493.7 498.3 504 517.5 517.5 527.7 522.2 523.9
17.6 21.4 28.4 77.3 77.5 78 79.5 78.7 79.2 80.7 83.8 163.4 164.9 168.7 173.9 183.9 188.3 194.5 206.1 191.2
6.1 6.5 6.7 71.4 71.5 71.6 71.7 75.1 74.9 74.8 74.8 147.6 149.7 152.4 156.5 169.2 162.8 164.4 144.7 149.5
5 5.4 5.8 118.2 118.9 119.4 120 122.7 123.2 124 125 179.2 179.1 177.2 173.6 164.4 166.4 168.8 171.4 183.2
Coefficients are (row-wise by formant):
426.8 -19.8 -66 -20.9 -14.1 -1.2
1434.5 -55.7 11 -6.3 -0.1 6.2
2399.8 -69.4 -32.4 7.7 -35.3 -4.2
