KLH016e_0101 analysis information:
Number of steps:
20
Cutoff frequencies were: 
5400 5437 5474 5511 5547 5584 5621 5658 5695 5732 5768 5805 5842 5879 5916 5953 5989 6026 6063 6100
Number of coefficients for prediction: 
5
Number of formants: 
3
Winner is:
5400 5400 5400
Errors (total,f1,f2,f3): 
23 23.4 24.6 26.3 27.3 29.1 30.1 32.1 33.5 35.2 37.1 39.3 41.6 44.4 46.8 49.6 54.2 58.5 65.5 241.7
5.4 5.5 5.5 5.6 5.8 6 6.2 6.4 6.5 6.7 7 7.3 7.6 8.1 8.4 8.9 9.9 12.3 18.8 20.5
9.4 9.3 9.2 9.1 9.3 9.5 9.8 10 10.4 11 11.9 12.9 14 15.4 16.9 18.8 22 23.1 23.3 118.9
8.2 8.6 9.9 11.6 12.2 13.6 14.1 15.7 16.6 17.5 18.2 19.1 20 20.9 21.5 21.9 22.3 23.1 23.4 102.3
Coefficients are (row-wise by formant):
478.2 32.7 -25 10.1 -1.5 8
841.3 32.5 33.1 -9.5 -2.9 -0.4
2309.2 49.9 14.6 12 -3.5 -3.7
