KLH016c_1408 analysis information:
Number of steps:
20
Cutoff frequencies were: 
5400 5437 5474 5511 5547 5584 5621 5658 5695 5732 5768 5805 5842 5879 5916 5953 5989 6026 6063 6100
Number of coefficients for prediction: 
5
Number of formants: 
3
Winner is:
5916 5916 5916
Errors (total,f1,f2,f3): 
143 134.8 106.1 107.8 107.9 108.1 113 120.6 112 104.7 99.6 94.8 86 85.8 84.8 90.6 99 111.1 132.5 149.5
2.4 2.4 2.5 2.5 2.5 2.5 2.5 2.6 2.6 2.6 2.6 2.6 2.6 2.7 2.7 2.7 2.7 2.7 2.7 2.7
43 43.3 32.2 35.9 27.3 24.6 33.2 26.7 24.8 24.9 25.3 24.3 20.8 21 21.4 24.7 31.7 39.6 57 60.9
97.6 89.1 71.4 69.4 78.1 81 77.3 91.3 84.6 77.2 71.7 67.9 62.6 62.1 60.7 63.2 64.6 68.8 72.8 85.9
Coefficients are (row-wise by formant):
282.6 -27 18.9 -6.7 7.3 -3.7
2295.1 26.3 -153 -5.4 19.8 -27
3051.1 29.9 -249.5 77.3 136.8 46.9
