KLH016c_0727 analysis information:
Number of steps:
20
Cutoff frequencies were: 
5400 5437 5474 5511 5547 5584 5621 5658 5695 5732 5768 5805 5842 5879 5916 5953 5989 6026 6063 6100
Number of coefficients for prediction: 
5
Number of formants: 
3
Winner is:
5732 5732 5732
Errors (total,f1,f2,f3): 
70.8 69.6 67.6 68 67.4 66 64 62.8 61.7 61.4 61.7 63 63.7 64.4 64.5 64.5 67.2 69 72.4 72.7
9.2 8.8 8.5 8.5 8.4 8.4 8.4 8.5 8.5 8.6 8.8 9 9.1 9.4 9.5 9.6 10 10.3 10.6 10.8
27.7 27.3 27 26.9 26.8 26.3 25.5 25.1 24.5 24.4 24.2 24.4 24.4 24.5 24.3 24.1 24.4 24.6 24.6 25.1
33.9 33.5 32.1 32.6 32.2 31.3 30.1 29.2 28.7 28.4 28.7 29.6 30.2 30.5 30.7 30.8 32.8 34.1 37.2 36.8
Coefficients are (row-wise by formant):
474.7 125.2 -16 -1 -16.1 -12.2
1715.8 -250.6 -88.2 45 -50.9 29.2
2589.4 -119.5 -25.9 97.3 -78.4 29.6
