KLH016c_1412 analysis information:
Number of steps:
20
Cutoff frequencies were: 
5400 5437 5474 5511 5547 5584 5621 5658 5695 5732 5768 5805 5842 5879 5916 5953 5989 6026 6063 6100
Number of coefficients for prediction: 
5
Number of formants: 
3
Winner is:
5474 5474 5474
Errors (total,f1,f2,f3): 
16.7 16 14.7 15.2 15.9 16.1 15.9 16.6 17.7 18.6 20.6 22.5 25.4 29.7 35.8 43.4 54.4 68.9 90.5 113.3
4.6 4.7 4.6 4.8 4.8 4.8 4.8 4.9 4.9 4.9 5 5 5.1 5.2 5.2 5.2 5.3 5.5 5.6 5.7
8.2 8 7.9 7.9 8.1 8.1 8.1 7.9 8.1 8.4 8.9 9.2 10.1 11.5 13.6 15.7 17.8 19.9 22.5 23.5
3.9 3.3 2.2 2.5 3 3.2 3 3.8 4.7 5.3 6.7 8.3 10.2 13 17 22.5 31.3 43.5 62.4 84.1
Coefficients are (row-wise by formant):
407.7 -39.4 -25.3 8.5 -11.3 5
1795 261 17 1.7 2.5 -5.3
2494.3 120.9 21.4 34.3 21.6 9.8
