KLH016a_0445 analysis information:
Number of steps:
20
Cutoff frequencies were: 
5400 5437 5474 5511 5547 5584 5621 5658 5695 5732 5768 5805 5842 5879 5916 5953 5989 6026 6063 6100
Number of coefficients for prediction: 
5
Number of formants: 
3
Winner is:
5400 5400 5400
Errors (total,f1,f2,f3): 
10.8 10.9 10.8 11.1 11.4 11.8 12.4 13.3 15.4 19.5 25.5 37.1 305 365.6 438.1 896.2 459.2 466.8 839 959.9
2.5 2.5 2.4 2.4 2.4 2.4 2.6 3 4.4 6.8 10.7 20.1 55.8 60.3 121.7 272.4 135.8 143.5 237.2 278.1
6.1 6.1 6.1 6.4 6.6 6.9 7.1 7.3 7.7 9.2 11.1 13 138.9 175.1 154.5 280 155.9 155.9 298.2 336.4
2.2 2.3 2.3 2.3 2.4 2.5 2.7 3 3.3 3.5 3.7 4 110.3 130.2 161.9 343.8 167.5 167.4 303.6 345.4
Coefficients are (row-wise by formant):
335.1 31.5 -21.3 -11.5 -0.7 -6.2
1206.3 -167.3 -20.5 -6 9.2 -16
2355.4 9.3 24.8 10.3 6.9 -1.6
