KLH016e_0079 analysis information:
Number of steps:
20
Cutoff frequencies were: 
5400 5437 5474 5511 5547 5584 5621 5658 5695 5732 5768 5805 5842 5879 5916 5953 5989 6026 6063 6100
Number of coefficients for prediction: 
5
Number of formants: 
3
Winner is:
5400 5400 5400
Errors (total,f1,f2,f3): 
42.5 42.5 42.6 43.2 43.9 46.4 44.5 46.3 47.1 47.5 47.4 48.3 49.4 51.9 55.5 223.5 224.4 342.3 381.8 360
7.7 7.4 7.4 7.2 7.3 7.3 7.3 7.6 8 8.4 8.9 9.8 11.2 13.6 17.6 34.8 35.5 58.3 65 57.9
3.7 3.6 3.6 3.6 3.6 3.7 3.6 3.6 3.7 3.6 3.6 3.7 3.8 3.9 4.1 85.7 85.8 135.6 151.6 141.8
31.1 31.5 31.6 32.4 33 35.4 33.6 35.1 35.4 35.5 34.9 34.8 34.4 34.4 33.8 103 103.1 148.4 165.2 160.3
Coefficients are (row-wise by formant):
445.6 78.9 -53.2 -1.3 -7.7 1.7
971.2 4.5 -11.6 3.5 -3.1 -7.2
2295.7 45.9 54.5 2.6 12.6 14.8
