KLH016a_0299 analysis information:
Number of steps:
20
Cutoff frequencies were: 
5400 5437 5474 5511 5547 5584 5621 5658 5695 5732 5768 5805 5842 5879 5916 5953 5989 6026 6063 6100
Number of coefficients for prediction: 
5
Number of formants: 
3
Winner is:
5400 5400 5400
Errors (total,f1,f2,f3): 
25 25.3 27.3 28.1 29.4 36.4 33.5 46.3 253.8 32.6 251.1 261.9 259.9 248.2 258.6 283.4 292.5 297.6 258.9 246.9
0.9 1 2.8 1.2 1.6 7.4 2.6 14.4 58.9 5.6 54.6 51.6 47.5 50.6 41.7 45.4 43.8 34.1 30.8 21
11.9 12 13.9 14.2 15 17.7 17.6 20.3 130.2 13 133.9 139.9 143.5 145.5 155.5 176.8 193.6 193.1 170 125
12.2 12.3 10.6 12.7 12.8 11.3 13.3 11.6 64.7 14 62.6 70.4 68.9 52.1 61.4 61.2 55.1 70.4 58.1 100.9
Coefficients are (row-wise by formant):
337.6 23.5 -15 6.6 -4.5 2
1177.2 -177.9 86.3 2.1 4.3 32.4
2358.2 47.7 66.7 0.2 51.1 6.3
