KLH016b_0347 analysis information:
Number of steps:
20
Cutoff frequencies were: 
5400 5437 5474 5511 5547 5584 5621 5658 5695 5732 5768 5805 5842 5879 5916 5953 5989 6026 6063 6100
Number of coefficients for prediction: 
5
Number of formants: 
3
Winner is:
5621 5621 5621
Errors (total,f1,f2,f3): 
84.8 84.5 84.2 83.8 83.5 83.1 82.9 83 83.2 83.4 84 92.7 93.5 94.7 96.1 98.7 110.6 112.2 115 145.8
18.7 18.8 18.9 18.9 19 19.2 19.3 19.4 19.6 19.8 20.1 18.8 18.9 19.1 19.4 20.6 18.7 19.3 20.8 19.6
29.8 29.7 29.6 29.6 29.6 29.6 29.7 30 30.3 30.7 31.2 35 35.5 36.1 36.8 37.6 42.6 43 43.5 58.3
36.3 36 35.7 35.3 34.9 34.3 33.9 33.6 33.3 32.9 32.7 38.9 39.1 39.5 39.9 40.5 49.3 49.9 50.7 67.9
Coefficients are (row-wise by formant):
568.5 7.2 -57.2 -4.4 -16 1.6
1300.1 180.1 52.6 84.5 18.6 58.3
2279 30.8 -40.6 22.8 -3.7 57.2
