KLH016c_0065 analysis information:
Number of steps:
20
Cutoff frequencies were: 
5400 5437 5474 5511 5547 5584 5621 5658 5695 5732 5768 5805 5842 5879 5916 5953 5989 6026 6063 6100
Number of coefficients for prediction: 
5
Number of formants: 
3
Winner is:
5400 5400 5400
Errors (total,f1,f2,f3): 
106.6 154.1 200.7 192.9 200.6 197.5 190.6 182.1 171.4 170.4 165 165.6 176.7 187.5 184.8 196.8 204 216.4 235.8 255.5
12.5 12.2 12.1 12 12 12 11.9 12 12 12.1 12.1 12.1 12.2 12.3 12.4 12.5 12.6 12.7 12.8 13
37.3 68.4 110.9 102.1 102.6 99.1 95.7 92.1 88.1 86.6 86.5 85.8 93.3 98.9 74.5 71.3 62.3 64.2 63.9 65.3
56.8 73.5 77.7 78.8 86 86.4 83 78 71.3 71.7 66.4 67.7 71.2 76.3 97.9 113 129.1 139.5 159.1 177.2
Coefficients are (row-wise by formant):
407.9 14.1 -15.9 15.8 -27.1 4
1882.5 -334.9 -150.5 -81.7 -12.3 11.4
2479.8 -348.4 19.3 54 16.7 -4.1
