KLH016b_0733 analysis information:
Number of steps:
20
Cutoff frequencies were: 
5400 5437 5474 5511 5547 5584 5621 5658 5695 5732 5768 5805 5842 5879 5916 5953 5989 6026 6063 6100
Number of coefficients for prediction: 
5
Number of formants: 
3
Winner is:
5400 5400 5400
Errors (total,f1,f2,f3): 
170.6 302.3 347.1 370.9 379.5 408.9 432 458.2 574.5 648.1 647.2 709.7 696.9 734 793.7 813.3 831.2 848.9 898.8 897.9
36.8 38.4 39 36.2 37.1 40.4 37.7 40.8 46.6 46.2 40.8 40.3 44.5 46 39.6 39.3 37.1 43.3 38 37.2
82.8 149.7 172.3 182.3 188.4 200.6 218 230.2 284.1 325.8 327 357.7 353.8 367.5 399.3 408.7 425.8 428.2 459.4 466.3
51 114.2 135.8 152.4 154 167.9 176.3 187.2 243.8 276.1 279.4 311.7 298.6 320.5 354.8 365.3 368.3 377.4 401.4 394.4
Coefficients are (row-wise by formant):
486.6 -63.2 -31.1 6.3 -27.6 18.3
940.1 56.3 26 47 90.3 -8
2413 -30.2 62.1 7.2 28.1 -5.2
