KLH016e_0417 analysis information:
Number of steps:
20
Cutoff frequencies were: 
5400 5437 5474 5511 5547 5584 5621 5658 5695 5732 5768 5805 5842 5879 5916 5953 5989 6026 6063 6100
Number of coefficients for prediction: 
5
Number of formants: 
3
Winner is:
5400 5400 5400
Errors (total,f1,f2,f3): 
49.8 52.6 51.4 52.5 53.7 52.9 51.1 51.7 52.2 52.6 53.4 54.6 55.9 58.4 63.2 71.2 81.2 99 117 121.3
4.2 4.5 4.5 4.6 4.7 4.8 4.7 4.8 4.9 5 5.2 5.4 5.6 6.2 7 8.2 9.3 10.6 11.2 12
12.6 12.3 12.6 12.6 12.6 12.7 13 13 13.4 13.8 14 14.2 14.6 15 15.6 16.5 17.5 19 20.7 23.4
33 35.8 34.3 35.3 36.4 35.4 33.4 33.9 33.9 33.8 34.2 35 35.7 37.2 40.6 46.5 54.4 69.4 85.1 85.9
Coefficients are (row-wise by formant):
491.3 25.7 4.1 9.3 3.6 3.6
1142.9 -248.9 69.3 -39.8 12.1 -7.6
2456.3 1.2 -70.8 -53.6 42.8 24.1
