KLH016a_0826 analysis information:
Number of steps:
20
Cutoff frequencies were: 
5400 5437 5474 5511 5547 5584 5621 5658 5695 5732 5768 5805 5842 5879 5916 5953 5989 6026 6063 6100
Number of coefficients for prediction: 
5
Number of formants: 
3
Winner is:
5400 5400 5400
Errors (total,f1,f2,f3): 
11.7 11.8 11.9 12.1 12.4 12.9 13.5 14.1 15.1 16.2 17.4 18.6 20.2 21.5 22.7 23.6 24.8 25 25 26.4
1.7 1.8 1.8 1.8 1.9 1.9 1.9 2 2 2.1 2.2 2.2 2.3 2.4 2.6 2.7 3 3.1 3.3 3.5
6 6.1 6 6.1 6.2 6.5 6.9 7.3 8 8.8 9.6 10.6 11.8 12.9 13.8 14.5 15.2 15.3 15.4 16.4
4 3.9 4.1 4.2 4.3 4.5 4.7 4.8 5.1 5.3 5.6 5.8 6.1 6.2 6.3 6.4 6.6 6.6 6.3 6.5
Coefficients are (row-wise by formant):
404.9 2.4 -22 -16.1 0.6 0.3
1177.6 62.1 46.8 -3.9 10.9 -9.1
2368.1 -39.5 -31.2 4.3 -2.6 -7.3
