KLH016a_0593 analysis information:
Number of steps:
20
Cutoff frequencies were: 
5400 5437 5474 5511 5547 5584 5621 5658 5695 5732 5768 5805 5842 5879 5916 5953 5989 6026 6063 6100
Number of coefficients for prediction: 
5
Number of formants: 
3
Winner is:
5953 5953 5953
Errors (total,f1,f2,f3): 
230.1 218.8 219.5 218.5 188.5 179.3 178.5 173 167.3 163.6 160.9 158.6 156.8 156 156.2 155.7 158.2 158.9 159.7 162.3
7.8 7.7 7.6 7.6 7.6 7.6 7.5 7.5 7.5 7.5 7.5 7.4 7.4 7.3 7.3 7.3 7.3 7.3 7.3 7.3
95 78 70.8 65.8 41.8 36.4 33.4 33.3 32.7 31.4 30 28.5 27.3 26.4 26 26 26.3 26.9 27.5 28.4
127.3 133.1 141.1 145.1 139.1 135.3 137.6 132.2 127.1 124.7 123.4 122.7 122.1 122.3 122.9 122.4 124.6 124.7 124.9 126.6
Coefficients are (row-wise by formant):
320.7 89.7 73.9 13.4 0.9 -11.8
2174.6 -349.2 -176.3 -136.3 4.3 0.8
2935.4 -387.7 -355.6 -76.6 -6.5 119
