KLH016c_1341 analysis information:
Number of steps:
20
Cutoff frequencies were: 
5400 5437 5474 5511 5547 5584 5621 5658 5695 5732 5768 5805 5842 5879 5916 5953 5989 6026 6063 6100
Number of coefficients for prediction: 
5
Number of formants: 
3
Winner is:
5400 5400 5400
Errors (total,f1,f2,f3): 
35.7 35.9 36.2 36.3 36.6 36.5 36.4 37 37.2 38.1 38.6 39.8 41.6 44.1 47 50.3 54.8 56.6 54.9 58.2
11.1 11.4 11.5 11.7 11.9 12.2 12.4 13 13.4 14.1 14.7 15.5 16.7 18.2 19.9 21.4 24.1 23.7 19 18.5
6.7 7.1 7.3 7.3 7.2 7.3 7.7 7.9 7.9 8.3 8.6 9.1 9.7 10.4 11.2 12.4 13.5 14.8 16.8 18.5
17.9 17.4 17.4 17.3 17.5 17 16.3 16.1 15.9 15.7 15.3 15.2 15.2 15.5 15.9 16.5 17.2 18.1 19.1 21.2
Coefficients are (row-wise by formant):
484.5 -14.7 -28.9 2.2 -6.4 7.9
1382.6 29.9 118.1 52.4 36.3 18.3
2345.8 35.8 16.2 -16.2 -2.1 15.4
