KLH016a_0076 analysis information:
Number of steps:
20
Cutoff frequencies were: 
5400 5437 5474 5511 5547 5584 5621 5658 5695 5732 5768 5805 5842 5879 5916 5953 5989 6026 6063 6100
Number of coefficients for prediction: 
5
Number of formants: 
3
Winner is:
5400 5400 5400
Errors (total,f1,f2,f3): 
56.1 56.9 58.6 61.1 66.1 73.8 87.5 141.3 345.8 415.5 457.5 461.8 545.1 617.5 683.8 676 661 633.6 636.9 619.2
18.5 19.3 20.3 21.7 24 27.2 32.3 40.7 73.2 81.9 95.7 96.1 109.8 122 132.1 125.5 122.8 114.1 110.7 102
18.7 18 17.7 17.2 17.1 18.2 22.2 32.4 75.4 86.3 97.9 93.6 122.9 149.8 172.2 163.5 167.7 152.3 155.2 150.5
18.9 19.6 20.6 22.2 25 28.4 33 68.2 197.2 247.3 263.9 272.1 312.4 345.7 379.5 387 370.5 367.2 371 366.7
Coefficients are (row-wise by formant):
526.2 -27.9 -31.1 -43.9 14.8 -2.9
1349.1 -42.9 -6.8 -1.1 16 -3.6
2145.8 -24.1 30.1 32 42.1 -2.4
