KLH016b_0369 analysis information:
Number of steps:
20
Cutoff frequencies were: 
5400 5437 5474 5511 5547 5584 5621 5658 5695 5732 5768 5805 5842 5879 5916 5953 5989 6026 6063 6100
Number of coefficients for prediction: 
5
Number of formants: 
3
Winner is:
5768 5768 5768
Errors (total,f1,f2,f3): 
65.2 71.1 76.9 84.2 81.3 101.5 119.7 106.1 96.6 113.5 63.2 73 68.5 72.6 77.5 80.5 87.7 86.9 87.8 91.8
4.8 4.8 4.8 4.8 4.9 4.9 4.9 4.9 5 5 5.1 5.1 5.2 5.1 5.1 5.2 5.2 5.2 5.3 5.3
14.5 14.3 14.9 15.2 15.6 16 16.1 16.5 17.1 17.5 17.7 17.5 17.8 18.5 18.8 18.7 18.9 19 19.1 19.1
45.9 52 57.2 64.2 60.8 80.6 98.7 84.7 74.5 91 40.4 50.4 45.5 49 53.6 56.6 63.6 62.7 63.4 67.4
Coefficients are (row-wise by formant):
416.8 66.5 -3.9 5.9 -0.7 -12.8
2187.1 -107.9 0.1 -0.1 24.8 -10.7
2871.1 126 16.8 43.3 -24.4 -29.7
