Regression analysis information for: KLH057a_3804
number of formants: 3
number of coeccicients: 5
12.6 10.1 15.6
567 28.1 -98.2 18.3 -57.9 10.8
1405.6 -86.3 36.9 -10.5 -16.2 0.7
2134.8 -12.7 54.6 17.6 -6.5 14.1
14.1 10.2 15.6
569.6 26.9 -92.9 13.8 -55.6 8.6
1406.6 -85.6 37.4 -10.8 -16.4 0.9
2134.5 -13.3 53.4 18.6 -6.4 14.1
14.9 10.5 15.9
571.6 23.8 -90.1 10 -54.8 7
1407.3 -85 37.8 -11.4 -16.5 1.3
2135 -12.4 53.5 18.9 -5.9 15.1
15.1 10.6 16.3
572 21.1 -88.7 6.7 -54.6 5.2
1408.2 -85.5 38.2 -11.8 -16.9 1
2136.1 -11.8 53.2 19 -6.1 15
16 10.4 16.8
572 20.1 -85.9 5 -53.6 4.4
1408.7 -85.7 39.6 -11.9 -16.9 1.2
2137.2 -11.5 52.9 18.9 -6.2 14.8
15.3 10.5 17
571.3 17.3 -85.7 3.3 -53.5 4.4
1409 -86.3 40.3 -12.1 -17.3 1.6
2138.4 -10.4 53.3 18.6 -6.6 15
14.8 10.2 17.3
566.4 13.7 -90.5 1.9 -55.6 4.2
1407.7 -89.5 40.2 -12.5 -18.4 0.7
2139.4 -9.9 54.5 19 -7.3 14.1
14.2 9.8 17.4
563.5 14.2 -92.9 2.1 -54.1 3.7
1407.1 -90.8 40.2 -12.2 -17.6 0.7
2140.2 -9.7 55.1 19.3 -7.3 14.4
13.6 9.1 17.4
560.1 15.3 -96.5 3.7 -55 4.4
1406.1 -92.9 40.5 -11.7 -17.4 0.3
2140.4 -10.1 56.3 20.3 -7.3 13.9
12.9 8.3 17
555.4 17.4 -104 6.6 -57.8 4.1
1403.9 -97.6 37.4 -12.3 -19 -2.2
2139.8 -11.9 56.4 21.4 -7.1 12.4
11.7 8.6 17
551.5 21.7 -106.6 6.6 -55.7 3.9
1402.5 -97 37.8 -12.3 -17.3 -1.6
2139.3 -12.8 57.4 22.3 -6.4 13.2
10.5 8.2 16.6
548 27 -111.3 8.4 -55.9 4
1401.3 -97.4 35.7 -12.4 -17.1 -2.2
2139 -14.4 56.5 23.1 -5.5 13
9.2 9.3 16.2
544 32.3 -115.6 7.3 -52.7 0.6
1398.2 -94.9 32.3 -14.4 -14.6 -5.7
2138.6 -15.4 55.4 23 -4.5 12.7
8.7 8.9 15.8
542.9 34 -117.4 6.6 -51.3 0
1396.9 -92.8 30.2 -15.5 -13.2 -6.2
2138.9 -15.4 54 22.4 -3.2 13.4
8.6 9.4 15.2
541.9 36 -119.7 6.2 -50.2 -1.4
1395.1 -92 26.4 -17.1 -13 -8.3
2138.1 -17.3 50.5 20.4 -3.3 12.5
8 10.1 15.2
541.7 36.4 -122.1 6.1 -49.6 -2
1393.9 -89.2 22.9 -17.5 -12.1 -9.2
2138.8 -16.6 47.9 19.3 -2.6 13
7.9 10.8 14.9
541.7 38.3 -123.2 5.7 -48.2 -3.1
1392.7 -84.6 20.2 -17.8 -10.7 -10.5
2139.5 -14.6 46.1 18.2 -2 13.1
7.7 11.8 15.1
542.2 40.1 -124.9 5.7 -47.4 -4.3
1392.7 -81.7 17.6 -18.3 -9.4 -12.1
2140.9 -13.3 43.3 16.9 -1.5 12.3
7.8 11.8 14.7
542.7 40.4 -125.3 5 -46.9 -4.7
1392 -77.9 15.4 -18.2 -9.6 -11.7
2141.6 -10 41.9 16.1 -1.8 13.3
7.4 12.7 15.2
543.6 41.9 -126.2 5.1 -46.5 -6
1392.3 -74.2 12.9 -17.3 -9.8 -12.3
2143.3 -7 39.6 16.5 -2.7 12.9
winner is: 15
