Regression analysis information for: KLH057a_5485
number of formants: 3
number of coeccicients: 5
2.6 6.9 7.4
466.3 50.1 29.1 22.3 17.2 8.7
1015.3 -92.6 4.2 -31.7 7 -24.6
2187.3 98.7 -22.8 -6.8 -3.7 12.7
2.7 7 7.2
465.8 50.9 30.4 22.6 17.5 9.3
1013.5 -94.4 5.4 -32.2 6.5 -25.2
2188 98.3 -22.4 -6.4 -3.9 12.7
2.9 7.1 7.2
465.8 52.2 31.8 23.1 17.9 9.5
1011 -95.9 5.6 -32.4 5.5 -26.1
2188.7 97.8 -22.1 -6.3 -4 12.8
2.9 7 7
465.4 53 32.6 23.6 18 9.8
1008.8 -96.3 5.7 -31.6 4.7 -26.3
2188.9 97.9 -21.4 -6.2 -4.4 12.9
2.9 7.1 6.9
465.2 54.2 33.5 24.3 18.5 10.1
1006.3 -96.5 5 -31.2 3.8 -27.1
2188.8 98 -20.8 -6.2 -4.6 12.9
2.9 7.3 7.1
465.1 55.2 34.3 25 19.2 10.3
1003.5 -97.7 4.1 -30.7 3.8 -27.4
2188.7 98 -20.5 -6.5 -4.2 13
2.9 7.6 6.9
464.8 56.4 34.5 25.6 19.3 10.6
1001.2 -95.2 1.2 -28.8 2 -27
2187.8 99.5 -20.5 -6.4 -4.4 12.9
2.7 7.8 7.1
465.3 57.9 35.5 26.7 19.7 10.8
999 -95.1 -1.4 -28.2 0.3 -26.8
2187.5 100.1 -20.6 -6.1 -4.4 13.2
2.5 8.6 7.5
465.4 59.1 36.6 27.8 20.6 11.4
996.6 -96 -3.3 -28.1 -0.7 -26.8
2186.2 101.6 -19.7 -6.6 -3.9 14.1
2.5 9.1 7.4
465.8 60.2 37.7 28.5 20.9 11.6
995.4 -97.8 -5.4 -30.1 -3 -28.1
2185.2 102.6 -18.3 -7.1 -4.5 14.5
2.6 9.7 7.8
466.4 61.4 38.4 29.3 21.6 12
993.9 -99.6 -8.9 -32.4 -5.2 -29.6
2185.1 103.3 -19.1 -7.2 -3.9 14.6
2.4 10.3 7.9
467.1 62.5 38.9 29.6 21.7 12
993.1 -102.4 -12.5 -35.3 -7.5 -30.6
2185.3 103.7 -19.5 -7 -3.8 14.7
2.3 11 8.2
467.7 63 39.2 29.7 21.7 12
993.2 -104.3 -14.6 -38 -9.2 -32.1
2186 103.3 -19.8 -7 -3.9 14.8
2.1 11.6 8.4
469.2 64.9 40.2 30.1 21.7 11.7
991.2 -110.1 -20.5 -43.3 -12.8 -34.2
2187.6 102.4 -20.8 -6.4 -4 14.5
2.2 14.6 8.3
470.4 66.4 40.9 30.6 22 12
987.1 -120.9 -31.7 -53.1 -20.4 -39.9
2188.8 101.8 -22.2 -5.4 -4.1 14.3
2.1 15.5 8.8
472.2 68.3 41.7 30.5 21.5 11.4
982.5 -132.8 -42.2 -62.3 -26.8 -43.8
2190.9 100.3 -23.1 -5 -4.3 14.3
11.2 15.5 8.9
467.1 56.8 28.8 17.9 9 0
977.1 -146.8 -54.2 -72.1 -31.9 -46
2193.1 98.6 -24.9 -4 -4.4 13.8
35 15.4 9
448.5 18.5 -10.7 -19.3 -26.3 -30.7
972.7 -160.1 -63.6 -79 -33.2 -44.5
2195.4 96.6 -26.5 -3 -4.9 13.6
2.5 147.3 67.4
479 74.9 43.1 29.6 20.5 10.8
1127.2 135.2 228 187.5 214.3 162.7
2282.1 256.3 128.8 139.7 123.2 118.3
12.2 150.4 67.5
474.1 62.9 31.5 21 17.6 13.4
1125.5 128 225.4 187.4 217.7 165.8
2284.7 254.3 126.8 141.1 123.2 118.1
winner is: 1
