Regression analysis information for: KLH057a_0297
number of formants: 3
number of coeccicients: 5
3.3 7.5 14
380.7 -12.1 -27.7 8.8 -6.6 8.1
1442.7 3.1 -6.8 -41.9 20 5.6
2217.4 44.5 -21.7 -5.8 -15.9 -4.3
3.2 7.9 13.9
380.3 -12.3 -27.4 8.3 -6.7 7.7
1442.8 2.4 -7 -44.1 18.5 5.1
2220.8 48.8 -20.3 -5.3 -16.3 -4.7
3.3 8.3 13.7
379.9 -13.1 -26.4 7.9 -6.1 7.2
1442.9 2.5 -6.4 -44.7 19.2 5.1
2222.8 50.3 -21.7 -6.7 -18.2 -5.2
3.2 8.8 13.1
379.6 -14.1 -25.7 7.3 -4.9 6.9
1442.1 0.1 -6.3 -46.9 20.5 5.5
2226.2 54.6 -21.1 -7.9 -21.3 -8.3
3.3 9 13.1
378.8 -13 -26.2 7.7 -5.3 6.9
1441.4 1.1 -6.9 -48.3 20 5
2226.8 53.5 -22.6 -9.4 -21.9 -8.1
3.4 9.2 12.9
378.7 -14 -25.3 7.4 -4.7 6.2
1440.7 0.6 -5.6 -48.6 21.7 3.1
2226.9 52.4 -24 -11 -23 -8
3.4 8.9 13.3
378.4 -14.1 -24.9 8 -4.2 6.2
1440.2 -1.2 -3.9 -47.7 23 3.5
2226.7 51.7 -24.8 -11.6 -22.3 -8.2
3.5 8.3 13.1
378.2 -14.3 -24.5 8.4 -4.2 5.9
1439.6 -1.6 -2.1 -45.8 23.7 1.4
2226.6 51 -24.3 -10.9 -22.2 -8.1
3.5 7.5 13.2
377.5 -13.9 -24.2 8.9 -4.3 6
1437 -1.6 1.2 -43.9 24.1 1.2
2224.9 50.2 -21.6 -9.4 -21.7 -7.9
3.6 6.7 12.7
377.6 -13.4 -24.5 9.3 -4.2 6.1
1437.8 -1 0.9 -43.5 25.5 0.8
2226 51.2 -21.6 -8.4 -19.6 -8.2
3.7 6.2 12.5
377.5 -13.1 -24.6 9.8 -4.3 6.3
1437.7 -0.1 1.5 -41.2 25.6 0.8
2226.4 52.9 -19.4 -6.5 -18.8 -8.1
3.7 5.2 12.2
377.3 -12.1 -25 10.1 -4.3 6.6
1437.1 3 1.4 -41.5 26.3 2
2227 56 -17.7 -6.2 -16.9 -7.5
3.9 5 12.3
377.2 -11.6 -25.5 10.7 -4.8 7
1437 5.2 -0.6 -38.2 24.7 4.3
2227.8 57.3 -17.1 -4 -16.1 -6.2
4 4.7 11.7
377.5 -11.5 -25.7 10.9 -4.9 7.1
1438.6 7.1 -2.6 -36.7 24.4 4.4
2230.6 60 -17.3 -3.2 -16.5 -6.4
4 3.7 13
377.5 -11.3 -25.9 11.6 -4.6 7.3
1438.6 6.1 -3.1 -32.3 26.2 6.5
2229.7 58.2 -16.4 3.3 -10 -3.9
4.2 4.1 12.8
377.4 -11.2 -26 11.9 -5.1 7.5
1436.7 9.6 -4.7 -28.5 23 7.9
2228.5 59.2 -14.7 5.1 -12.2 -2.9
4.2 3.8 11.8
377.7 -11.1 -26.1 12.3 -5.1 7.2
1438.4 9.8 -4.5 -26.1 22.9 5.7
2231.2 62 -13.1 8.5 -12.4 -6.2
4.2 4.2 11.6
378 -10.6 -26.6 12.6 -5.2 7.5
1440.4 13.3 -8.3 -24.7 20.9 9
2235.1 66.5 -14.8 8.9 -12.7 -4.8
4.2 3.8 11.8
378.5 -10.5 -26.9 12.6 -5.1 7.4
1443.5 16.2 -11.6 -24.9 21.8 8.3
2240.1 72.2 -16.9 7.9 -13 -6.3
4.1 4.1 11.5
379.1 -10 -27.3 12.7 -5.1 7.5
1447.8 18.5 -14.3 -25.3 20.6 9.7
2246.3 77.9 -17.7 7.4 -14 -6.5
winner is: 20
