Regression analysis information for: KLH057a_0586
number of formants: 3
number of coeccicients: 5
21.6 15.8 6.6
589.6 -75.1 25.4 -53.9 9.1 -45.7
965.9 -97.9 -7.5 -4.5 1.9 -6.9
2211.6 5.7 1 -2 1 -3
24.7 15.7 6.6
584.3 -78.4 27.6 -55.8 9.9 -46.2
960.2 -99 -10.1 -1 0.1 -3.2
2212.5 5.7 1.4 -2 1.2 -3.4
27.6 16.1 6.8
575.2 -84.3 24.3 -57.2 8.2 -47.4
953.3 -104.1 -13.8 0 -1.7 -2
2213 5.4 1.6 -2 1.1 -4.1
31.9 13.7 7
565.9 -88 18.9 -55.6 13.2 -41.7
947.3 -106.7 -18.8 2.2 -0.6 4
2213.1 4.4 1.6 -2.2 1.5 -4.1
31.5 11.9 7
556.8 -81 11.5 -51.6 8.2 -37.8
943.3 -105.3 -21.3 3 -2.6 5.5
2212.6 2.3 0.8 -3.4 1.1 -4.6
27.5 11.2 7
545.2 -69.6 1.8 -40.9 2.4 -29.7
940.8 -104.7 -20.8 2.5 -1.7 4.9
2211.2 0.1 0.6 -3.7 1.7 -4
13.1 10.7 6.8
529.6 -43.1 -21.6 -18.2 -18.4 -9.8
939.6 -103.5 -20.8 1.4 -1.1 3.9
2210 -1.7 0.5 -4.8 1.7 -3.6
11.9 10.3 6.7
524.9 -37.5 -26.4 -15.5 -20 -7.8
938.5 -102.3 -21.1 0.7 -0.7 3.1
2208.3 -3.2 -0.1 -6.1 1.8 -2.7
10 10 6.5
520.6 -30.5 -31.6 -10.5 -23.2 -4.8
938.3 -101.2 -21.1 0 -0.1 2.1
2207.4 -3.1 0.5 -6.2 2 -2
9.9 10 6.3
519.9 -29 -33 -9.7 -23.5 -4.6
938.7 -100.9 -21.2 -0.4 0.2 1.8
2206.8 -3.4 0.3 -6.4 2.3 -1.5
9.6 10.1 6.2
519.3 -27 -34.4 -9.3 -24.3 -4.4
938.9 -100.7 -21.1 -0.8 0.4 1.3
2206.7 -2.3 0.4 -6.3 2 -1.2
9.6 10 6.3
519.2 -24.9 -35 -8.4 -24.1 -4.6
939.6 -100.3 -21 -1.2 0.7 1
2206.6 -0.4 0.2 -5.3 1.9 -1
9.3 10.2 6.2
520.6 -23.7 -35.9 -9.5 -24.3 -4.7
939.8 -100.6 -20.8 -1 1.1 0.7
2207.4 1.3 -0.2 -4.9 1.7 -1.2
9.1 10.5 6.2
522.4 -22.9 -36.4 -10.8 -24.9 -5.1
939.7 -101.3 -20.6 -0.5 1.5 0.4
2208.9 3.2 0.1 -4.3 1.6 -1.9
8.8 10.9 6.3
524.9 -21.5 -36.2 -11.5 -25.3 -5.6
939.6 -102.1 -20.6 0.4 2.1 0.6
2210.6 4.8 0.8 -3.6 1.4 -2.7
8.5 11.6 6.5
528.1 -19.7 -37.4 -13.5 -26.7 -5.3
938.4 -104.1 -20 2 3 0.2
2212.7 6.7 0.9 -2.7 1 -3.2
8.1 12.8 6.5
532.4 -17.3 -38.3 -16 -28.2 -5.5
936.1 -106.9 -19.8 4.5 4 -0.1
2215.4 8.3 1.9 -2 1.1 -4.2
7.7 14.6 6.6
537.1 -13.3 -38.4 -18.3 -30.3 -6.3
932.9 -111.1 -20.4 7.2 5.8 0
2218 10.4 3.2 -0.9 1.2 -5.2
8.4 18.9 6.6
544.9 -6.8 -40.7 -24.3 -35.4 -6
925.1 -119.7 -20 14.3 9.4 -0.8
2221.2 12.1 4.4 -0.1 1.4 -6.2
12.2 26.9 6.7
556.5 5 -43.4 -34.6 -46.2 -8.6
912.6 -134.4 -20 26.2 18.7 0.8
2224.5 13.7 5.8 1.1 1.7 -7.4
winner is: 13
