Regression analysis information for: KLH057b_0484
number of formants: 3
number of coeccicients: 5
2.3 4 8.9
350.5 -0.1 -25.4 -12.1 -5.7 -5.2
1795.2 -58.7 -34.8 -37 -19.4 3.4
2371.5 -72 -67 -1.4 23.1 18.5
1.9 4.2 9.1
347.2 -2.5 -27.2 -13 -5.5 -5.1
1798.2 -56.8 -33 -36.4 -20.4 3.1
2383.2 -67.7 -65.9 -2.8 25.2 21.1
1.7 4.7 9.1
344 -3.2 -27.7 -13 -4.2 -4.3
1800.8 -57.1 -32.3 -36.4 -21.9 2.6
2394.7 -69.8 -66.5 -5.4 24.9 21.8
1.3 4.9 10.9
340.7 -4.6 -27.2 -13.7 -3.3 -3.9
1803.7 -56.1 -31.7 -35.6 -23.8 2.3
2407.2 -67.5 -70.8 -4.8 24.6 24.5
1.3 5.3 10.9
337.8 -5.4 -25.9 -13.5 -2.8 -2.7
1805.7 -55.5 -32.1 -35.6 -25.2 1.3
2417.2 -66.5 -77.9 -7.6 24 23.9
1.5 5.7 19.7
334 -7 -24.4 -13.1 -1.3 -1.6
1808 -55 -33.7 -36.9 -28.8 -1.1
2424.4 -72.9 -98.6 -21.5 8.2 14.6
1.7 5.9 20.5
331.7 -6.9 -22.5 -12.9 -1.1 -1.6
1809.1 -54.7 -35.2 -36.7 -30.7 -1.8
2432.4 -70.6 -109.1 -20.3 6.7 21.5
1.6 6.4 24.3
329.7 -7.4 -21 -12.6 -0.8 -1.3
1809.4 -54.2 -38.1 -37.8 -33.1 -3.8
2433.5 -69.9 -130.4 -25 -3.8 19.4
1.9 7.2 22.2
327.4 -8.1 -18.9 -11.7 -0.1 -1.2
1809.8 -53 -41.7 -39.9 -35.9 -6.2
2438.9 -62.7 -154.9 -36.3 -13.4 19.5
2 7.9 25.6
326 -8.3 -17.6 -11.8 0 -0.8
1808.2 -53.4 -47.1 -43 -39.2 -10.1
2431.4 -65.1 -187.4 -48.4 -21.1 10.9
2.2 8.4 26.2
324.8 -8.4 -15.9 -11.8 -0.2 -0.6
1808.2 -52.7 -48.4 -42.9 -37.2 -9.5
2438.6 -62.8 -199.7 -48.3 -6.4 20
2 10.7 36.7
324.1 -8.6 -14.8 -11.5 -0.5 -0.6
1806.7 -54.3 -50.9 -44.8 -35.3 -8.4
2429.7 -83.9 -217.6 -45.7 32.4 48.8
2.2 10.9 35.5
323.4 -8.7 -13.8 -11.6 -0.6 -0.5
1806.1 -55.2 -51.4 -46.4 -33.4 -7.7
2430.2 -95.1 -222.4 -39.6 60.7 59.1
2.2 11.1 35.1
323.2 -9 -13.3 -11.4 -0.7 -0.6
1805.9 -56.7 -50.8 -47.6 -31.9 -5.9
2428.4 -106.8 -216.4 -31.4 85.8 70.5
2.3 11.6 32
323 -9 -12.6 -11.3 -0.8 -0.6
1805.9 -58.8 -49.2 -48.1 -29.9 -3.2
2431.8 -117.5 -209.3 -24.8 106.8 76.4
2.3 12 29.6
322.9 -9.2 -12.3 -11.1 -0.7 -0.6
1807 -59.6 -45.8 -47.8 -27.5 -0.3
2434.9 -122.6 -188.4 -15.1 120.7 76.4
2.3 11.8 24.3
323 -9.3 -12 -11.2 -0.9 -0.7
1809.3 -59.3 -41.6 -47.2 -27.4 0.4
2465.8 -100.9 -186.3 -55 97.3 81.2
2.4 11.7 25
323.2 -9.2 -11.6 -11.2 -0.9 -0.6
1812.1 -57.8 -36.1 -46.7 -27.5 1.9
2486 -86.7 -167.3 -71.8 87.3 81
2.4 11.7 32.4
323.4 -9.3 -11.3 -11.2 -1 -0.7
1815.6 -56.5 -31.2 -45.6 -27.5 2.1
2511.9 -67.3 -149.1 -88.7 73.7 78.1
2.4 11.4 29.1
323.6 -9.2 -10.9 -11.1 -1.1 -0.8
1819.2 -55 -26.4 -44 -28.2 1.7
2530.1 -59.1 -128.3 -86.9 77.5 78.1
winner is: 1
