Regression analysis information for: KLH057a_5967
number of formants: 3
number of coeccicients: 5
1.2 1.7 10.6
334.2 -1.3 1.4 -0.4 0.2 1.3
898.1 -19 2.1 -5.8 0 -2.5
2021.8 179.7 -69.8 38.8 -7.8 19.4
1.3 1.8 11.1
334.6 -1.1 1.1 0.1 0.1 1.8
898.9 -19.5 2.5 -5.7 0.3 -2.4
2027.4 171.1 -65.3 35.9 -5.2 18
1.4 1.9 10.4
334.7 -0.9 0.6 0.4 -0.1 1.9
899.4 -18.7 2.4 -5 0.3 -2.3
2038.2 151.7 -54.7 28.7 0.9 12.5
2.3 1.9 14.4
334.3 1.2 -1.4 2.8 -1.7 3.7
900 -19.9 2.3 -5.2 0.5 -2.3
2042.9 147.9 -51.8 27 4.1 11.5
3.7 1.8 15.1
333.4 3.2 -4.1 4.5 -3.8 5
900.1 -18.7 1.4 -4.5 -0.1 -2.2
2055.4 125.4 -38.7 14.3 14 -0.3
6.6 1.9 20.4
331 9.3 -9.6 10 -8.1 9.5
900.3 -19.1 0.8 -4.4 -0.2 -2.2
2058.1 126.8 -42.1 18 10.6 4.8
63.4 108.8 38.5
365.4 -61.4 58.1 -60 58.9 -59
956.9 -135.2 111.4 -117.3 106.4 -109.3
2086.4 71.7 6 -29.9 56.5 -39.9
44.8 7.6 37
352.1 -33.3 31.7 -34.4 35.8 -37.3
902.3 -21.5 3 -7.5 3.5 -6.5
2077.4 98.8 -21.6 -1.4 28.9 -12.8
18.9 1.9 21.6
324.5 25.2 -24.3 23.9 -20.5 21.5
900.8 -17.1 -1 -3.3 -0.6 -2.4
2066.6 129.7 -50.9 27.7 3.5 6.9
14.7 1.9 18.3
326 22.4 -21.5 20.2 -17.3 17.5
900.7 -15.1 -1.8 -2.7 -1.1 -2.4
2077.9 115.2 -39.9 18.5 10.4 -3.3
44.3 55 31.6
346.6 -19.4 20.4 -24 26.6 -28.2
920.7 -56.6 38.2 -44.9 39.7 -44.7
2093.8 95.9 -17.9 -3.2 30.9 -26.2
12.8 2.2 17.4
326.3 22.9 -20.4 18.2 -14.6 14.7
900.9 -13.7 -2 -3 -0.5 -3
2088.8 117.5 -39.9 20.7 7.2 -4.9
15 2.6 17.3
323.8 27.4 -23.3 20.1 -15.2 15.5
900.3 -12.6 -2.2 -3.3 0.4 -3.7
2095.8 116.3 -37.8 21 5.7 -5.2
46.4 70.6 30.9
344 -16.5 20.6 -26.7 31.4 -32.4
925.2 -65.1 49.2 -57.2 53 -57.8
2113.5 92.3 -14.8 -0.7 26.3 -29.2
6.6 3.5 18.5
320.4 29.5 -20.9 14.4 -5.8 7.1
898.1 -10.2 -2.3 -4.3 3.1 -4.8
2110.6 109.2 -31.2 19.8 7.3 -11.3
48.2 49.5 29.9
329.6 5.1 9 -20.3 32.4 -31.1
913.5 -45.5 33.2 -42.1 40.6 -41.8
2126 89.3 -12.9 0.9 25 -31.8
54.7 70.4 30.7
314.9 23.9 -0.9 -18.7 38.1 -37.3
917.2 -57.1 47.4 -58.1 57.8 -58.2
2134.4 83.8 -13.2 4.9 21.9 -30.5
56.1 139.4 26
428.4 -193.6 180.5 -127.3 75.8 2.8
1094.2 -377.3 287.8 -167.3 44.9 71.4
2189.2 -2.7 49.6 -21.6 15.3 4.5
67.7 124.9 16.9
441.7 -225.7 196.6 -108.8 38.1 53.2
1155.2 -479.1 333.5 -142.7 -17.2 131.5
2205.2 -18.8 48.5 -4.6 -5.9 21.2
66.6 133.4 9.5
471.9 -279.3 193 -39.4 -37.1 85.8
1222.6 -557.5 269.7 38.1 -197.4 197.8
2216.6 -26 39.2 13.6 -20.4 20.6
winner is: 1
