Regression analysis information for: KLH057a_4085
number of formants: 3
number of coeccicients: 5
6.3 181.7 92.4
326.8 20.5 -12.5 4.7 -2.6 3.4
1593.4 28.1 31.8 189.7 225.9 80.3
2189.4 76.8 21.2 27.5 169.6 47.4
6.3 205 129.3
327.2 20.1 -12.2 4.5 -3.1 3.2
1631.8 -36.8 58.4 244.4 138.6 76.6
2214.9 28.1 51.8 40.7 135.3 56.2
6.2 205.1 145.6
327.6 19.9 -12.3 4.5 -3.5 3.3
1685.4 -73.3 9 251.1 120.5 151.9
2241 13.5 21.4 66.2 115.2 76.3
6.2 166.3 168.6
327.8 19.7 -12.3 4.1 -4 3.1
1773.1 -64.3 7.3 274.6 58.9 125.7
2299.2 -16.5 36.5 99.6 50.5 70.8
6.2 158.4 138.5
328.3 19.5 -12.2 3.8 -4.3 3.1
1811.2 -66.3 3.8 260.9 32.2 105.6
2345.7 -62.3 55.5 118.8 -5.6 96.4
6.2 136.2 128.1
328.5 19 -12.4 3.5 -4.5 3.2
1842.1 -71.9 -27.8 255.9 66.9 83.1
2373.1 -86.5 43.6 133.2 8.7 88
6.2 123.7 126.6
328.6 19.1 -12.6 3 -4.3 2.6
1892.4 -11.5 18.2 214.9 11.3 6.6
2395.1 -65.1 48.7 137.6 -3.2 45.7
6.3 103.3 105.3
328.8 19 -12.8 2.8 -4.6 2.5
1918.9 -12.5 -15.2 211.6 39.2 -7.2
2425.4 -84.9 13.5 160.1 37.4 5.2
6.2 87.1 99.3
329 18.8 -12.8 2.4 -4.7 2.5
1935.3 -2.8 -19.5 182.3 28 -9.5
2431.2 -98.6 27.3 148 51 -7.2
6.1 72.9 90.8
329.3 19 -12.6 1.8 -4.8 2.2
1953.8 6.8 -30.3 149.3 21.1 -3.1
2436.3 -112.1 39.1 137.6 63.4 -20
6 69.4 90.2
329.5 19 -12.6 1.4 -4.9 2.3
1967.1 14.3 -39.7 124.9 15 4.9
2449 -105.4 29.7 113.6 57.7 -13.9
6 18.6 57.5
329.7 19 -12.6 0.8 -4.9 2.2
2009.8 52.4 -67.2 44.4 -31.8 15.2
2497.7 -52.9 -7.2 25 -2.1 -3.4
6.1 15.2 11.3
329.9 18.9 -12.6 0.4 -5 2.1
2013.6 52.1 -67 38.3 -31.3 15.7
2523.9 -28.7 -32.6 -20.4 -18.8 17.3
6.1 14.3 11.3
329.9 18.9 -12.6 0.1 -4.9 2.1
2015.4 48.7 -64 35.8 -29.3 14.1
2524.5 -29.8 -32.4 -20.1 -18.6 17.4
6.1 14.3 11.5
330 18.9 -12.6 -0.2 -4.9 2.1
2016.2 47.4 -62.5 34.6 -28.2 12.9
2524.9 -30.5 -31.9 -20.1 -18.5 17.2
6.2 14.2 12
329.9 18.8 -12.6 -0.3 -4.9 2.4
2017.3 46.2 -61 33.5 -28 12.5
2525.5 -30.7 -31.4 -19.9 -18.5 17.2
6.1 13.9 12.1
329.8 18.8 -12.6 -0.3 -4.8 2.5
2017.6 46.8 -60.9 33.5 -28.2 12.6
2526 -30.4 -31 -19.8 -18.4 17.3
6 13.2 11.9
329.6 18.8 -12.5 -0.1 -4.6 2.4
2017.9 47 -60.5 32.9 -27.8 12.5
2526.4 -29.6 -30.8 -19.9 -18.2 17.6
6 12.6 12.1
329.5 18.5 -12.5 -0.1 -4.5 2.5
2018.8 43.9 -58.4 30.3 -27 12.6
2525.9 -29.9 -30.8 -21.2 -17.7 17.3
6 12.2 12
329.4 18.4 -12.4 0 -4.4 2.5
2019.1 43 -57.5 29 -26.8 12.9
2525.6 -29.6 -30.6 -22.1 -17.6 17.7
winner is: 20
