Regression analysis information for: KLH057b_0844
number of formants: 3
number of coeccicients: 5
19 14.7 23
607.2 92.8 -39.2 26.3 -18.2 -17.4
1100.3 -13.9 -28 -21.8 -21.5 18.1
2238.5 10.5 -50.1 -13.4 13.5 -63.1
19.7 15.6 24
602.7 96.5 -41.1 25.8 -17.7 -19
1095.6 -12.8 -28.3 -23 -22 15.7
2241.7 11.1 -50.5 -13.9 13.2 -62.6
20.2 17.1 25
597.2 101.3 -42 24.7 -16.7 -19.2
1088.3 -9.4 -27.5 -25.5 -20.7 15.3
2243.3 13 -53.1 -12.7 11.6 -63.1
20 18.9 26.5
589.9 105.4 -42.1 24.3 -14 -19.8
1078.7 -6.8 -24.1 -25.8 -19 12.5
2243.4 19.2 -57.8 -11.6 10 -64.9
18.3 22.6 27.8
576.2 106.9 -35.6 16.7 -9.1 -19.1
1058.8 -7.5 -9.8 -30.9 -17.8 8.7
2242.3 26.3 -60.2 -14.4 11.9 -68
13.6 24.5 26.8
566.4 108.6 -33.5 9.9 -3.3 -18.8
1046.5 -7 -4.5 -35.1 -12.8 5.4
2235.8 37.5 -63 -18.3 15.7 -69.3
14.1 26.8 28.8
558.4 102.9 -33.7 10 -0.4 -18.1
1036.8 -13.6 -0.4 -30.3 -12.4 0.4
2231.6 44.7 -64.1 -21.7 20.3 -75.3
12.8 27.9 26.6
549.3 96.8 -28.8 13 1.6 -19.9
1026.1 -21.6 8.7 -20.6 -11.3 -6.6
2226.1 49.6 -60.7 -26.8 22 -75.3
12.9 27.9 25.3
543.7 91.2 -28 13.4 3.1 -19.6
1022.2 -26.5 9.9 -18.6 -10.5 -6.8
2223 49.9 -56.6 -30.4 23.3 -75.2
13 26.5 23.8
539.6 85.9 -28.3 14.6 5.2 -18.3
1019.9 -30.9 10.1 -16.3 -8.8 -5.8
2221.4 48 -54.6 -31.4 23 -73.7
12.9 25.7 22.9
537.2 80.9 -29.3 15 6.2 -16.8
1018.8 -33.9 9.8 -15.2 -7.7 -4.5
2221.4 43.1 -52.9 -31.4 22.5 -71.4
12.7 24.8 22.1
534.9 76 -29.7 15.9 7.4 -15.6
1018 -36.8 9.6 -13.8 -6.9 -3.6
2220.9 35.9 -50.2 -30.3 23.3 -69.5
12.7 24.2 20.7
534.1 73.1 -29.5 16.1 7.8 -14.6
1018.1 -38.4 9.1 -12.9 -6.6 -3
2220.9 28.4 -47.4 -30.5 24.3 -67.7
12.8 24.1 22.4
534.9 70.1 -30.3 16.5 7 -12.7
1018.3 -38.8 8.7 -12.7 -6.5 -2.4
2223.4 21.1 -46.3 -29 23.5 -65
12.4 24.7 23.4
535.9 66.2 -32.9 16 5.8 -11.3
1018.3 -38.6 7.8 -12.3 -6.4 -3
2226.8 11.7 -47.8 -29.9 23.4 -65.7
13.2 25.7 26
538.2 62.3 -34.4 18.6 5.1 -9.3
1017 -36.6 6.9 -11.7 -4.7 -4.1
2230.6 3.1 -48.1 -25.3 25.5 -66.4
14.7 27.6 28.9
542.1 59.3 -36 21.9 2.6 -7.7
1014.6 -31.9 4.7 -12.2 -2.7 -6.3
2236.1 -2.4 -48.5 -23 26.4 -70.7
17.8 33 35.5
548.2 53.6 -38.6 26.8 -2.3 -3.4
1007.7 -20.2 0.4 -13.8 2.7 -13
2241 -5 -51.6 -21.6 28.2 -77.1
24 47.5 45.2
556.5 47.3 -43.7 36.4 -11.3 2.6
991.1 6 -10 -18 15.8 -30
2244.2 -2.7 -57 -20.1 31.8 -86.7
38.5 96.7 101.5
564 47.8 -58.8 55.8 -25.2 7.1
1024.8 -56.7 40.4 -30.7 -16.1 46.7
2310.3 -103.6 2.6 -20.4 -20.5 9.2
winner is: 1
