Regression analysis information for: KLH057a_4031
number of formants: 3
number of coeccicients: 5
5.1 8.3 13
443.5 6 -34.6 14.7 -21.5 7.4
1086 50.8 34.4 17.8 39.2 -12.1
2161.2 -4.3 9.1 3.1 2.8 -5.3
5.1 8.6 13.2
443 5.5 -35.5 13.7 -21.9 6.5
1085.3 50 34.5 14.6 40.6 -13.7
2162.3 -4.2 9 3.4 3.1 -5
5 8.3 13.3
442.5 4.7 -35.7 13.1 -22.5 5.8
1084.3 50.2 34.5 13.6 40 -15.6
2163.3 -4 9.3 3.7 3.4 -4.7
5 8.7 13.5
441.7 4.7 -36.8 12.4 -23.2 5.4
1081.8 50.7 31.8 11.6 38.7 -16.1
2164.3 -3.8 9.8 3.7 3.9 -4.8
4.9 9.8 13.7
440.5 4.3 -37 12.2 -23.6 5
1077 50.1 29.8 10.5 37.6 -17.1
2164.2 -3.3 10.7 4.5 4 -5.4
5 9.6 13.6
440.2 4 -37.1 11.5 -23.6 5
1075.3 50.1 29.1 7.6 37.5 -18.3
2164.1 -2.9 11 4.6 4.3 -5.6
5 9.1 14
439.6 4.3 -37.1 11.1 -24.1 4.9
1072.8 50.4 28.8 5.2 35.9 -18.3
2163.1 -2.4 11.1 4.8 4.1 -6
4.8 8.7 14.5
439.5 4.2 -36.6 10.7 -24.3 4.8
1071.8 50.9 29.5 3.4 35.4 -20
2162.2 -1.9 11.5 4.5 3.7 -6.6
4.9 8.3 14.2
439.5 4.2 -36.5 10.4 -24.2 4.8
1071.7 51.1 30 1.8 35.6 -20.3
2161.6 -1.6 11.6 4.2 4 -7
4.9 8.2 14
439.4 4.5 -36.4 9.9 -24 4.5
1071.7 50.9 31.3 -0.6 36.8 -20.7
2161.1 -1.2 12 2.6 4.8 -7.4
4.9 8.2 13.4
439.7 4.3 -36 9.5 -24.1 4.9
1072.8 50.7 32.8 -1.9 35.9 -19.9
2161.7 -1.3 12.9 1.4 4 -6.2
5 8.1 12.9
439.9 4.4 -36.2 9.2 -24.1 4.9
1074.2 49.1 33.1 -3.6 36.3 -19.8
2162.5 -1.9 12.8 -0.1 4.3 -5.6
5.1 8.1 12.6
440.4 4.1 -36.1 8.7 -24.1 4.9
1076.3 47.5 33.7 -5.1 35.8 -20.1
2164.2 -2.6 12.8 -1.6 3.8 -5.1
5.2 8.2 12.3
441 4 -35.9 8.4 -24.1 5.2
1078.4 48.4 34.5 -5.3 35.7 -19.8
2165.6 -2 12.6 -2.6 3.5 -4.2
5.1 8 12.5
441.5 4.1 -36.3 8.5 -24 5.1
1080.9 47.1 34.6 -5.2 36.4 -19.7
2167.4 -2.6 11.8 -2.9 3.7 -3.7
5.2 8 12.3
442.5 3.6 -36.2 8.1 -23.8 5.3
1084.2 45.9 35.4 -5.8 36.4 -19.8
2170.3 -3.5 11.4 -4.1 3.3 -2.9
5.3 7.9 12.1
443.4 3.2 -36.5 7.7 -23.8 5.3
1087.6 44.3 35.7 -6.8 36.3 -20
2173.1 -4.5 10.8 -5.4 3.1 -2.4
5.3 8 11.8
444.5 3.1 -36.7 7.4 -23.8 5.3
1091.6 42.6 36.7 -7.8 36 -20
2176.5 -5.2 10.4 -6.7 2.4 -1.7
5.5 8.5 11.6
445.8 2.2 -37.1 6.9 -23.9 5.4
1095.2 39.9 36.3 -9.1 35 -20.9
2179.6 -6.9 9.3 -8.1 1.2 -1.4
5.6 8.8 11.7
447.4 1.7 -37.3 6.6 -24.1 5.5
1100.1 38.3 37.8 -9.4 34.7 -21
2183.6 -7.6 9 -8.9 0.3 -0.8
winner is: 18
