Regression analysis information for: KLH057a_3363
number of formants: 3
number of coeccicients: 5
8.6 13.9 21.3
341.1 -3.2 -25.3 -4.2 -3.6 0.3
1873.2 -15.8 -28.8 23.3 24.3 9.9
2359.3 24.8 -3.4 7.6 17.6 22.6
8.3 13.5 21.4
341.1 -3 -25.2 -3.9 -4.3 0.3
1875.1 -16 -31.3 21.2 22.3 10.5
2361.1 24.3 -5.9 5.5 16.1 22.5
8.6 14.5 21.9
340.3 -3.5 -25.4 -4 -3.4 -0.3
1877.8 -14.3 -29.9 21.2 23.9 11.2
2364.7 26.9 -4.6 7.1 18 25.4
8.4 15.1 22.7
340 -3.8 -25.3 -4 -3.5 -0.6
1879.3 -13.4 -31.1 19.6 24.2 11.9
2367.6 28.7 -5.9 6.7 19 27
8.4 15.8 23.2
339.7 -4 -25.2 -3.7 -3.4 -0.6
1880 -13.1 -31.6 18.3 24.6 11.8
2368.9 29.5 -6.8 5.5 19.5 27.5
8.3 17.2 24.2
339.4 -4.1 -25.1 -3.5 -3.4 -0.7
1880.2 -13.3 -32.1 17.5 25.8 11.4
2370.5 30.4 -7.9 4.2 20.7 28.9
8.3 18.5 24.8
339.3 -4.2 -25.1 -3.4 -3.3 -0.8
1879.5 -13.7 -32.1 17.7 27.4 10.5
2370.8 31.1 -8 3.7 21.5 28.9
8 20.1 26.7
339.3 -3.6 -25.2 -2.6 -4.3 -0.3
1879.3 -15.1 -33 15.9 29 9.8
2371.5 30.1 -10.4 0 22.6 29.3
8 20.7 27.2
339 -3.6 -25.4 -2.2 -4.3 -0.1
1876.8 -16.8 -33.3 18.4 32.7 10.8
2370.9 29.9 -10.7 0.3 24.8 30.6
8.1 20.7 27.7
338.9 -3.6 -25.3 -2.2 -4.2 -0.2
1874.6 -17.2 -34.2 20 35.1 12.1
2369.9 30.1 -11.7 0.4 26.8 32.4
8.3 20.5 27.4
338.6 -4 -25.3 -2.5 -3.4 -0.8
1873.8 -15.6 -32.4 23.9 36.1 12
2370.4 33 -9.9 3.9 28 33.4
8.4 20.6 28.2
338.5 -4 -25.3 -2.5 -3.4 -0.9
1871.2 -17.5 -31.3 28.9 36.9 11.1
2369.2 31.8 -9.8 6.1 28 33.1
8.4 19.2 28
338.6 -4.1 -25.2 -2.5 -3.4 -0.9
1872 -18.4 -30.7 31 37.1 11.9
2369.3 30.7 -9.7 7.8 28.1 33.2
8.3 18.2 26.8
338.7 -4.2 -25.2 -2.5 -3.4 -0.9
1873.9 -18.8 -29.2 31 35.5 11.5
2370 30.4 -8.1 8.7 26.7 31.8
8.3 16.9 26
338.8 -4.2 -25.1 -2.6 -3.4 -1
1876.4 -19.2 -28.7 31.1 32.2 11.3
2371.4 29.9 -7 10.4 24.1 30.6
8 15.3 25.6
339.2 -3.8 -25 -2.2 -4.4 -0.4
1880 -22.3 -29.6 27.8 27.1 10.1
2372.6 26 -7.7 9 20.4 28
8.3 15.3 25.3
339.1 -4.3 -24.9 -2.7 -3.6 -1
1885.4 -18.9 -27.6 28.8 25.5 12.4
2376.4 28.9 -5.6 12.6 20.3 29.6
8.3 14.7 24.8
339.2 -4.3 -24.9 -2.8 -3.6 -1.1
1891.6 -18.8 -27.9 26.2 22.4 12.4
2380.7 29.1 -5.6 13 18.8 29.1
8.3 14.8 24.9
339.4 -4.3 -24.8 -2.8 -3.7 -1.1
1898.8 -16.4 -28.6 23.6 19.2 13.7
2385.8 31 -5.7 13.2 18.1 30
7.9 13.8 24.7
339.9 -3.8 -24.8 -2.5 -4.6 -0.6
1904.5 -20.2 -32.6 17.2 12.6 10.9
2389.1 26.9 -9.3 9.9 14.3 27.8
winner is: 2
