Regression analysis information for: KLH057b_0438
number of formants: 3
number of coeccicients: 5
2 7.4 8.4
287.1 14.9 2.6 -17 9.3 -4.9
1820.8 -147 -42.9 -25.6 -28.8 -17.9
2100.7 -36.9 14.8 -34 11.6 -10.5
2 6.6 10.1
287 14.9 3 -16.9 9.3 -4.7
1819.4 -142.1 -45.3 -23.6 -27.9 -19.6
2097.6 -33.8 12.5 -29.3 11.8 -11.4
2 6.7 9.3
287.1 14.9 2.9 -16.7 9.3 -4.7
1818.8 -142.1 -44.6 -22.3 -26.9 -19.2
2097.8 -37.1 14.1 -24.8 13.1 -11.3
2.1 7.2 8.7
287.1 14.8 3.1 -16.8 9.3 -4.6
1819.4 -141.9 -43.9 -21.3 -27.3 -18.2
2099.3 -39.3 16.3 -24.7 11 -9.8
2 7.8 8.5
287.3 14.8 3.2 -16.7 9.2 -4.5
1822.3 -143.1 -41.7 -18.8 -29.6 -16.1
2103.4 -41.5 18.3 -23.5 8.6 -8.6
2.1 7.2 7.8
287.3 14.8 3.2 -16.6 9.2 -4.5
1821.5 -144.4 -38.3 -17.6 -31.4 -13.8
2103.2 -44.4 24.2 -22.7 4.5 -5.3
2.1 7.3 7.3
287.5 14.8 3.5 -16.7 9.2 -4.4
1826.6 -147.1 -33.9 -17.2 -33 -10.6
2111 -49 26.6 -24 2.5 -2.3
2.1 6.5 6.5
287.8 14.8 3.3 -16.6 9.3 -4.5
1832.6 -150.4 -32.1 -15.2 -34.5 -9.6
2121.2 -54.3 26.2 -23.1 0.6 -0.9
2.2 5.6 7.3
287.9 14.8 3.4 -16.5 9.4 -4.5
1837 -154.3 -30.3 -10 -34.3 -8.1
2130.1 -63.3 26.1 -16.8 -0.8 2.1
2.3 4.6 8
288.1 14.8 3.6 -16.8 9.5 -4.4
1845 -156.1 -28.5 -10 -34.3 -8.2
2146.7 -73.8 26.1 -16.1 -5.7 5.4
2.5 3.9 8.6
288.4 15 3.5 -16.9 9.8 -4.6
1853.2 -157.2 -27.5 -9.8 -32.8 -7.8
2168.3 -88.4 23.1 -11.9 -12.2 9.9
2.8 3.9 9.4
288.5 15.2 3.6 -17.6 10.2 -4.6
1862 -157.3 -27.8 -10.8 -30.9 -8.1
2197 -109 18.2 -7.2 -19.8 15.4
3.1 4 9.5
288.5 15.6 3.7 -18.5 10.8 -4.7
1870.7 -156.1 -27.4 -12.1 -28.7 -8.3
2233.7 -135.4 9.4 -0.2 -27.7 20.8
3.7 4.2 10.1
288.3 16.3 3.5 -19.6 11.6 -5.1
1878.6 -153.5 -26.5 -13.5 -26.4 -8.1
2276.5 -163 -5.4 6.4 -33 25
4.6 4.5 10.8
287.8 17.2 3.9 -21.3 12.7 -5.1
1886.5 -149.9 -25 -14 -24.5 -8.3
2328.9 -195.9 -28.7 16.9 -38.1 27.7
5.6 4.8 10.5
286.7 18.6 3.9 -23.6 14.3 -5.9
1893.4 -145.5 -22.5 -14.4 -23.3 -8.6
2388.3 -230.3 -60.9 31.7 -43.7 27.8
6.8 5.3 11.4
285.5 20.1 4.1 -26.2 15.6 -6.2
1900.8 -138.9 -18.3 -13.3 -21.5 -8.8
2452.5 -258.2 -103.8 43.7 -44.3 20.6
8.2 6.2 14.4
284 21.5 4.7 -28.9 16.9 -6.4
1906.7 -133.8 -15.1 -12.7 -20.4 -9.5
2510.8 -279.3 -144 47.7 -40.5 12.4
10.4 7 16.7
281.5 23.9 5.1 -33.1 19.3 -7.2
1912.7 -127.2 -9.9 -10.6 -19 -9.9
2566.5 -300.3 -174.2 57.3 -54.9 -1.9
12.7 7.4 20.6
278.7 26.1 6.1 -37.5 21.3 -7.4
1919.2 -119.7 -4.2 -7.9 -17 -9.7
2619.7 -303.4 -201.8 45.2 -65.5 -13
winner is: 10
