Regression analysis information for: KLH057b_1498
number of formants: 3
number of coeccicients: 5
2.1 14.4 20.6
376.4 -82.3 -15.8 6.7 -5.9 2.5
1450 170.6 -107.8 28.1 0.4 15.1
2270.5 208.4 -149.1 -60.7 41.4 -3.1
2.1 14 21.8
375.4 -81.7 -14 6.6 -7.4 2.5
1450.2 175.3 -106 29 0.3 15.7
2269.8 217.7 -152.2 -67 49 1.8
2.2 14.1 19.5
374.4 -81.7 -12.5 7.2 -8.6 2
1450.7 178.5 -104.1 31.9 -1 15.8
2274.4 225.4 -162.7 -66.6 48.7 5.3
2.4 13.7 18.2
374.1 -81.5 -11.5 6.9 -9.5 2.3
1449.8 179.9 -101.1 30.4 -2.9 16.4
2269.9 230.6 -150.6 -79 45.7 17.8
2.5 13.9 10.8
373.7 -81.6 -10.9 7.1 -10.1 2.2
1449.1 180.6 -98.3 31.2 -5 15.9
2264.7 233.6 -137.1 -84.9 29 24.3
2.5 14.3 12.5
373.6 -82.3 -10.3 7.2 -10.2 2.4
1449.9 176.5 -96.1 32.4 -5.3 18.2
2264.2 223.3 -125.8 -83.4 17.6 29.2
2.5 13.8 12.9
373.8 -82.4 -10.3 7.6 -9.9 2.2
1449.8 177.5 -94.3 33.3 -4.5 16.9
2264.1 220.3 -120.2 -77.9 14.3 25.1
2.4 13.7 11.6
374.1 -83.1 -10 7.8 -10 2.3
1452.2 174.7 -92.5 35.2 -3.9 18.3
2269.9 206.8 -119.9 -64.3 14.5 25.4
2.4 13.2 9.4
374.7 -83.6 -10.1 7.9 -10.2 2.2
1456 173.6 -90.2 38 -3.9 18.6
2281.2 193.6 -123.7 -46.7 16 18.8
2.4 12.9 9.4
375.5 -84.3 -10.6 8 -10.5 2
1460 173 -89.1 38.9 -4.5 18.8
2299.6 184 -133.5 -38.8 12.9 17.3
2.3 13 10.7
376.1 -85.4 -10.6 7.8 -10.6 2.2
1465.5 171.5 -87.4 40.9 -4.6 18.7
2321.7 170.8 -147.1 -24.9 9.9 12
2.5 12.7 14.3
377.1 -86.6 -11.2 7.9 -11.1 2
1471.5 170.3 -85.8 42 -5.7 19.3
2349.7 155.9 -162.7 -11.8 1.1 8.5
2.4 12.4 20.3
378 -88.3 -11.8 7.8 -11.6 1.9
1478.6 168.6 -83.5 43.6 -6.5 19.8
2383.3 134.5 -181.7 9.8 -11.2 2.1
2.4 12.1 30.4
378.7 -90.6 -12.1 7.6 -12 1.8
1486.4 165.8 -81.2 44.3 -7.1 20.4
2424 104.9 -204.7 39.9 -30.4 -3.9
2.6 11.9 52.3
379.5 -93.2 -13.1 7.4 -12.5 1.6
1493.5 164 -79 44.6 -7.6 20.1
2475.9 61.3 -231.7 88.6 -67.3 -9.5
2.7 11.3 51.4
379.8 -96.7 -14.1 6.6 -13.5 1.4
1502.4 161.7 -75.2 46 -8.1 21.8
2514.5 29.6 -236.5 106.8 -92.5 10.4
3 11.1 35.6
380 -100.6 -15.6 5.8 -14.4 1
1510.3 159.4 -72 46.1 -8.2 22.1
2536.7 17.5 -238.1 103.5 -93.9 16.9
3.4 10.7 38
380 -105.4 -17.4 4.8 -15.4 0.3
1518.2 156.6 -67.8 45.4 -8.2 21.7
2567.4 -9.7 -230 105.5 -111.1 38.6
4.1 10.6 31.2
378.7 -112.2 -20 2.1 -17.2 -0.7
1527.2 153.7 -61.4 44.5 -7.3 22.3
2585.6 -21.5 -223 95 -109 39.3
5.2 9.9 32.1
376.1 -119 -25.1 -0.7 -19.6 -2.5
1532.2 156.6 -60 45.5 -7.5 21.8
2596.8 -19.3 -229.3 93.8 -111 37.6
winner is: 10
