Regression analysis information for: KLH057a_0059
number of formants: 3
number of coeccicients: 5
2.1 9.2 23.4
298.2 20.5 0.4 -1.2 -4.9 -0.8
1795.4 -33.5 -62.8 0.2 -5.3 2.4
2228.8 12.1 -103.1 11.7 -41.9 11.2
1.9 8.4 16.8
296.5 21.7 0.6 -1.4 -4.2 -0.8
1797.2 -35.4 -61.5 -1.5 -4 1
2236.5 22.6 -93.3 23.8 -33.7 22.4
1.9 7.6 19.2
295.2 22.3 1 -1.7 -3.7 -0.8
1798.7 -37.3 -60.4 -2.8 -2.6 -0.2
2237.7 24.1 -95.9 27.2 -36.3 26
1.8 7 23.1
294.2 22.8 1.4 -1.7 -3.4 -0.8
1800 -38.3 -59.6 -4 -1.5 -1.1
2236.8 28.3 -101.5 32.2 -41.5 30.9
1.7 7.7 27.2
293.2 23.1 1.9 -1.6 -3.1 -0.8
1800.4 -38.3 -59.9 -3.9 -1.4 -0.8
2235.6 33.3 -107.8 37.5 -46.8 36
1.5 8.7 29.2
292.3 23 2.6 -1.4 -2.9 -0.8
1800.4 -37.9 -60.4 -3.5 -1.3 -0.4
2235.1 36.8 -112.3 40.4 -49.9 39
1.4 10.2 29.8
291.5 23.2 3.2 -1.5 -3 -0.5
1799.3 -35.6 -62.1 -1.6 -2.9 1.5
2233.2 41.8 -117.2 43.9 -52.2 40.5
1.5 9.6 28.9
291.1 23.2 3.5 -1.3 -2.7 -0.5
1798.8 -35.8 -61.2 -2.1 -1.6 0.7
2231.4 45.3 -119.4 44.5 -52.1 40.2
1.4 9.3 26
290.7 23.1 3.7 -1.3 -2.7 -0.6
1797.6 -35 -60.8 -2.1 -0.9 0.1
2227.8 51.4 -122.8 45.7 -51.4 38.3
1.4 8.8 24.4
290.3 23 3.9 -1.4 -2.7 -0.4
1796.3 -35.3 -59.7 -2.8 -0.2 -0.3
2225 54.4 -123.2 45.2 -50.4 36.8
1.3 8.2 21.8
290.1 22.8 3.9 -1.5 -2.7 -0.5
1794.6 -35.6 -58.8 -2.8 0.3 -1.5
2223.7 53.6 -120 42 -46.4 32.6
1.2 7.7 20.7
290 22.7 4.1 -1.5 -2.7 -0.5
1793.3 -35.3 -57.3 -3.5 0.4 -0.9
2223.2 51.2 -114.1 37 -43.1 30.9
1.2 6.5 18.2
289.9 22.6 4.1 -1.7 -2.8 -0.5
1792.7 -36.3 -55.8 -4.4 0.1 -1.7
2224.2 46.1 -107.7 32.5 -40.3 27.4
1.2 6.1 15.5
290 22.5 4.1 -1.8 -2.8 -0.6
1792.2 -36.7 -54.7 -5 0.1 -2.3
2225.5 41.1 -101.2 27.5 -36.2 23.1
1.2 6.4 15.9
290 22.5 4.1 -1.9 -2.9 -0.6
1792.5 -37.2 -54.5 -6 -0.4 -1.8
2228.5 35.4 -95.9 22.7 -33.8 22.3
1.2 6.6 14.7
290.1 22.4 4.1 -2 -2.9 -0.7
1793.2 -38.2 -54.7 -6.5 -1 -1.9
2232.7 27.8 -90.6 18.2 -30.9 19.8
1.2 6.7 12.9
290.2 22.4 4.1 -2.1 -3 -0.7
1794.2 -38.6 -55 -7 -1.6 -1.7
2236.9 21.7 -86.5 14.3 -28.7 17.7
1.2 6.9 11.4
290.4 22.3 4.1 -2.1 -3 -0.7
1795.7 -39.6 -55.4 -7.3 -2.2 -1.4
2243.6 11.3 -79.7 8.2 -24.5 13.9
1.2 7.2 10.5
290.6 22.3 4.1 -2.2 -3 -0.7
1797.8 -40.7 -55.9 -7.6 -2.2 -0.9
2251.4 0.1 -73 2.1 -20 11.1
1.2 7.4 10.9
290.8 22.2 4.2 -2.3 -3 -0.7
1800.4 -41.4 -56.3 -7.5 -2.4 -0.3
2259.6 -10.5 -67 -2.8 -16.6 9.1
winner is: 19
