Regression analysis information for: KLH057a_4910
number of formants: 3
number of coeccicients: 5
22.7 17.2 11.6
585.1 151.4 -67.1 38.9 -6.6 -39.6
1246.5 88.5 125.9 -3.9 18.5 18.5
2291.6 -40.1 18.1 21.2 5.7 -4.6
22.8 16.7 11
587 149.4 -71.6 38.7 -6.6 -40.3
1248.9 87.4 124.4 -4.7 18.8 19.3
2292.8 -40.6 18.6 22 6 -4.1
21.6 16.3 10.3
590.2 149 -74.3 41.4 -5.5 -38
1248.6 88 120.4 -5.2 19.8 20.3
2293.5 -40.7 17.4 23.4 5.6 -2.5
22.5 16.3 10.1
591.6 147.3 -79.4 40.4 -6.2 -39.5
1250.1 88.2 118.5 -6 19.6 20.2
2295 -41.4 16.7 23.9 6.1 -2.3
25.1 16.6 10.5
589.9 143.2 -87.5 34.9 -8.4 -45.9
1252.8 88.4 118.9 -6.6 19.4 18.7
2297.3 -42.1 17.4 24 7.5 -3.2
25.3 16.6 10.1
592.1 142.6 -90.8 37.4 -8.8 -44.8
1250.7 90.8 114.2 -6.2 19.6 18.9
2297.8 -41.7 15.2 25.1 6.6 -2.2
27.3 16.4 10.1
592.4 140.1 -96.7 34.6 -10 -47.5
1251.1 91.2 113.2 -7.3 19.6 18.1
2299.2 -41.9 14.4 25.3 7.1 -2.3
30.3 16.8 10.7
589.1 134.4 -104.9 27.3 -14.3 -54.8
1252.8 91.5 114.5 -8.7 18.8 16
2301.1 -42 15.4 25.3 8.1 -3.6
31.7 16.9 10.7
588.3 131.4 -110.4 24.7 -15.5 -57.5
1252.4 91.7 113.6 -9.5 18.9 15.4
2302.1 -42 14.9 25.7 8.4 -3.9
33.1 16.6 10.2
589.5 129.3 -113.7 25.4 -16.4 -56.5
1250.1 91.5 111.1 -10.4 18.7 15.3
2302.4 -41.5 13.2 26.4 7.5 -3
35.1 17.2 10.9
586.2 125.1 -121.7 18.2 -18.6 -62.4
1251.3 91.8 111.7 -12.4 17.2 13.7
2303.9 -40.9 13.9 26.2 8.1 -4.3
36.9 17 10.7
586 123.4 -125.5 16.4 -18.8 -64
1250.6 91.3 111.5 -14.2 16.7 12.3
2304.8 -40.9 13.7 26.1 7.8 -4.8
38.9 16.8 9.9
588.3 124.1 -126.6 18.9 -18 -62
1248 91.6 109.3 -15.1 16.3 12.1
2304.5 -39.7 11.7 26.9 6.2 -3.4
39.7 17 10.3
583.6 119.4 -135.4 10 -18.9 -67.2
1248.5 88.2 109.1 -19.7 14 10.1
2305.8 -41.2 13.4 24.6 6.9 -4.9
41.6 17.2 10
583.2 119.4 -138.1 8.3 -18.3 -68.4
1247.6 87.7 109 -22.3 13.5 8.8
2306.2 -41.4 13.4 23.7 5.5 -4.8
44.7 17.7 9.4
585 121.5 -140.6 11 -16.6 -69
1244.5 88.2 107 -24.1 13.7 6.9
2306.3 -41.2 11.9 23.8 3.7 -4.1
48.3 18.6 9.7
581.5 123.5 -148.2 5.1 -11.5 -76.9
1245.1 88.2 109.5 -27 13.5 5.1
2307.9 -42.3 12.8 22.5 4.3 -5.7
69 78.9 57.4
610.4 80.7 -134.1 19.5 -50.3 -25
1272.9 42.4 130.8 -13.5 -30.6 60.6
2331.8 -79.1 27.5 34.7 -30.9 38.6
85.7 108.2 79.9
628.1 60 -126.5 28.3 -67.1 2.2
1284.1 19.3 142.2 -10.9 -49.7 87
2344.2 -99.3 35.3 38.9 -47.9 61.7
86.3 108.7 80.5
629.4 62.9 -133.4 27.8 -62.7 -1.6
1281.6 21.5 144.6 -14 -49.4 84.2
2345.7 -100.2 34.5 38.9 -49 61.7
winner is: 3
