Regression analysis information for: KLH057a_2077
number of formants: 3
number of coeccicients: 5
3.7 4.2 16.5
316.8 38.7 -18.6 -16.4 -9.1 -3.4
1810.8 -115.1 -2.5 -10.5 -13.6 -10.6
2253.8 36.6 22.6 -4.1 -2.9 -12.8
3.7 3.5 17.4
316.3 38.2 -18.7 -16 -8.8 -3.2
1810.4 -116.3 -4.1 -12.6 -15.2 -12.4
2253.5 37.6 22.1 -9.5 -5.8 -15
3.6 3.4 17.4
316 37.8 -18.9 -15.9 -8.9 -3.1
1809.7 -118.2 -5.8 -14.7 -16.9 -13.7
2254 34 17.1 -12.4 -10.2 -19.2
3.5 3.4 17.5
315.6 37.6 -18.9 -15.5 -8.7 -2.8
1809.9 -119.3 -6.7 -16.1 -17.7 -14.8
2254.9 32.4 15.7 -15.8 -13 -21.8
3.5 3.4 17.3
315.4 37.4 -18.9 -15.2 -8.3 -2.7
1810.1 -119.1 -6.7 -16.3 -18.1 -14.6
2255.8 32.8 15.3 -17.3 -15 -21
3.4 3.6 17.2
315.1 37 -18.9 -14.9 -8.1 -2.4
1810.1 -118.9 -6.5 -16.7 -17.9 -14.5
2256.8 34.1 14.9 -19 -15.7 -21.7
3.4 3.9 17.1
315 37 -18.7 -14.5 -7.9 -2.2
1811 -117.7 -5.4 -16 -17 -14
2258.4 36.9 17.3 -19.4 -14.1 -20.7
3.4 4.6 17
314.8 36.6 -18.8 -14.2 -7.6 -1.7
1811.6 -116.5 -4 -15.1 -15.6 -12.8
2260.1 39.7 19.3 -19.1 -12.3 -18.8
3.4 5.2 17.5
314.8 36.5 -18.7 -13.7 -7.4 -1.6
1812.6 -115 -2 -13.5 -13.8 -11.6
2262.2 43 22.8 -17.3 -9.6 -16.9
3.3 6.1 18.4
314.7 36.6 -18.5 -13.4 -7.3 -1.3
1813.8 -113.7 0 -11.8 -11.7 -10.2
2264.2 45 26.2 -14.9 -5.9 -14.3
3.4 7 19.1
314.7 36.5 -18.5 -13 -7.1 -1.1
1814.5 -112.4 2.4 -9.2 -8.9 -8.1
2265.4 46.8 29.8 -9.9 -1.2 -10.4
3.3 8.1 20.4
314.6 36.7 -18.2 -12.7 -7.1 -0.9
1815.7 -110.8 4.6 -7.3 -7 -6.6
2267.1 49.2 33.1 -6.5 2.3 -7.6
3.3 9.1 21.5
314.7 36.8 -18.2 -12.5 -7 -0.8
1816.7 -109.2 6.4 -5 -4.8 -5
2268.4 51.5 35.8 -2.5 6.2 -4.5
3.3 10.1 23
314.7 36.7 -18.3 -12.4 -7.1 -0.6
1816.6 -109.3 7.4 -3.7 -3.8 -3.5
2267.2 49.1 35.3 0.3 8.1 -0.1
3.4 10 21.8
314.8 36.9 -18 -12.2 -7 -0.6
1818.1 -107.6 9.2 -1.7 -2.7 -2.8
2270.4 52.6 39.9 4.6 9.3 -0.1
3.4 10.8 21.7
314.9 36.8 -18.1 -12 -7.1 -0.6
1819 -106 11 0.3 -1.6 -1.1
2272.2 55.3 42.2 8.6 10 2.6
3.4 11.2 21.3
314.9 36.9 -17.9 -12 -7.1 -0.5
1819.8 -104.7 13.4 2 -1.2 -0.6
2273.7 57.1 46.9 11.9 9.7 2.6
3.4 11.3 20.6
315 37 -17.8 -11.9 -7.2 -0.4
1821.1 -103.3 14.3 3.4 -1 0.7
2276.3 60.1 48.6 14.7 8.6 4.9
3.4 11.6 19.7
315.1 37 -17.9 -11.9 -7.3 -0.4
1821.6 -102 14.9 4.4 -1.1 2.1
2277.4 61.9 48.8 16.4 6.9 7.1
3.5 11.3 17.4
315.2 37 -17.9 -11.8 -7.3 -0.4
1823 -100.6 16.3 5.9 -0.3 2.9
2280.2 64.6 52.3 20 7.6 7.3
winner is: 5
