Regression analysis information for: KLH057a_2172
number of formants: 3
number of coeccicients: 5
12.3 22 188.6
431.2 31.7 -97.1 5.3 -39.5 15.3
1209.7 38.1 43.5 -1.7 -39.1 -20.8
2094.4 21.6 44.1 -32.9 -89 -41.9
12.6 25.7 155.7
432.2 29.8 -98.2 7.2 -37.8 18.4
1221.5 35.1 37 -6.8 -37.4 -3.6
2168.5 -44.8 34.4 -20.4 -84.3 42.5
13.9 28.7 106.5
433.3 28.1 -99.5 9.3 -36.1 21.3
1227.8 31.2 35.5 -6.3 -35.2 3.9
2230.5 -55.1 -50 -15.4 -1.4 45.5
15.1 31 86.3
434.3 27.6 -100.5 11.7 -35 23.7
1233.1 27.8 35.2 -4.8 -32.6 9.5
2246.4 -46.8 -67.9 -11.2 20.1 41.7
16.1 33.1 81.6
435 27.7 -101.8 13.3 -33.6 25.6
1237.1 25.8 34.3 -4.7 -28.8 14.1
2250.7 -39.4 -62.1 -7.9 19.3 39.2
16 34.5 90.3
435.3 26.1 -102.5 15 -30.7 26.9
1239.8 24.1 33.1 -3 -25 17.1
2246 -47.6 -63.1 -0.7 33.2 56.5
16.6 37.2 84.2
434.7 25.4 -103.5 17.3 -27.9 28.8
1240.4 20.6 32.3 0.6 -18.7 22.3
2247 -45.4 -56.6 8.9 41.5 59.4
16.8 37.8 74
434.8 25.3 -104.1 18.3 -27 28.9
1242.1 20.2 32.1 0.7 -17.5 22.2
2255.6 -32.5 -49.9 8 33.8 49.4
16.9 39.1 67.5
434.3 24.8 -104.1 19.8 -25.1 28.8
1241.8 18.7 32.7 3.5 -13.3 23
2260.6 -24.8 -44.6 9.5 31.4 43.9
16.1 38.5 63
433.5 25.2 -104.5 20.2 -23.3 28.4
1241.4 19.6 32.2 3.9 -10.4 22.5
2263.9 -20.1 -41.7 9.7 29.5 39.9
15.9 40.4 70.5
431.4 24.7 -102.4 23 -22.2 26
1232.6 12.6 35.3 10.1 -5.6 17.5
2261.5 -25.3 -46 6.7 29.6 42.9
15.1 34.2 37.5
430.1 25.2 -100.7 23.7 -22.7 24.8
1232 18.7 43.8 14.2 -8.1 8.6
2282.2 11.3 -23.3 10.6 14.2 12.7
14.5 28.6 33
428.6 26.6 -99.9 24 -22.1 23.1
1226.4 24.2 45.4 14.3 -4.2 -0.2
2286.4 20.1 -18.9 9.1 9.4 3.9
13.5 24.7 30.1
427.6 25.8 -99.1 24.1 -20.5 23
1221.9 26.2 46.2 14.7 0.1 -3.9
2288.6 25.7 -16.2 8 6.6 -2
12.9 22.7 27.1
427.2 26.2 -98.5 23.9 -20.6 22
1220.2 28.4 47.2 14.7 0 -7.6
2290.3 29.5 -14.4 7.5 4.3 -6.2
12.7 21.2 28.2
426.8 26.2 -97.8 23.9 -20.5 21.6
1218.9 29.9 48.4 14.5 0.4 -9.6
2291.6 32.5 -13 7 2.2 -9.3
12.1 19.5 27.9
426.5 25.7 -96.6 23.6 -20.8 20.4
1217.1 30.3 49.7 14.8 -1 -11.8
2290.8 32.3 -12.9 7.5 1.7 -9.5
11.6 18 27.8
426.2 26.3 -96.7 23.3 -21.4 20.3
1216.6 31.6 49.5 13.5 -1.5 -13.3
2290.4 32.3 -13.1 7.1 1.2 -10.2
11.5 17.6 27.9
426.5 26.4 -96.8 23.4 -22.1 19.9
1217.8 32.4 49.6 13 -3.4 -14.5
2290.7 32.4 -13.1 7.4 0.5 -10.4
11.1 17.4 27.7
427 26.8 -97.2 23.1 -22.8 19.8
1219.4 33.2 49.3 12.1 -5 -14.6
2291.4 32.6 -13 7.6 -0.4 -10.4
winner is: 20
