Regression analysis information for: KLH057b_1900
number of formants: 3
number of coeccicients: 5
59.2 74.3 69.5
337.4 180.3 149 150.1 140.9 77.8
1163.3 222 306.2 272.9 171.7 101.6
2244.5 177.7 267.7 235.5 154 98.8
62.2 90.4 78.6
380.1 259.9 182.4 133.3 70.2 -19.1
1231.9 334.7 354.9 251.8 69.2 -30.5
2324.5 258 314.6 224 57.2 -12.5
65.1 90.4 79.9
369.5 251.5 183.8 138.3 74.6 -20.8
1233.4 330.7 359.1 257.7 65.7 -32.6
2355.8 229.9 317.8 241.2 46.5 -7.6
67.7 91.4 74.5
396.2 303.1 181.4 69.6 -31.9 -109.1
1294 409.4 347.5 152.1 -97.7 -149.8
2447.7 259.9 302.7 172.6 -109.2 -95.3
51.3 106.7 92
512 396 22.3 -153.8 -36.7 49.3
1518.2 563 65.7 -213.4 -96 131.4
2678.9 327.2 80.8 -76.4 -143.4 135.8
48.8 101.9 84.9
523.7 407.7 -28.4 -157 40.9 55.3
1595.3 568.2 -76.9 -204.3 50.8 147.3
2796.1 264 -25.1 -29.4 -72.3 156.1
127.8 218.9 181.3
730.6 167.5 -222.1 198 -132.7 -79
1951.9 171.2 -407.2 366.9 -229.2 -76.3
3083.2 -37.8 -293.1 394.9 -241.3 -72.2
89.8 202.6 145.2
760.5 88.7 -117.2 182.5 -219.9 109
1944.5 80.5 -135 244.4 -382.6 315.9
3107.1 -125.8 -85.6 302.7 -365.1 236.3
119.9 256.6 193.9
714.2 142.8 -92 118.6 -163.8 128.6
1841.5 185.6 -57.8 89.2 -252.9 347.8
3050.5 -85.7 32 145.2 -279.7 320.8
121.9 272.8 180.1
771.1 42.5 -17.1 95.6 -174.6 192.2
1930.1 10.1 75.6 45.7 -264 448.6
3100.9 -202.3 121.9 104.2 -276.7 356.3
164.4 332.1 255.1
711.7 125 -35.5 36.3 -80.7 119.8
1818.3 147 60 -76 -72.6 309.8
3034.1 -150.9 156.2 -18.3 -120 256.3
167.9 341.2 231.3
762.4 29 47.2 -31.1 -29.7 85.6
1903.8 -17.3 209.4 -210.7 41 237.6
3076.2 -232.1 229.1 -82.3 -53.8 211.6
65.1 162.7 146.5
851 -128.8 143.6 -72.3 -22.4 58.3
2090.6 -340.2 378.6 -245.3 13.1 207.1
3201.2 -446.8 324.5 -67.3 -111 232.3
35.2 124.9 110.3
895.6 -182.4 105.6 7.9 -82.3 31.7
2199.7 -469.4 300.9 -71.6 -119 159.3
3298.7 -575.2 291.5 34.2 -182.2 171.1
30.9 149.2 94.2
899.9 -182.8 97.7 16.5 -81.8 22.9
2198.9 -456.3 319.6 -96.7 -108.9 182
3314.3 -581.2 303.6 21.3 -164.6 154.9
94.3 163.9 94
865.6 -150.7 154.7 -49.7 -78 98.7
2196.5 -449.5 326.8 -112 -97.8 196
3327.1 -600.9 315.8 10.1 -149.8 148.6
38.1 98.7 108.1
917.8 -195.5 67.5 48.2 -84.3 -9.2
2306.1 -539.8 155.4 74.5 -105.2 -10.7
3405.4 -666.5 204.4 130.4 -148.3 -0.4
39 98.7 113.2
919.2 -192.2 65.4 49.7 -84.6 -10.9
2320.5 -528 154.6 66.3 -102 -8.5
3424.1 -657 214.3 116.9 -142.2 -7
39.2 96.9 112.9
921.5 -193.5 64.2 50.2 -86 -11.1
2327.6 -518.7 148.4 63.8 -95.5 -5.8
3434.4 -653.6 216.3 114.7 -139.2 -4
105.4 181.1 106.3
868.1 -140 156.2 -55.7 -79.8 107.9
2236 -393.2 343.4 -156.5 -97.2 237
3387.7 -548.8 339.1 -22.8 -134.1 156.8
winner is: 1
