Regression analysis information for: KLH057a_2137
number of formants: 3
number of coeccicients: 5
7.2 194 87
344.2 30.7 -23.5 0.6 -5.5 -2
1248.8 -453.1 -190 175.1 54.2 -66.4
2271 -62.9 -47 42.9 -29.7 28.8
8.5 208.8 83
343 30.3 -21.6 1.6 -6.8 -3.5
1224.5 -468.9 -161.3 197.8 90.6 -122.2
2277.6 -73.9 -37.3 27.1 -9.6 12.4
7.9 215 80.6
343.2 30.4 -22.3 1.4 -6.2 -3.3
1222.1 -480.3 -147 203.6 95.4 -129.5
2282.2 -80.3 -32.8 21.7 -7.7 10.8
7.5 211.9 78
343.1 30.3 -22.4 1.3 -5.8 -3.2
1220.1 -494.7 -148 214.7 116 -140.5
2291.8 -92.9 -26.1 10.2 4.7 5.6
7.7 209.1 80.5
342.7 29.6 -22.6 1.8 -3.9 -2
1220.7 -508.5 -151.4 217.7 132.4 -123.8
2295 -101.2 -26.3 10.9 13.7 7.2
7.7 207.3 86.3
342.7 30.3 -21.8 1.3 -5.5 -3.2
1223.1 -511.2 -151.8 216.3 129.7 -124.2
2291.8 -92.5 -35.5 20.3 6.7 10.8
9.6 219.4 83.4
341.6 30 -19.8 2.9 -6.5 -5.5
1242.4 -499.6 -158.6 199.6 117.7 -143.3
2297.6 -95.2 -33.6 13.5 11.6 5.7
9.8 216.7 79.1
341.3 29 -21.1 3 -2.6 -1.6
1273.5 -518.9 -180.6 178.5 152.8 -106.7
2306.5 -107.6 -24.5 3.3 16.6 8.8
8.2 214.3 80
342.5 31.3 -21 0.8 -5 -3.3
1281 -520.5 -204.2 196.3 156.3 -101.5
2313.2 -112.3 -24.1 -2 18.1 15.6
7.4 208.8 83.2
343.2 31.9 -22.1 0.1 -3.5 -2.4
1312.9 -516.8 -230.2 183.4 162.5 -101.3
2316 -111.4 -24.2 -7.2 20.9 19.4
7.3 216.7 83.5
343.2 32.6 -21.8 -0.3 -3.5 -1.9
1329.3 -510.7 -223.5 191.5 116.1 -134.2
2317.8 -105.9 -8 1.2 -19.9 -5.6
7.9 214.6 70.9
342.6 32.3 -21.5 0.1 -2 -0.6
1344.9 -532.6 -233.4 201.8 137.2 -131
2319.8 -126.3 -3.6 5.8 -2 2.8
7.2 224.8 92
343 34 -21.2 -1 -2.5 -1.7
1342.5 -515.3 -241.1 208.7 157.1 -170.1
2331.2 -115.2 -13.7 8.6 -16.3 -15.7
8.1 232.2 87.8
342.3 33.3 -20.6 0.1 -0.9 -0.5
1341.5 -522.1 -237.4 198 195 -167.5
2333.1 -130.9 -19.2 22 -5.2 -7.6
10.9 256.2 92.5
340.9 33 -17.6 2.9 -1.3 -4.3
1350.9 -534.7 -218.8 189.4 182.4 -145.9
2352.4 -155.4 -16.8 36.1 -19.6 -4.2
14 324.1 138.1
338.9 32 -15.8 4.1 0.8 -1
1370.8 -500.8 -224.8 92.2 165.6 -58.9
2388.7 -136.9 -79.8 9.5 17.8 -18.7
11.5 333.5 204
340.5 34.1 -15.8 2.8 -1.3 -3.1
1440.9 -476 -307.4 4.9 189 28.2
2454 -115.3 -162.4 -41 52.5 13.1
10.1 352.7 206.1
341 36.4 -15.9 -2.1 -2.9 3.1
1458.4 -441.3 -326.4 -109.5 164.4 170.4
2460.9 -106.9 -161.5 -58.3 40.8 17.6
9.6 344.4 217.4
341.6 37.1 -15 -1.1 -4.6 -0.4
1483.5 -439.5 -344.5 -134.2 144.7 179
2480.6 -109.3 -182 -37.7 56.2 -32.4
7.5 347.4 198.8
343 37.9 -16.3 -1.2 -2.9 0.1
1492.1 -439.9 -335.7 -146 109 179.7
2476.1 -130.2 -186.3 6 89.4 -54.1
winner is: 1
