Regression analysis information for: KLH057a_2978
number of formants: 3
number of coeccicients: 5
4.3 10.4 9.7
298.3 17.2 -14 -5.9 -11.3 0.7
1937.9 4.3 -27 24.5 -19.1 17.8
2365.1 -72.9 44.1 -6.5 11 2.8
4.2 10 9.6
298.3 17.1 -13.9 -5.9 -11.2 0.7
1938.5 3.2 -26.3 23.3 -18.4 16.9
2365.2 -72.3 43.1 -6.5 10.4 3
4.2 9.6 9.4
298.2 16.9 -13.9 -6.1 -11.2 0.7
1939.9 0.3 -25.5 22 -17.7 16.1
2365.5 -73.3 41.5 -6.7 9.9 2.4
4.2 10 9.2
298.2 17 -13.8 -6 -11.2 0.7
1940.6 -1.5 -24.9 21.2 -17.6 15.9
2365.9 -74.2 41.5 -7 9.7 2.3
4.2 9.9 8.9
298.1 17.1 -13.6 -6.1 -11.1 0.6
1942.5 -4.5 -23.4 20.2 -16.6 15
2366.9 -75.4 40.9 -6.8 9.9 2
4.1 9.9 9.1
298.1 17 -13.5 -6.3 -11 0.6
1944 -7.5 -22.1 18.9 -15.8 14.4
2367.5 -76.3 40.8 -6.7 10.4 1.8
4 10.2 9.2
297.9 17.2 -13.4 -6.3 -10.9 0.5
1945.6 -10.7 -20.7 17.8 -15.4 13.9
2368.5 -77.7 40.7 -7 10.2 1.9
4 10.1 9.1
297.9 17.3 -13.3 -6.4 -10.6 0.3
1948.1 -12 -16.8 17.5 -13.2 13.5
2370.1 -76.8 43.3 -5.6 11.7 2.6
3.9 9.9 9.2
297.7 17.6 -13.4 -6.4 -10.5 0.2
1949.2 -12.5 -15.6 17.5 -12.5 12.6
2370.9 -76.9 44.2 -5.1 12.1 2.5
3.9 10.4 9.5
297.7 17.9 -13.2 -6.3 -10.4 0.2
1950.1 -9.9 -14.5 19.6 -11.7 13.2
2372.4 -74.8 46.1 -3.1 13.6 3.8
3.8 11 10.1
297.7 18 -13.2 -6.4 -10.3 0.1
1951 -9.4 -12.9 19.5 -9.6 12.1
2373.3 -73.5 47.5 -2.2 15.3 4.2
3.8 11.5 10.4
297.7 18.2 -13.1 -6.3 -10.2 0.1
1952.1 -7.1 -10.9 20.4 -7.5 11.1
2374.7 -71.7 49.5 -0.6 17.1 4.8
3.8 12.6 10.6
297.7 18.4 -13 -6.3 -10.1 0.1
1952.8 -5 -9.3 20.9 -4.6 9.8
2375.7 -69.6 51.1 0.8 19.3 5.3
3.8 13.5 11
297.7 18.5 -13.1 -6.4 -10.1 0
1952.3 -1.6 -9.3 21.4 -3 8.1
2376 -67.4 52 1.4 20.4 5.1
3.8 13.5 10.9
297.8 18.7 -12.9 -6.3 -10.1 0
1952.7 1.4 -8.3 22.4 -1.3 7.2
2376.6 -65.1 53.5 2.8 22 5.2
3.8 13.7 11.2
297.8 18.7 -12.9 -6.4 -10 -0.1
1954.5 2.1 -5 22.4 1.3 6.8
2377.9 -62.9 56 4.1 24.2 5.9
3.8 13.5 11.5
297.9 18.8 -12.8 -6.4 -10 -0.1
1955.6 2.9 -3.4 22.5 2.2 6.3
2378.8 -61.6 57.3 4.9 25 5.9
3.8 14 12.1
297.9 18.9 -12.7 -6.3 -10 -0.1
1957.8 4.6 0.3 22 5.9 4.9
2380.9 -58.8 59.8 5.9 27.8 6.7
3.8 13.6 11.7
298 18.9 -12.6 -6.4 -10 -0.2
1959.9 4.8 4.7 20.1 9.6 3.8
2381.9 -56.1 62.5 5.6 30.6 6.7
3.9 13.7 12.3
298.1 19 -12.5 -6.5 -10 -0.2
1962.7 4.1 10.3 18.4 11.6 4.3
2383.8 -53.7 66.1 5.7 32.1 8.4
winner is: 5
