Regression analysis information for: KLH057a_5988
number of formants: 3
number of coeccicients: 5
6.7 16.6 15.5
417.5 23.8 -17.5 6.4 -0.4 -2.2
1336.9 -174.5 118.8 42.1 6.4 19
2081.5 -9.6 83.4 -60.6 17.3 -26.6
6.7 17.4 14.9
418.3 24.3 -18.3 5.7 -0.2 -1.8
1339.2 -173.7 117 41.2 6.7 19.7
2082.8 -9.8 83.6 -60.7 17.3 -25.9
6.6 18.4 14.3
419.2 24.7 -18.9 5.4 0.1 -1.7
1341.5 -171.8 116.7 40.8 7.4 19.7
2084.1 -10 83.8 -61 17.3 -25.2
6.5 19 13.9
419.8 25 -19.4 5.2 0.3 -1.6
1343.4 -171.2 115.7 40.8 7.7 19.9
2085.3 -10.4 84.4 -61.2 17.4 -24.8
6.4 19.6 13.3
420.6 25.4 -20 4.6 0.3 -1.3
1345.3 -170.2 114.8 39.9 7.5 20.4
2086.4 -10.5 84.4 -61.5 17.2 -24.2
6.3 20.3 13.4
421.1 25.6 -20.4 4.6 0.2 -1.2
1346.6 -169 114.4 40 7.5 20.4
2086.9 -9.9 84.1 -61.4 17.2 -24.2
6.2 20.3 13.1
421.5 25.6 -20.9 4.4 0 -1
1347.8 -169.6 113.3 40.1 6.5 20.7
2087.9 -10.6 84.3 -61.2 16.7 -23.6
6.2 20.3 13
422 25.7 -21.1 4.5 -0.2 -1.3
1349.1 -169 113.5 40.5 5.6 20
2088.6 -10.6 84.2 -61.1 16.2 -23.7
6.2 19.9 12.6
422.4 25.5 -21.4 4.6 -0.2 -1.1
1350.2 -169.6 112.9 41.1 5.4 20.2
2089.6 -11.6 84.6 -61.1 16 -23.2
6 20 12.2
423 25.6 -22 4.2 -0.8 -1
1351.7 -170.9 111.3 40.4 3.1 20
2090.8 -13.5 85 -61.4 14.8 -22.6
6.2 19.5 11.8
423.4 25.1 -22 4.9 -0.8 -1.5
1352.7 -172.2 111.3 42.4 2.5 19.1
2091.9 -15.1 85.2 -61.1 14.3 -22.4
6.3 19 11.4
423.8 24.9 -22.2 5.1 -1.2 -1.3
1354.4 -173.5 111.1 43.7 0.8 19.3
2093.6 -17.4 86.5 -61 13.4 -21.5
6.4 18.8 11.1
424.3 24.6 -22.6 5.4 -1.3 -1.3
1356.2 -175.1 110.4 45.6 -0.3 19.1
2095.1 -19.6 87.1 -60.6 12.7 -20.9
6.4 18.9 10.8
425 24.5 -22.8 5.5 -1.6 -1.2
1358.6 -175.7 110.7 47.3 -2.1 20
2096.9 -21.3 87.9 -60.3 11.6 -19.8
6.6 19.1 10.5
425.8 24.6 -23.1 5.7 -1.7 -1.1
1361.6 -176.8 110.1 49.7 -3.7 20.3
2099.1 -23.4 89.1 -59.5 10.6 -18.6
6.8 19.4 10.2
426.5 24.4 -23.3 5.9 -1.6 -1
1364.5 -177.6 110.2 52.3 -4.7 20.3
2101.4 -25.6 90.2 -59.3 10.5 -18.1
6.8 20 10
427.2 24.7 -23.3 5.6 -1.5 -0.8
1368 -178.3 110.4 54.8 -6.4 21
2103.9 -27.6 91.7 -58.8 9.8 -17
7 20.8 9.8
427.7 25.3 -23.4 5.1 -1.4 -0.5
1371.5 -179.1 109.9 57.5 -7.8 21.1
2106.5 -29.7 93.1 -58.3 9.2 -15.9
7.4 21.9 9.7
428.3 26.2 -23 4.2 -1 -0.3
1375.2 -178.9 110.8 60.2 -9.3 21.3
2109.2 -31 94.5 -58.1 8.9 -15.3
8.4 23 9.6
428.4 27.5 -22.3 2.8 -0.3 0.1
1379.1 -178.7 111.7 63.4 -10.6 21.6
2111.8 -32.4 96.2 -57.4 8.5 -14.5
winner is: 14
