Regression analysis information for: KLH057a_1258
number of formants: 3
number of coeccicients: 5
1.7 10.2 8.9
330.9 61.9 -10.4 8.9 4.3 -2.4
1575.9 -35.2 -58.7 26.7 6.4 12
1975.9 35.3 -20.1 -21.5 -5 -1.5
1.7 10.4 9.6
330.6 61.7 -10 8.8 4.1 -2.4
1575.1 -37.9 -55.5 26.4 5.3 11.8
1971.8 32.9 -12.1 -20.5 -9.1 -1.4
1.8 10.5 9.5
330.6 61.6 -9.7 8.8 3.9 -2.4
1573.8 -40.8 -50 25.5 3.3 11.4
1967.4 31.1 -3.4 -20.5 -12.9 -0.8
1.8 10.4 9
330.3 61.4 -9.6 8.6 4 -2.3
1571.8 -44.2 -45.3 24.2 2.3 12.7
1962.8 27.3 3 -19.8 -12.6 0.9
1.8 10.8 8.2
330.3 61.3 -9.4 8.6 3.9 -2.3
1569.8 -48.2 -39.1 25.6 0.2 11.2
1959.6 23.1 8.9 -15.3 -12.8 -1.1
1.7 10.9 8.3
330.5 61.1 -9.3 8.7 3.7 -2.2
1570.8 -51.3 -35.1 23 -2.2 12.1
1961.5 22.3 9.7 -18.3 -15.6 0.1
1.7 11.6 8.1
330.4 61 -9.4 8.5 3.8 -2.3
1572.1 -56.1 -34.2 20.7 -1.8 11.7
1962.8 19.2 8.6 -19.5 -15.1 -0.4
1.7 11.5 8.9
330.6 60.8 -9.3 8.6 3.8 -2.2
1574.8 -61.4 -31.8 19.7 -1.5 13.5
1965.7 15.7 7.7 -19.6 -15.3 2.2
1.7 12.4 8.9
330.8 60.7 -9.4 8.5 3.7 -2.2
1578.8 -62.9 -32.4 18.4 -1.2 14.1
1970.1 15.8 5.3 -21 -16.6 2.4
1.7 13.1 9.6
330.8 60.7 -9.4 8.5 3.8 -2.3
1584.2 -65.8 -32.9 16.5 0 15.2
1975.2 14.8 3.2 -22.6 -17.5 2.6
1.7 13.9 9.8
331.2 60.7 -9.4 8.5 3.7 -2.3
1590 -67.1 -32.8 15.1 1.7 15.5
1981 15.6 1.1 -24.3 -18.7 3.1
1.7 14.9 10.1
331.3 60.7 -9.4 8.5 3.8 -2.3
1596.1 -69.3 -35.3 13.8 4.4 16.3
1986.6 14.9 -2 -25.6 -18.4 2.9
1.7 16.2 10.5
331.6 60.7 -9.5 8.5 3.8 -2.2
1604.5 -71.7 -36.1 12.1 6.2 17.4
1994.5 14.8 -5.2 -27.3 -20.6 3.7
1.7 17.4 11.1
332 60.8 -9.6 8.6 3.7 -2.3
1612.5 -73.4 -38 9.6 9.1 17.7
2002.3 15.7 -9.6 -30.2 -21.6 4.1
1.7 18.5 11.6
332.3 60.9 -9.8 8.7 3.8 -2.3
1622.2 -74.8 -39.9 7.3 12.6 18.4
2011.8 16.1 -14.3 -32.4 -22.5 3.6
1.6 18.7 12.8
332.7 61.1 -10 8.7 3.7 -2.3
1630.6 -73.7 -43.4 5.4 15.6 17.4
2022.2 18.9 -22.9 -36.1 -23.4 3.5
1.6 20 13.3
333.1 61.4 -10.2 8.7 3.7 -2.3
1640.2 -72.6 -43.9 1.9 19 18
2034 22.1 -30.7 -41.7 -22.8 4.8
1.6 20.3 14.6
333.4 61.7 -10.4 8.7 3.8 -2.3
1649.6 -71.8 -44.8 -0.4 21.6 18.2
2048.7 24.6 -42.3 -47.2 -22.1 5.4
1.6 20.4 16.5
333.9 62.1 -10.6 9 3.6 -2.3
1659.3 -70.9 -42.8 -1.8 23.4 16.2
2065.3 26.9 -54.6 -52.3 -22.9 5.4
1.6 20.9 18
334.3 62.7 -11 9 3.6 -2.3
1670.5 -69.6 -40.4 -4.1 24.1 16.7
2088.9 30.2 -72.7 -63.1 -23.4 9.6
winner is: 1
