Regression analysis information for: KLH057b_0889
number of formants: 3
number of coeccicients: 5
4 10.1 56.6
372 -14.4 -17.4 0 -13.1 20.8
1612.3 178.8 -16.2 -2.8 20.4 -9.7
2201.1 176.7 27.7 3.4 -17.8 37
3.7 11.1 57.2
370.5 -15.2 -15.8 1.1 -13.1 19.8
1615.3 181 -17.9 -3.4 21.1 -8.6
2231 180 26.4 -31 -11.2 44
3.6 11.7 60
369.2 -15.8 -14.3 1.5 -13 19.3
1618.7 183.1 -20 -3.1 22.4 -8.3
2254.7 195.5 18 -56.2 -10 54.2
3.5 12.5 70.3
367.9 -16.3 -13 1.9 -13 19.2
1621.4 185.3 -21 -4 23.3 -9.1
2298.8 204.2 19.9 -127.1 -4.5 58.9
3.4 12.7 83.9
366.8 -16.7 -11.7 1.8 -13.4 19.3
1623.8 187.4 -22 -4.4 25 -9
2323.5 213.2 35 -180.1 1.6 72.8
3.5 13.2 91.7
366.4 -17.2 -11.2 1.7 -13.1 19.3
1624.7 189.8 -20.9 -5.7 26.2 -8.8
2342.7 211 63.4 -227.3 22 66.7
3.5 13.1 103.7
366 -17.4 -10.9 1.8 -13.3 19.3
1625.1 191.2 -17.7 -7.7 26.1 -7
2363.8 211.2 92.7 -271 17.3 73.6
3.5 15.7 166.4
365.7 -18 -10.7 1.8 -13.1 19.2
1624.3 193 -11.9 -3.8 29.4 -6.2
2317 141.9 86.5 -264.4 34 57.6
3.4 13.7 174.3
365.2 -18.1 -10.6 1.9 -13 19.5
1623.7 200.6 -9.7 -13.9 25.9 -2.4
2206.9 22.3 60.2 -197.5 179.5 209.9
3.5 14.4 144.9
365.3 -18.4 -10.5 2 -13.5 19.4
1626 197.3 -6.8 -11.1 23.6 0.7
2249.5 29.1 72.3 -283.5 5.3 105.7
3.5 14.6 137.7
365.3 -18.5 -10.5 1.9 -13.3 19.3
1624.9 197.8 -6.7 -12.2 24.3 0.6
2297.8 114.3 97.5 -312.7 -36.9 58.9
3.5 14.6 125
365.4 -18.4 -10.6 1.9 -13.5 19.2
1625.5 195.2 -7.9 -10.7 23.5 -0.5
2370.4 206.6 138.4 -299.4 -43.5 37.9
3.4 13.9 123.8
365.3 -18.4 -10.6 2.3 -13.4 19
1625.9 194.9 -10.6 -9.8 23.1 -0.9
2358.1 229.3 180.1 -217 -23.7 32.5
3.5 12.5 114.3
365.4 -18.4 -10.5 2.2 -13.1 19
1626.2 195.3 -12.5 -9.8 25.6 -3.2
2370.2 234.3 146 -243.7 -0.3 50.9
3.5 12.8 124.8
365.7 -18.5 -10.7 2.5 -13.3 18.9
1630.2 191.5 -15.3 -4.9 24.2 -4.7
2410.9 235.3 105.6 -277.6 -14 78.2
3.5 11.5 126.9
365.9 -18.5 -10.8 2.3 -13 18.8
1632.6 191.1 -17.7 -2.8 26.2 -6.9
2432.4 239.8 76.6 -295.4 8.8 94.2
3.5 10.2 111.7
366.1 -18.4 -10.9 2.2 -12.9 18.8
1634.8 190.9 -19.3 -2 29.2 -9.3
2445.3 233 72.6 -298.2 27.6 83.1
3.4 9.9 102.3
366.4 -18.5 -11.2 2.4 -12.9 18.7
1639.1 187.9 -21.4 1.5 29.5 -10.6
2471.2 218.3 62.7 -296.5 38.3 80.6
3.5 9.1 92.9
366.6 -18.7 -11.3 2.3 -12.6 18.7
1642.6 185.8 -23.3 3.5 30.9 -11.8
2495.2 208 49.6 -300.7 55.4 78.3
3.5 9 88.2
366.9 -19 -11.4 2.4 -12.4 18.6
1647 182.5 -25.1 7.1 31.3 -13.1
2524.7 192.9 34.1 -299.5 69 75.5
winner is: 1
