Regression analysis information for: KLH057b_2134
number of formants: 3
number of coeccicients: 5
23.2 12.5 30
449 -45.9 -102.4 -15.9 -6.5 -1.2
1145.3 -30.2 35.9 22.5 12.6 30.3
2113.9 -53.1 7.4 22.2 -12.1 2.3
23.5 12.1 25.9
446.9 -45.6 -101.2 -17.2 -7.6 -2.4
1144.3 -29.6 37.6 21.5 13.1 29.3
2110.2 -51.5 15.6 18.9 -8.8 -2.6
24.4 11.7 22.7
445.5 -46.3 -101.8 -19.7 -8.4 -3.1
1143.9 -28.5 38.3 20.5 14 29
2106.3 -45.1 17.8 14 -2.3 -5.9
24.9 11.6 20.1
445.1 -47.4 -102.9 -22.3 -9.6 -3.8
1144.3 -28.4 38.4 20 14.2 29.2
2106.4 -43.1 19.3 10.8 -0.8 -4
26.4 11.9 20.8
444.3 -50.1 -107 -24.6 -12.2 -4.8
1145.4 -28.6 38.3 20.1 14.2 29.4
2111.3 -42.8 21.2 9.5 0.7 -3.4
27.9 12.4 21.5
443.2 -52.8 -112.4 -26.4 -15.1 -6.6
1146.2 -28.5 37.9 20.6 14.1 29.5
2117.8 -45.2 23 9.5 0.2 -1.4
30.4 13.3 23.2
440.2 -56.8 -121.4 -28.9 -20 -8.6
1146.5 -28.7 37 21.4 13.9 29.9
2125.3 -48.3 25.1 10.2 -0.7 0.1
68.9 65.4 75.7
472.2 12.5 -62.9 39 39.8 52.2
1176.9 32.2 95.6 79.9 68.5 81.2
2166.9 12.1 88.7 70.1 55.7 55.4
94.5 89.9 99.6
499.4 88.4 -11.9 113.1 98.2 116.2
1205.9 95 153.6 139.5 122.6 131.7
2209 70.3 150.1 128.4 107.9 107.5
157.9 180.7 184.3
538.8 43.7 69.5 66.9 198.7 56.6
1266.8 27.2 277.4 68.6 238.5 50.9
2278.5 8.6 263.8 67.2 208.3 40.4
184.9 194.2 193.4
605.8 31.2 156.7 88.2 194.9 86.1
1370.5 6.8 422.7 69.6 226.6 65.3
2405.5 -31.6 415.7 64.5 184.2 66.5
105.8 140.4 162.2
770.1 31.2 347.9 1.5 140.5 -29.6
1565.8 27.8 649.5 -40.2 128.8 -79
2632.3 -15.6 649.5 -48.9 61.3 -82.6
114.6 159.1 165.9
783.5 34.9 340.5 -13.5 94.5 -37.4
1598.4 35.7 641.8 -82.2 14.2 -74.9
2683.3 1 643.5 -86.1 -43 -90.9
95.1 133.2 145.3
806.4 78.5 313 -88.7 33.8 -45.5
1601 111.5 574.3 -188.5 -67 -97.3
2726.5 79.8 574.3 -180.5 -165.4 -86.4
90.7 152.9 143.5
825.8 43.3 334.5 -85.8 -57.4 32.7
1620.6 85.6 549.3 -185.2 -151.5 -34.3
2742.1 99.1 526 -203.5 -226 -55.5
143.3 286.2 299.8
903.1 1.4 199.4 -0.6 27.2 -38.5
1747.3 29.4 296.5 -40.3 25.5 -200
2892.5 38.8 232.9 -41.7 -48.2 -236.6
110.3 254.7 263.9
945.1 -14.6 147.3 22.5 15.5 -39.3
1822.4 -7.9 202.2 23.5 9.5 -221
2977.1 5.7 117.6 18.9 -59.1 -261.6
93.4 211.3 218.9
958.9 -24.2 137.5 33.4 -8.4 -34.2
1862.1 -36 170.2 61.6 -38.2 -216.7
3020.9 -20.5 74.3 51.7 -100 -255.9
51.5 142.4 149.5
1000.5 -33.5 86.6 42.1 -14.2 -12.1
1934.2 -49.1 86.3 66.2 -41.9 -165.7
3096.5 -34.3 -18.7 46.8 -98.1 -191.2
41.8 96.1 113.9
1008.5 -29.6 74.1 32.1 -1.4 1.7
1948.8 -34.7 63.2 29 1.3 -122.6
3117.4 -29.6 -50.2 12.9 -54.8 -136.4
winner is: 4
