Regression analysis information for: KLH057b_1002
number of formants: 3
number of coeccicients: 5
4.9 14.3 23.3
379.5 48.4 43.6 -0.5 -1.7 4.9
1901.4 -198 -113.3 -39.6 -6.8 -4.6
2370.5 -177.7 -103.1 -47.4 28.5 4.9
4.9 14.3 23.8
379.2 48.4 43.6 -0.7 -1.8 4.7
1902.7 -199.1 -113.9 -40.3 -7.4 -5.1
2374.8 -179.9 -106 -48.5 28.4 4.5
4.8 14.5 24.3
378.9 48.6 43.7 -1.1 -1.7 4.5
1903.8 -200.6 -114.4 -40.8 -8 -5.5
2379.1 -182.7 -108.8 -49.2 28.3 3.7
4.9 14.7 25.1
378.7 48.7 43.7 -1.2 -1.8 4.4
1905.2 -201.6 -114.8 -41.6 -8.4 -6.1
2383.6 -184.9 -111.6 -50.4 28.4 3
4.9 15 26.1
378.4 48.9 43.8 -1.4 -1.7 4.3
1906.6 -203.1 -115 -42.2 -8.8 -6.8
2388 -187.8 -114.1 -51.3 28.6 1.9
5 15.4 27.1
378.2 49.2 43.9 -1.6 -1.8 4.1
1907.7 -204.4 -115.1 -43 -9 -7.5
2391.8 -190.1 -116.5 -52.6 29 0.5
5.2 16.8 30.1
377.8 49.7 43.7 -1.4 -1.9 4.3
1909.1 -204.6 -114.9 -43.6 -8.4 -8.5
2395.5 -190.9 -117.9 -54.4 31.4 -1.9
5.3 17.4 31.8
377.6 50.1 44 -1.6 -1.8 4.4
1909.9 -204.7 -115.2 -43.3 -8.1 -9.3
2397.2 -190.4 -118.7 -56.9 34.5 -3.9
5.4 18.2 32.5
377.5 50.3 44.1 -1.5 -1.9 4.4
1910.7 -204 -114.4 -43.9 -7.2 -9.9
2398 -187 -120.7 -58.2 36.3 -5.2
5.5 18.4 31.6
377.4 50.5 44.3 -1.5 -1.8 4.6
1911.2 -202.3 -113.8 -43.6 -6.4 -9.1
2394.2 -179 -120.3 -62.3 38.5 -0.1
5.6 18.2 29.9
377.4 50.8 44.7 -1.6 -1.7 4.6
1911 -200.5 -111.5 -44.5 -5.2 -8.1
2386.8 -169.8 -111.6 -73.5 40.1 9.4
5.7 18.6 25.9
377.4 51 45.1 -1.4 -1.8 4.7
1909.9 -196.6 -108 -44.7 -5.6 -6.1
2373.7 -152.5 -106.8 -73 27.6 24.8
5.8 18.1 24.4
377.5 51 45.4 -1.2 -1.7 4.8
1910.3 -196.2 -104.1 -44.4 -4.5 -5.4
2372.1 -154 -99.3 -69.9 26.7 23.7
5.9 17.8 23.3
377.7 51.3 45.7 -1.1 -1.5 4.9
1911.7 -195.8 -100.4 -43.7 -4 -3.4
2375.1 -157.8 -92.5 -69.9 26.3 23
6 17.6 23.7
377.9 51.4 46.1 -0.8 -1.4 5
1914.8 -195.9 -95.7 -42.6 -2.4 -2.3
2381.3 -164.4 -85.8 -68.1 28.2 18.8
6.1 17.2 24.3
378.3 51.7 46.5 -0.6 -1.1 5.2
1918.8 -196.9 -90.9 -41.2 -0.4 -1.1
2389.8 -172.6 -80.7 -66.3 31.4 15.1
6.2 16.8 25
378.7 52 47 -0.3 -0.9 5.4
1923.9 -198.2 -85.6 -39.7 2.2 0.1
2400.7 -182 -76.2 -65.1 35.3 11.2
6.3 16.8 25
379.1 52.2 47.6 0.1 -0.6 5.6
1929.3 -200.1 -79.2 -36.9 5.4 1.2
2410.6 -193.2 -70 -59.7 38.9 6.1
6.4 16.9 27.6
379.7 52.7 48.2 0.4 -0.2 5.9
1936.2 -200.7 -73.9 -36 8.7 3.2
2426.3 -201.4 -69.5 -61.8 43.4 5.3
6.6 17.5 29.2
380.2 53.2 48.9 0.8 0.1 6.1
1943.6 -202.1 -67.6 -33.3 12.2 4.7
2442.3 -213.7 -66.1 -56.8 47.9 0.6
winner is: 1
