Regression analysis information for: KLH057a_2189
number of formants: 3
number of coeccicients: 5
4.6 10.2 9.6
315.5 -17.2 -15 -3.1 0.8 7.4
1861.7 49.2 -27.7 14.1 -5.3 -1.6
2386.2 68.5 3.1 14.5 -6.2 17.1
4.6 10.2 9.5
315.2 -17.5 -15 -2.9 1 7.6
1862.6 49.3 -27.5 13.8 -5.3 -2
2388.7 69.4 1.8 13.2 -6.2 17.3
4.7 10.2 8.8
314.9 -17.7 -14.9 -2.7 1.2 7.7
1863.4 49.1 -27.4 13.4 -5.4 -2.3
2390.9 69.1 0 12.2 -6.6 17.7
4.8 10.5 8.4
314.7 -17.8 -14.9 -2.6 1.2 7.7
1863.8 49.1 -27.5 13.1 -5.5 -2.4
2393.2 69.9 -1.7 11.5 -5.9 18.5
4.9 10.7 8.4
314.4 -17.9 -15.1 -2.5 1.2 7.8
1864.1 49.1 -27.7 12.9 -5.9 -2.7
2395.2 70.1 -2.2 11.2 -5.9 18.6
4.9 10.6 8.4
314.2 -18 -15 -2.3 1.4 8
1864.3 49.3 -27.6 13.2 -6 -2.5
2396.6 70.1 -3.3 10.4 -5.6 18.4
5.1 10.5 8.4
314 -17.9 -15.1 -2.3 1.4 8.1
1864.1 50.1 -27.8 13.8 -6.1 -2
2398 69.5 -3.4 10.4 -7 19.4
5.1 10.4 8.2
313.8 -17.9 -15 -2.1 1.5 8.2
1863.9 50.4 -27.5 14.2 -5.9 -1.7
2398.5 69.6 -3.7 10.4 -7.4 19.4
5.1 10.4 8.2
313.7 -17.9 -15.1 -2.1 1.6 8.3
1863.2 51.2 -27.9 15.2 -5.8 -0.5
2398.5 69.9 -3.6 10.6 -8.1 20
5.2 10.3 8.1
313.7 -17.9 -15.1 -2 1.6 8.3
1862.8 52.1 -27.7 16 -5.2 0.4
2397.9 70.3 -3.2 11 -8.2 20.5
5.2 10.2 10
313.6 -17.9 -15 -1.9 1.7 8.3
1861.9 53 -27.3 17.7 -5.2 0.8
2395.7 70.2 -0.1 13.1 -10.8 19.5
5.2 10.2 9.2
313.6 -17.8 -15.1 -2 1.6 8.3
1861.8 54 -27 17.7 -4.2 1.8
2395.4 71.4 -0.5 12.1 -9.1 20.9
5.2 10 10.1
313.7 -17.8 -15.1 -1.9 1.7 8.4
1861.9 54.7 -26.1 18.7 -2.8 2.9
2394.4 71.7 0.8 12.7 -8.6 21.5
5.2 9.7 9.7
313.7 -17.9 -15 -1.9 1.7 8.3
1862.9 55.3 -25.5 19.1 -2.1 2.8
2395.3 72.6 0.3 12.5 -7.3 21
5.2 9.7 9.4
313.8 -17.8 -15.1 -2 1.6 8.3
1863.4 57 -25.1 20.2 -1.9 4.3
2395.4 74.2 0.1 12.6 -6.8 22.5
5.2 9 8.6
313.8 -17.9 -15.1 -2 1.7 8.2
1865 57.5 -24.4 20.7 -0.1 3.2
2397.6 74.7 -1.9 13 -3.9 21.3
5.2 8.9 8.3
313.9 -17.9 -15.2 -2 1.7 8.2
1866.5 56.8 -24.3 21 0.2 3.4
2400 74.1 -4 13.3 -2.8 22
5.2 8.7 7.4
314.1 -18 -15.3 -2.1 1.5 8.1
1869.1 57.2 -22.8 20.8 0.3 2.8
2403.5 74.6 -4.7 13 -2.9 21.5
5.2 8.5 6.7
314.2 -18.1 -15.3 -2.1 1.6 8.1
1871.8 56.1 -22.3 20.4 0.8 2.1
2407.8 73.6 -7.5 12.6 -1.8 21.7
5.1 8 6.4
314.3 -18.3 -15.5 -2.2 1.5 8
1874.8 55.2 -20.7 20.9 2.6 2.5
2412.1 72.5 -9.6 13.3 0.7 23.3
winner is: 20
