Regression analysis information for: KLH057b_1623
number of formants: 3
number of coeccicients: 5
3.3 5.7 6.6
335.8 24.5 -16 7.7 -6.7 3.5
1755.1 20.9 1.7 15.3 -18.6 -0.8
2208.3 117 3.5 34.2 -4.2 -20.2
3.3 5.4 7.5
335.6 24.5 -16 7.8 -6.9 3.6
1752.2 16.7 1.7 16.3 -22.5 -1.8
2204.9 113.4 3.2 38.9 -11 -17.3
3.3 4.7 5.8
335.6 24.3 -16.1 7.5 -6.8 3.7
1748.9 15.6 -4.2 10.8 -21 1.2
2198.5 112 -2.7 31.2 -7.7 -12.7
3.3 3.6 5.8
335.5 24.5 -16.1 7.5 -6.8 3.7
1749.4 16.5 -1.9 7.6 -21 1.5
2198.9 111.5 3.3 24 -5.8 -13
3.2 3.5 5.8
335.7 24.4 -16 7.4 -6.8 3.7
1753.1 15.1 -0.9 4.9 -19.9 3.7
2204.7 106.1 7.6 18.9 -2.9 -13.5
3.4 3.3 5.5
336 24.2 -15.9 7.3 -6.7 3.8
1756.6 16.3 -0.4 2.7 -18.4 4.3
2211 103.2 11.2 14.5 0.3 -16.6
3.3 3 6.3
336.1 24.4 -15.9 7.2 -6.7 3.7
1762.4 15.1 2.8 1.3 -17.1 5
2220.8 95.8 19.6 9.2 5.1 -21.1
3.3 2.8 8.1
336.4 24.1 -15.7 7.1 -6.6 3.7
1768.7 13.7 5.5 0.1 -15.9 7.5
2232 86.7 28.5 3.2 10.2 -25.2
3.3 3.2 11.8
336.7 24.1 -15.6 7.1 -6.5 3.7
1776.3 12.6 8.2 0.5 -14.3 8.2
2246.7 74.6 39.4 -3.4 17.9 -33.8
3.3 3.4 16.1
337.1 24.2 -15.6 7.1 -6.5 3.8
1786.7 12.4 9.2 0.4 -12.4 12
2265.7 59 52.1 -12.1 28.2 -41.6
3.4 3.9 22.8
337.7 24 -15.5 7 -6.4 3.8
1798.5 14.1 8.6 -1.6 -11.3 15.2
2288.7 41.8 66.3 -25.4 38.5 -54.2
3.3 4.2 33.6
338.1 24.2 -15.7 7.1 -6.4 3.9
1811.4 17.6 5.9 -3.2 -10.1 18.5
2317 19.2 83.9 -42.8 54.1 -71.4
3.4 4.6 47.4
338.8 24.3 -15.8 7 -6.4 4
1826.1 21 3.1 -5.7 -9.8 22.8
2352.8 -12.2 106.6 -65.4 71 -90.5
3.5 5 55.3
339.6 24.2 -15.9 6.9 -6.3 4
1841.6 25.2 -2.7 -9.5 -8.2 28.1
2392 -41.4 121.4 -86.6 85.1 -104.5
3.5 4.9 56.1
340.4 24.5 -16.3 7 -6.4 4.2
1857.3 30.3 -8.7 -13.5 -7.8 32.1
2438.2 -70.5 128.1 -104.9 93.5 -107.8
3.6 5.2 50.4
341.3 24.6 -16.6 6.9 -6.4 4.4
1871.6 35.6 -14.3 -16.5 -7.2 35.2
2485.2 -86.1 115.4 -116.3 90.9 -98
3.6 5.2 46.7
342.2 24.8 -17.1 6.8 -6.5 4.5
1883.6 40.7 -18.8 -18 -7.8 36.7
2533.5 -92.4 86.9 -125.1 84.5 -79.8
3.7 5.2 36.2
343 25.2 -17.7 6.8 -6.7 4.7
1893.8 44.5 -21.8 -18.8 -9.3 37.3
2588 -109.8 64.3 -135.9 74.8 -56.1
3.7 5.6 35.8
343.8 25.3 -18.1 6.8 -6.8 4.9
1902.3 48.6 -23.5 -18.8 -9.4 37.5
2630 -121.4 45.1 -139.6 66.1 -41.9
3.7 5.4 34.1
344.5 25.7 -18.6 6.8 -7 5
1910 52.3 -24.3 -18.3 -10.3 37.2
2672.2 -144.1 40.5 -141.6 56.7 -30
winner is: 6
