Regression analysis information for: KLH057a_1702
number of formants: 3
number of coeccicients: 5
15.4 13.5 9.4
517.9 -30 -80.1 9.5 -20.1 3.4
1004.3 -163.4 24.8 10.2 -9.9 -7.7
2088.1 49.3 29.7 17.4 -4.3 -3
14.4 10.9 9.3
513.9 -29.8 -80.3 6.6 -21.8 0.2
997.1 -163.6 26.5 5 -15.7 -12.3
2087.4 49.6 29.6 17.1 -4.6 -3.5
13.1 10.9 8.7
512.2 -30.4 -78.6 6.6 -23.6 -0.5
994.4 -163.6 30.6 4.7 -19.2 -12.7
2087.1 49.2 30.2 16.9 -5.2 -3.9
12.4 10.5 8.2
509.6 -30.5 -76.3 6.1 -25.4 -1.1
991.6 -163.3 34.3 2.5 -22.2 -12.9
2085.6 48.7 32.1 16.7 -5.9 -3.9
11.4 9.6 7.9
508.2 -29.3 -76.3 4.7 -27 -2.3
989.6 -160.6 34.1 2 -22.8 -13.5
2083.7 51 31.1 16.5 -7.6 -4.2
11 10.5 7
508.9 -29.7 -75.3 4.2 -28.1 -3.3
990.8 -161.6 35.3 1.3 -22.2 -14.5
2084.9 49.7 32.9 15.1 -7.6 -6
10.5 10.2 6.6
508.2 -27.5 -74.9 4.2 -28.1 -3.4
989.9 -158.9 34.8 1.4 -21.7 -14.7
2082.9 53 32.2 15.8 -8.2 -6.3
11 10 7.1
508.5 -28 -73.9 3.7 -28.3 -4.7
990.9 -159.3 35.6 0 -20.5 -14.9
2083.7 52 33.9 14.1 -7.6 -8
10.7 10.3 6.7
509.5 -26.9 -73.9 3.3 -28.3 -5
991.7 -159.2 35.5 -0.2 -19.7 -15.5
2084.3 52.8 34 13.8 -7.3 -9.2
10.4 10.3 6.7
511.6 -25 -74.3 2.1 -28.6 -4.4
992.7 -160.2 35.6 0.2 -18.9 -15.8
2085.9 53.2 34.1 12.9 -7.3 -9.2
10.1 10.5 6.6
513.8 -23.5 -75 0.6 -29 -4.3
992.9 -161.3 35.7 0.7 -18.3 -16.5
2087.6 54 33.8 12.1 -7.4 -10.1
10.1 10.5 6.9
517.1 -20.7 -75.4 -1.1 -29.5 -3.8
993.1 -163.8 35.9 1.4 -17.4 -17.3
2089.8 54.2 34.4 11.1 -7.5 -10.4
9.9 10.8 7.1
520.7 -18.2 -77.1 -4.3 -30.6 -3.1
992.7 -167 37.1 3.4 -16 -18.6
2092.3 53.9 34.5 9.8 -7.8 -10.9
9.3 11.1 7.3
525.8 -15.1 -78.9 -7.2 -30.4 -1.3
990.7 -172.3 37.7 5.4 -15.8 -21.2
2095.3 53.4 34.6 9 -7.6 -11.4
8.3 12.1 7.7
532.2 -9.9 -81.6 -12.1 -31 0.8
987.2 -179.6 39.2 9.4 -14.1 -24.8
2098 53 34.7 7.9 -7.2 -12
7.7 14 8
540.8 -3.1 -84.2 -17.7 -32.7 3
980.5 -191.3 40.1 14.2 -13 -29.4
2101.4 52.3 35.2 7.1 -7.4 -12.8
8.7 19.1 8.4
552.9 6.4 -88.9 -26.6 -35.8 6.2
970 -208.1 42.4 23.5 -9.9 -36.1
2105.1 50.7 35.7 6.8 -7.6 -13.9
9.1 21.7 8.8
562.8 14.3 -90 -29.6 -36 7.5
960 -225.5 41.5 27.3 -10.4 -41.8
2108.4 48.7 36.5 6.5 -7.7 -14.3
11.7 23.4 9
571.9 21.8 -86.8 -25.7 -34.6 3.8
947.3 -247.4 33.4 24.3 -13.2 -45.3
2111.5 47.2 36.7 6.4 -8 -15.5
18.6 22.4 9.4
578.6 28.4 -77.8 -13.5 -28.7 -3
933.9 -271.8 22.4 17.6 -17.5 -46.7
2114.3 45.2 37.5 6.2 -7.9 -16.5
winner is: 11
