Regression analysis information for: KLH057a_5253
number of formants: 3
number of coeccicients: 5
8.6 27.1 64.9
557.9 -30.4 -45.1 -27.5 -9.8 3.6
1273.6 32.6 -39.2 -21.8 2.3 -11.3
2158 -191.8 -261.3 -198 -95.6 -28.6
8.4 6.6 61.3
557.1 -28.1 -43.6 -27.9 -10.2 4
1290.3 67.1 -11.9 -2.7 12.8 -10.9
2251.6 -27.7 -133.1 -117.5 -72.9 -61.3
7.9 6.6 69.5
555.7 -26.7 -41.1 -27.6 -11.3 4.4
1289.2 68.6 -11.4 -3.2 12 -10.3
2264.9 -15 -130.8 -116.7 -74.2 -70.4
8.5 55 71.6
552.6 -26.1 -39.9 -29.5 -12.2 3.7
1252.5 6.4 -72.4 -62.3 -36.4 -49.4
2273 -11.7 -135 -115 -73.4 -71.4
7.5 6.5 34.2
551.2 -23.9 -36.2 -26.3 -11.4 4.4
1283.2 73.4 -8.1 -5.3 12.6 -9.3
2311.5 77.2 -56.3 -51.6 -16.6 -9.1
7.6 6.4 40.5
550.1 -24.5 -36.7 -25.7 -11.3 5.2
1282 74.6 -8.9 -4.1 11.8 -8.1
2296.8 65.3 -87.8 -23.4 15 34.7
7.8 6.2 58.6
547.6 -26.5 -34.6 -24 -11.3 4.7
1279.1 73.2 -5.5 -2.9 11.9 -8.3
2290.6 53.3 -93.9 -11.2 50.7 73.8
8 5.4 55.8
546.8 -27.1 -34.2 -23.9 -10.2 4.5
1278 73.2 -4.2 -3.4 13.9 -8.4
2288.7 50.6 -89.1 -10.2 58.3 74.4
7.8 5.5 47.6
546.8 -26.9 -33.8 -23.9 -10.5 3.8
1277.8 73.3 -3.6 -3.4 13.6 -9.4
2293.7 63.2 -83.7 -14.2 51.3 62
7.9 5.5 42.1
547.1 -27.5 -33.3 -23.3 -10.4 3.6
1278.3 71.8 -3.1 -2.7 14 -10.3
2296.9 62.1 -73.8 -16.1 52.4 55.7
7.8 5.4 31
547.3 -28.4 -33.5 -23.7 -10.6 2.6
1279.4 70.4 -3 -2.2 14.3 -11.5
2305.5 68.4 -60.2 -18.1 46.8 39
7.6 5.8 27.3
547.9 -29.4 -33.5 -23.7 -10.4 2.6
1280.6 68.4 -2.9 -2.2 15 -12.3
2310.8 64.1 -49.8 -20.8 48.6 31
7.7 5.7 23.9
549 -29.6 -33.3 -23.6 -10.2 2.3
1282.6 66.9 -3.2 -1.9 15.7 -13.1
2323.2 70.8 -36.8 -23 42.6 13.1
7.8 5.7 18.7
550.1 -29.9 -33.6 -24.1 -10.2 1.8
1284.7 66.1 -3.7 -2.1 15.5 -14.1
2333.2 75 -32.4 -30.9 33.6 -0.1
7.7 5.7 22
551.6 -30 -33 -24.4 -10.7 1.8
1287 64.6 -3.5 -2.8 15.1 -14.4
2346.2 77.9 -25.8 -40.3 22.1 -13.3
7.6 5.8 22.9
552.9 -30.8 -33.4 -25.1 -11.2 1.5
1289.8 63.2 -4 -2.9 14.3 -15
2357.1 77.5 -23.9 -48.3 14.3 -20.6
7.4 5.7 25.9
554.5 -30.9 -33.3 -25.7 -11.7 1.2
1292.4 61.9 -4.1 -3.4 13.6 -15.4
2367.3 77.2 -22.5 -56.7 6.6 -27.4
7.6 5.5 23.3
555.5 -30.8 -33 -26.9 -12 1.4
1293.7 61.6 -3.5 -5.6 13.8 -15.3
2372.7 76.1 -20.6 -64.8 6.6 -28.1
6.9 5.6 25.4
555.3 -32.4 -33.1 -28 -12.2 2
1294 60.2 -2.4 -7 13.1 -14.4
2374.7 71.9 -17.5 -68.1 7.7 -28.3
6.6 6 25.4
556.6 -33.2 -33 -29.1 -13 2.7
1296.2 58.6 -1.8 -8.2 11.7 -13.6
2381.5 67.2 -15.3 -73.5 4.6 -26.6
winner is: 14
