Regression analysis information for: KLH057a_5604
number of formants: 3
number of coeccicients: 5
23 16 19.2
594.3 45.3 -18.3 41 -10.8 28.8
1167.2 3.1 33.3 -1 -14 -7.6
2088.6 14.8 24.1 5 -15.7 -24.4
24 17.2 19.6
596.8 48.3 -17.5 45.2 -7.5 33.1
1169.3 2.9 30.1 0.3 -13.9 -5.6
2089.4 15.7 23.2 5.8 -15.3 -23.4
27.2 18 19.6
599.7 49.7 -16.6 47.8 -4.3 37.3
1171.6 1.4 26.4 -1 -14.9 -4.1
2090.5 16.3 22.1 6 -15.5 -22.2
27.9 18.9 19.6
600.4 50.4 -18.8 47.7 -3 38.6
1172.7 1.9 22.5 -2.4 -14.3 -3.7
2091.5 17.5 21.2 5.6 -15.1 -21.6
29.6 19.6 19.2
600.9 46.1 -23.1 44.7 -4.8 38.7
1175.4 -0.9 18.7 -4.5 -15.6 -1.6
2093.4 17 21 4.2 -14.9 -21
30 19.6 18.8
602.3 47.3 -24.2 45.2 -3.5 39.9
1176.8 0.8 16.6 -4.7 -14.9 -1
2094.6 17.7 20.3 3.2 -15.1 -21.6
31.1 20.4 18.6
601.6 44.4 -29.1 42.4 -5.6 39.1
1177.3 -1.6 12.6 -7.3 -16.2 -1.4
2095.9 17.2 20.4 1.6 -14.3 -22
31.7 19.4 18.1
601.1 41.4 -33.1 40.3 -6.7 39.6
1178.3 -2.4 10.7 -7.8 -15.2 1
2096.7 15.9 19.8 -0.2 -13.9 -22.3
26.8 19.7 17.7
594.9 28.4 -49.5 26.3 -20.3 28.1
1179 -3.6 6.9 -11 -16.6 0.5
2097.5 14.5 18.5 -3.5 -14.8 -23.9
21.9 18.9 17.4
590.4 20 -62.2 16.7 -31.6 20.8
1180.3 -3.2 5.7 -12.3 -16.4 2.2
2098.5 13 18.1 -6 -14.8 -24.9
23.8 19 17.2
590.8 21.1 -66.5 16.6 -34.9 23
1182.3 -3.1 3.1 -14.3 -17.3 4.3
2099.9 12.1 17.5 -8.5 -15.3 -25.3
28 19 17.2
588.8 24.4 -75.4 18.6 -43.1 27.1
1184.7 -2.3 1.5 -15.1 -17.6 7.1
2101.1 10.7 17.2 -11.1 -15.4 -25.9
40.8 60.4 53.1
608.2 -12.4 -41.8 -20.5 -8.6 -9.1
1204.4 -36.4 34.9 -52.4 17.5 -25.5
2119.9 -26.7 52 -50 19.4 -62.6
40.6 61.5 53.8
609.8 -9.9 -45.1 -19.7 -10.5 -5.8
1207 -35.3 32.4 -54.1 17.2 -22.6
2121.7 -27.6 52.4 -52.4 19.7 -63.4
40.2 62.9 54.5
610.5 -5.4 -50.6 -17.6 -15 -1.4
1209.8 -33.3 29.6 -55.9 16.5 -19.2
2123.8 -27.9 53.5 -54.3 20.3 -64.1
61.3 92.8 87.6
628.2 -36.7 -20.9 -49.6 15.4 -30.2
1228.7 -67.5 61.8 -91.6 49.9 -50.2
2143.8 -66.2 90.7 -92.8 56.5 -100.2
60.9 93.7 78.2
629.3 -33.6 -24.5 -47 13 -26.2
1230.2 -66 59 -91.9 48.9 -47.2
2140.9 -57.9 82.9 -84.8 48.4 -91.6
60.5 94.9 79.5
629.4 -27.2 -31.8 -42 7 -20.8
1231.7 -63.7 55.2 -92.3 47 -44.4
2143.4 -58.8 84.9 -86.5 49.6 -93.4
70 111.5 99
647.8 -56.2 -5.5 -71 32.2 -43.1
1250.7 -95.8 84 -126.2 75.5 -68.7
2165 -97.8 123.5 -124.5 83.3 -125.9
72.7 113.3 81.4
646.4 -45.1 -18.2 -61.8 24.3 -35.9
1251.4 -92.8 78.4 -126.6 73 -65.7
2157.3 -77.3 105.1 -105.5 64.5 -108.5
winner is: 1
