Regression analysis information for: KLH057a_4739
number of formants: 3
number of coeccicients: 5
15.4 13.4 15.7
531.9 55.6 -62.7 -7.2 -14.5 -12.6
1007 19.3 42.2 -38.9 -2.7 -20.2
2098.6 -12.8 -36.4 4.7 -12.7 -1
14 13.1 9.7
537.8 60.5 -58.6 -2.8 -11.1 -9.8
1009.7 24.2 43.6 -34.8 -0.2 -18.3
2107.5 -2.8 -33.9 0.2 -13.8 4.4
15.1 14.4 10
539 61.7 -60.9 -4.1 -12.4 -11.6
1012.1 21.9 43.4 -38.1 -1 -20.5
2107.8 -2.3 -36 -1.3 -15.2 4.8
14.6 14.8 9.2
542.6 65.4 -59.6 -2.5 -11.4 -11.4
1014.3 22.7 44.3 -38.4 -0.5 -21.5
2108.7 -1.5 -34.7 0.1 -13.9 5.4
13.7 15.5 8.6
545.7 68 -59.1 -1.7 -11 -11.3
1015.5 22.4 43.7 -39.9 -1.2 -22.9
2109.6 -0.8 -33.8 1.2 -13 5.9
11.7 17.6 8.2
549.6 72.6 -55.7 1 -9 -9.5
1015.8 20.8 42.9 -43 -3.2 -25.7
2110.8 0 -32.5 1.9 -12 6.6
9.1 23.1 7.8
554.6 80.7 -49.4 6.5 -3.5 -4.5
1013.7 15.8 38 -49.8 -8.8 -31.9
2111.7 1.2 -31.6 2.5 -11.2 7.1
9.1 15.9 7.3
559.4 85 -44.2 9.8 -0.1 -1.7
1018.5 27.5 47.9 -40 1.1 -23
2113.9 2 -28.9 2.8 -9.5 7.9
10 20.3 7.5
561.2 89.7 -41.8 11.8 1.8 0.1
1028 40.8 66.2 -27.5 17.2 -8.7
2113.5 2.5 -29.8 2.8 -9.9 7.7
10.7 24.4 7.4
562.1 91.3 -40.3 11.4 1.6 -0.4
1031.8 47.3 74.9 -21.7 24.1 -2.8
2114.2 3.3 -29 2.9 -9.4 7.9
10.2 18.9 7.1
562.8 88.1 -40.1 9.5 -2.2 -2.7
1026.6 40.1 66.6 -29.3 15.7 -11
2115.6 2.9 -27 2.5 -9 7.9
10.6 19.8 6.9
562.8 86.5 -41.7 7 -4.4 -5.3
1026.7 38.4 67.1 -30.9 15.7 -12.2
2115.8 2.7 -26.9 2 -9.2 7.5
12.4 29.4 7.1
562.5 89.2 -38.6 6.9 -3.2 -2.4
1032.6 42.6 78.1 -25.9 25.1 -4.9
2114.8 2.1 -27.9 1 -10.2 6.8
12.1 15.4 6.7
562.1 83 -41.8 2.8 -8.1 -8.1
1023.5 27.8 60.8 -40.6 9.2 -21.2
2115.8 1.3 -26.4 0.7 -9.8 6.3
11.9 21.5 6.4
559.3 74.6 -48.3 -4.6 -14.7 -13.7
1016.1 10.7 45.8 -56.7 -5 -36.5
2115.4 -0.4 -27.4 -0.8 -11 5.2
11.1 21.8 6.5
560.4 72.5 -49.1 -5.1 -15.3 -14.4
1016.3 9.7 45.7 -57.9 -4.2 -37.2
2115.8 -0.6 -27.1 -0.7 -10.9 5.2
11.5 21.8 6.4
561.5 69.9 -48.5 -4.6 -14.4 -13.5
1016.4 9.2 45.9 -58.6 -3 -37.6
2115.8 -1.8 -27.3 -1 -11.1 5.1
13 21.7 6.2
563.6 68.5 -48.3 -5.3 -13.6 -13.6
1016.8 9.8 46.5 -58.3 -2 -37.6
2115.7 -2.7 -28.2 -1.9 -11.9 4.7
13 22.8 6.8
564.2 62.9 -53.1 -8.7 -16.3 -17.4
1015.6 6.2 44.8 -64.2 -3.6 -40.2
2114.8 -3.7 -30.7 -2.5 -13.3 4.3
14.4 21.8 7
568.8 61 -52.7 -6.5 -14.2 -17
1012.6 10.5 43.4 -64.1 -4.5 -38.1
2115.2 -3.6 -31.2 -2.1 -13.6 4.9
winner is: 8
