Regression analysis information for: KLH057a_0849
number of formants: 3
number of coeccicients: 5
11.4 7.7 2.6
560.7 -144.4 42.7 -31.7 10.1 19.1
957.4 -68.2 -11.2 6.7 -5.9 14
2224.5 -13.9 20.3 16.2 3.1 16.8
11 7 2.5
563.1 -146.2 43.3 -29.2 9.3 19.6
959.1 -66.5 -10.1 10 -5.2 15.1
2224.4 -14.1 19.9 15.4 2.8 16.8
11.3 6.9 2.6
563.1 -146.3 43.3 -26.2 8.1 19.6
958.9 -64.8 -9.8 13.2 -5.6 15.7
2224.8 -13.9 20.2 15.1 3.1 16.9
11.1 6.5 2.5
564 -147.4 43.6 -24.4 7.7 19.2
959.1 -63.9 -9.8 15 -5.2 15.8
2225.1 -14 20 15.2 3 16.9
11 5.5 2.5
562.9 -145 40.8 -20.9 6.5 19
957.9 -61.5 -11.5 17.3 -4.8 15.1
2225.6 -14.2 20.3 15.4 3.1 17
11.6 4.7 2.6
559.8 -140 36 -16.2 4.2 19.7
956.2 -60 -13.3 18.9 -4.7 14.3
2226.1 -14.3 20.7 15.7 3.5 17.1
13.3 3.9 2.6
555.8 -131.9 28.4 -9.3 0.4 22.2
955 -57.7 -14.9 20.2 -3.7 13.2
2226.4 -14.9 20.5 16.1 3.6 17.2
14.9 3.4 2.7
550.7 -122.8 20.8 -3.3 -2.5 23.3
953.7 -56.3 -16 20.6 -3 11.8
2226.7 -15.3 20.8 16.4 3.8 17.2
15.5 3 2.8
542.2 -107.5 7.5 6.9 -9.1 26
952.1 -55 -17.6 20.4 -2.9 9.8
2226.9 -15.6 21 16.7 3.7 17
15.2 2.8 2.8
536.9 -97.9 0.5 10.8 -10.6 25.7
950.9 -53.6 -18.5 19.8 -2.2 8.5
2226.8 -16 21 16.8 3.4 17
12.9 2.7 2.8
530.3 -86.1 -9.1 16.2 -11.6 23.3
950 -52.6 -19.3 19.6 -1.4 6.9
2226.9 -16.1 21.1 17.2 3.7 16.8
11.6 2.6 3
526.1 -78.3 -15 18.5 -11.4 21.1
949.4 -51.7 -20.2 18.8 -0.9 5.5
2227 -16 20.5 17.1 3.4 16.4
11 2.7 3.1
522.3 -72.9 -20.1 20 -11.8 19.1
948.5 -52.2 -21.3 17.6 -1.1 4.2
2226.2 -16.7 19.8 16.9 3.1 15.7
9.9 2.6 3.1
518.4 -66.3 -24.3 22 -11.8 17.6
948.4 -51.9 -20.8 17.2 -0.6 3.3
2225.6 -15.8 19.7 17.2 3 15
9.7 2.6 3.2
517.8 -64 -25.5 21.3 -10.3 16.3
948.8 -50.9 -20.8 17 -0.3 3
2225.8 -14.9 19.4 16.8 3.2 14.3
9.4 2.7 3.1
516.4 -61.2 -26.8 21.5 -9.6 15.1
949.3 -50.6 -20.1 16.9 -0.1 2.5
2225.6 -13.3 19.4 16.8 3.4 13.6
8.9 2.7 3.1
515.5 -58.2 -28.8 21.9 -9.1 14.2
950.2 -50.6 -19.5 16.4 0.3 2.1
2225.3 -10.8 17.9 16.7 3.1 13.1
8.6 2.7 2.9
516.2 -57.1 -30.1 22 -8.6 13.1
950.9 -50 -19.3 16.3 0.3 2.1
2225.9 -9.5 17.1 16.3 3.2 12.3
8.7 2.8 2.8
517.4 -56.9 -30.7 22.1 -8.2 12.3
951.5 -49.7 -18.7 16.2 0.2 2.1
2226.9 -8.1 16.6 15.9 3 11.9
8.8 2.7 2.8
519 -56.2 -31.8 22.6 -7.9 11.7
952.2 -49.3 -18.1 16 0.3 2.3
2228.2 -6.7 15.9 15.8 2.8 11.8
winner is: 18
