Regression analysis information for: KLH057b_0256
number of formants: 3
number of coeccicients: 5
1.5 11.4 26.4
256.3 4.7 -25.3 -8.5 7.7 6.2
967.8 -35.9 -4.4 -43.8 33.6 20.2
2031.3 -120.2 -47.8 -33.6 22.9 17.5
1.6 14.4 27.2
254.9 4.3 -22.8 -7.7 7.1 5.8
958.3 -36.5 18.3 -41.7 36.6 22.9
2036.4 -110.6 -37.4 -25.5 31.1 23
1.6 16.8 28.2
253.8 4 -20.9 -7 6.8 5.3
950.6 -36.6 40.7 -37.6 39.1 22.1
2042.2 -98.8 -24.4 -15.5 40.3 28.6
1.6 17.4 28.8
253.1 3.9 -19.5 -6.6 6.4 5
945.5 -37.4 59.5 -32.7 39.1 19.5
2047.6 -89.1 -12.5 -7.9 46.7 32.3
1.5 17.5 29.1
252.6 3.8 -18.4 -6.1 6.2 4.8
941.7 -36.1 72.8 -27.1 39 17.2
2052.8 -79.1 -0.5 -0.2 52 34.4
1.5 17.4 26.3
252.3 3.6 -17.8 -5.9 5.9 4.4
938.5 -38.9 78.8 -26.3 35.8 11.6
2051.1 -83.2 -1.4 -3.7 47.7 30
1.4 15 22.1
251.7 3.6 -17.5 -5.7 5.2 4.1
930.6 -39.2 76.3 -23.2 27.4 8.4
2042.6 -96.3 -11.6 -13.6 37.2 22.6
1.3 14.8 21.6
251.6 3.7 -17.2 -5.2 5.3 4
930.2 -32.5 79.5 -16.4 27.7 7.7
2047.3 -84.8 -0.5 -4.2 42.3 23.7
1.2 11.8 21.1
251.6 3.9 -17.3 -5 5 4.1
928.7 -27.8 75.5 -11.4 22.4 10.9
2047.6 -83.6 -0.7 -3.4 40.2 24.4
1.2 11.6 22.6
251.6 4.2 -17.4 -4.8 4.9 4
928.9 -21 73.1 -4.9 20.4 12.7
2050.6 -74.9 2.9 3.3 42.4 26.6
1.2 10.7 22.3
251.9 4.3 -17.6 -4.5 4.7 4
931.2 -14.9 72.5 -0.5 18.2 14.1
2055.4 -65.3 7.7 9.3 43.3 28.1
1.2 8.7 23.2
252.2 4.4 -17.9 -4.4 4.5 4.1
933.5 -14.3 71.1 1.8 16.5 16.8
2058 -63 7.9 11.3 43.3 31.1
1.2 8.7 22.5
252.6 4.7 -18 -4.2 4.4 3.9
938.9 -7.5 74.9 5.3 16.2 16.4
2066.6 -48.9 17.7 19.2 46.3 32.1
1.2 8.9 22.4
253.3 4.7 -18.1 -4 4.2 3.8
945.8 -2.2 80 8 15.9 17.1
2076.6 -35.7 29 26.9 49.8 34.8
1.2 9.8 23.1
253.8 5 -18.3 -3.7 4.1 3.5
952 5.1 85.3 12.4 15.5 17.4
2086.9 -18.9 42.2 38.3 55.5 37.8
1.3 9.8 26.1
254.7 5.2 -18.7 -3.6 4 3.3
960.1 13.3 92.8 14.1 16.9 17.8
2101.2 2 59.8 49.9 64.4 42.8
1.4 12.3 31.4
255.8 5.4 -19.1 -3.4 3.8 3
969.9 24.1 103.1 16.3 16.9 17.1
2120.1 31.1 85.2 67.6 76.2 48.5
1.4 15.8 37.5
257.1 5.7 -19.8 -3.4 3.7 2.6
980.4 36.6 115.3 17.1 14.5 16
2143.1 67.7 117.2 90.7 92.6 57.7
1.5 20.8 42
258.5 5.6 -20.6 -3 3.5 2.2
990.9 51.6 130.5 15.6 12.1 14.4
2167.4 107.5 152.9 116.2 111.1 67.1
1.5 35.1 43.1
260.4 5.5 -22 -2.4 3.4 1.5
1002.7 77 153.4 6.9 1 7.3
2190.3 145.8 184.9 136.2 122.6 69
winner is: 13
