Regression analysis information for: KLH057b_1803
number of formants: 3
number of coeccicients: 5
3 5.5 15.9
329.6 63.5 36.4 -4.9 0.5 -5.6
1861.2 -84.3 -36.6 -12.7 -11.5 -8.1
2398.2 -267.6 -9.4 -10.8 42 -2.4
3 5.7 17.5
329.3 63.1 36.2 -4.8 0.4 -5.8
1861.9 -83.6 -37.8 -12.5 -10.7 -9.3
2403.3 -264.2 -13.6 -18.6 38.9 -6.3
3.1 5.8 18.7
329.5 63.3 35.6 -5.2 0.1 -5.8
1862.2 -84.1 -39.1 -12.4 -10.5 -9.6
2405.9 -261.4 -18.5 -23.7 35.2 -8.9
3.3 5.9 23.4
329.3 62.7 35.4 -5.3 0.1 -5.8
1862.5 -85.1 -40.4 -12.1 -10.9 -9.9
2406.3 -265.4 -24 -27.7 33.4 -8.2
3.2 6.3 28.8
329.5 63.1 35.3 -5.4 -0.1 -5.7
1862.3 -83.5 -41.5 -11.3 -12.1 -9
2409 -254.5 -28.1 -34.2 24.6 -11.7
3.4 6.3 31.3
329.8 63.3 35.2 -5.5 -0.1 -5.6
1863.4 -84.9 -42.9 -10.9 -12.6 -8.9
2413.6 -251.1 -34.1 -37.5 19.5 -10.1
3.4 6.4 30.2
330 63.2 35.2 -5.7 -0.2 -5.7
1865.7 -86.6 -43 -9.8 -13 -8.7
2421.1 -253 -34.8 -39.9 13.8 -10.1
3.5 6.2 28.3
330.5 63.5 35.2 -5.7 -0.3 -5.7
1868.6 -89 -43 -9 -13.3 -7.9
2431.6 -255 -34.2 -43.2 10.7 -8.4
3.5 6 27.1
330.7 63.4 35.2 -5.7 -0.2 -5.6
1872.1 -92.8 -43.9 -7.7 -12.9 -7
2440.4 -265.2 -36.3 -42.4 15.5 -2.8
3.5 6 24.8
331.1 63.5 35.7 -5.5 -0.1 -5.7
1877.3 -95 -43.1 -6.2 -12.6 -7
2457.1 -266.4 -33.1 -45.8 13 -4
3.6 5.9 26.1
331.5 64 35.8 -5.6 -0.5 -5.9
1882.3 -98 -43.5 -4.7 -12.3 -6.1
2474 -268.1 -34.5 -51.5 9.6 -3
3.7 5.8 28.2
331.6 63.7 36.3 -5.5 -0.6 -6.2
1887.7 -102.5 -44.7 -3.9 -12.5 -5.8
2490.7 -275.2 -38.2 -58.4 6.5 -1.5
3.7 5.7 31.4
331.8 64 37 -5.4 -1 -6.5
1894 -105.9 -44.5 -1.9 -12.6 -5.5
2511.3 -275.5 -38.4 -64.9 0.1 -2.3
3.9 5.9 34.2
331.8 64.6 38.1 -5.1 -1.6 -7
1900.2 -109.1 -44.7 -0.1 -13.1 -5.1
2532.2 -273.3 -39.1 -71.4 -7.5 -4.1
3.9 6 35.7
331.3 64.8 39.7 -4.4 -2.2 -7.9
1907.2 -111.7 -44.4 2.5 -13.5 -4.6
2554.3 -269.9 -38.4 -75.5 -15.9 -6.6
4.1 6.3 37.3
330.8 65.7 41.5 -4 -3.2 -8.6
1913.8 -114.4 -43.9 5.8 -14 -4.4
2575.7 -263.9 -36.2 -77.2 -23.6 -10.8
4.2 6.3 38.8
329.6 66.3 44.1 -3.1 -4.4 -9.8
1920.8 -116.9 -42.8 8.9 -14.2 -3.8
2598.4 -257.4 -32.2 -78.6 -30.5 -13.7
4.5 6.5 39.3
327.6 66.5 47.4 -2 -5.7 -11.4
1927.8 -119.1 -42.2 12.5 -14.4 -3.2
2620.6 -250.2 -27.7 -76.5 -37 -15.7
4.8 6.5 39.2
325.3 67.4 50.6 -1.5 -7.5 -12.8
1934.1 -121.6 -41 16.5 -14.7 -2.3
2640.6 -242.7 -21.6 -72.5 -41.3 -17.8
5.3 6.4 39.4
321.8 67.5 55.1 -0.7 -9.9 -15.1
1940.3 -123.9 -40.4 20 -14.7 -1.7
2660.7 -234.7 -16.7 -68.3 -44.3 -18
winner is: 1
