Regression analysis information for: KLH057a_5310
number of formants: 3
number of coeccicients: 5
40.9 47.3 199.1
580.8 -8 -17.3 5 -47.9 30.1
1138.4 118.4 24.7 32.3 -4.1 -4.3
2058.8 257.9 -23.4 -86 172.3 -98.8
34 32.8 169.4
591.4 -11.1 -26.3 -2.4 -40.4 42.1
1152.1 105.5 23.1 18.9 15 7.4
2159.8 138.9 -16.8 -79.3 168 -70.5
33.8 31.7 93.5
595.8 -16.6 -24.7 -3 -41.2 42.8
1161.2 83.9 31.9 27.8 7.1 27.9
2233.5 34.2 4.3 -22.3 71.5 18.5
33.3 22.3 39.6
599.5 -21.5 -23.8 -3 -42.1 43
1171.5 82.3 30.5 24 -8.8 28.5
2271.3 23 -8.5 -10.1 6.8 22.1
33.3 22.8 31.2
602.7 -25.5 -22.9 -2.7 -42.9 43.2
1173.8 79.7 30.7 25 -9.5 28.5
2276.5 26.1 -12.7 -11.5 0.4 13.2
32.8 22.8 23
604.6 -27.9 -23 -2.3 -43.2 42.2
1175.4 78.2 30.4 25.6 -9.9 27.8
2283 34.4 -13.7 -22 -11.8 6
33.1 23 23
606 -30.8 -22.6 -1.8 -44.5 42.7
1176.5 76 30.5 25.9 -10.9 28.4
2283.8 34.6 -13.1 -21.8 -11.5 6
33 23.1 23.3
606.6 -33.2 -23.1 -1.3 -45 42.9
1177.1 74 29.7 26.1 -11.5 28.7
2285.1 35.1 -12.1 -21.6 -11.1 5.5
33.3 23.1 23.4
606.7 -34.3 -23.3 -0.3 -46 43.2
1177.3 73.2 29.3 26.5 -12.4 29
2286 34.4 -12.1 -21.9 -11.1 5.7
32.9 22.8 24
605.6 -34.9 -23.9 1.8 -45.9 43.4
1176.9 72.5 29 27.4 -12.5 29.3
2287.3 33.8 -12.3 -22.8 -12.1 5.6
32.6 21.7 24.3
603.4 -32.5 -25.1 3.4 -45.6 41.7
1175.7 74.1 28.6 27.8 -12.2 28.4
2288.2 32.8 -12.6 -23.1 -12.1 6.1
32.9 20.5 24.4
600.5 -30.7 -24.6 6.6 -45.9 40.1
1173.8 75.1 29.3 28.9 -12.6 28
2288.9 32.3 -13 -23.7 -12.3 6.8
34.6 18.6 24.8
594 -23 -27.1 8.7 -44.9 36.3
1169.5 80 28.2 29.4 -11.5 25.3
2289 32.7 -14.6 -23.6 -12.9 7.9
36.1 17.4 24.4
590.4 -19.4 -27.6 10.2 -44.1 33.9
1167 82.9 28.7 30 -11 23.5
2288.5 33.3 -14.9 -23.8 -13.1 8
36.4 15.9 24
587.5 -16 -27.3 10.3 -43 32.3
1164.6 85.4 29.3 29.9 -10.3 22.6
2287.8 34.3 -15.4 -23.2 -13.4 8
35.6 14.8 23.6
584.7 -12.9 -26.5 8.8 -40.4 30.7
1162.6 87.9 30.3 29.1 -8.7 21.6
2286.6 35.7 -15.5 -23 -13.2 7.8
34.8 13.8 22.1
582.4 -10.1 -26.2 8.6 -38.3 28.7
1161.1 89.7 31 29.5 -7.8 20.4
2284.3 38.9 -16.5 -21.4 -13.5 7.2
34.2 13.5 21.7
581 -8.2 -25.2 7.5 -37 27.9
1160.2 90.7 32.2 29 -7.1 20.2
2282.8 39.9 -15.3 -21.2 -13.6 6.7
33.7 13.4 21.9
580.7 -7.6 -24.6 7.8 -35.8 27.1
1160.4 91.3 33 29.7 -6.4 19.9
2282.4 40.6 -14.4 -20.6 -12.8 6.1
31.9 13.2 21.4
579.7 -5.3 -24.2 6.4 -33.1 24.9
1160.5 92.2 33.5 29.7 -5.6 19.4
2281.6 42.4 -13.7 -20.9 -10.8 4.6
winner is: 20
