Regression analysis information for: KLH057a_3029
number of formants: 3
number of coeccicients: 5
1.4 5.7 4.4
404.9 -28.2 -12.4 -2.8 -2.7 -2.1
1123.5 -89.3 16.1 12.9 27.3 -13
2054.2 -15 -16.3 5.6 10.8 -0.5
1 5.8 4.4
403.1 -28.9 -12.6 -3.2 -2.2 -2.6
1120.6 -92.7 15.6 12 26.9 -14
2057.1 -13.8 -13.9 7.2 12.2 1.1
1.1 5 5.3
401.5 -29.5 -12.9 -3.8 -2.1 -2.9
1116.8 -95.7 14.5 9.9 25.2 -15.1
2059.9 -12.4 -10.7 10 14.8 3.1
0.9 5.1 5.4
400.2 -30 -13.1 -4.2 -1.8 -3.4
1112.5 -100.9 12.5 6.8 23.5 -17
2060.9 -12.9 -9.5 10.9 16.1 4.2
1 4.9 5.7
398.9 -29.7 -13.1 -4.9 -1.3 -3.4
1107.8 -102.6 12.2 2.9 23 -16.9
2060.5 -15.2 -9.9 10.3 16.7 4.2
1 5.5 5.8
397.8 -29.7 -13.7 -5.2 -1.5 -4.1
1103.5 -105.4 8.9 -0.4 19.9 -20.5
2057.5 -19.3 -13.6 6.8 15.1 1.5
1 5.1 5
397.2 -29.4 -13.7 -5.2 -1.5 -4.2
1100.7 -105.9 9.1 -1.7 19 -20.9
2051.9 -26 -20.7 -0.2 11.2 -3.8
1.1 5 5.6
396.8 -29.2 -13.9 -4.8 -1.8 -4.1
1099 -104.9 8.8 -0.9 17.7 -20.5
2049.1 -26.8 -23 -1.2 10.1 -5.1
1.1 4.9 6.1
396.6 -29.2 -13.8 -4.8 -1.8 -4.1
1098.1 -105.3 8.8 -1.2 17.5 -20.8
2045.9 -29.8 -26.1 -4.1 9.2 -7.2
1 5.3 7.7
396.5 -28.7 -13.9 -4.6 -1.8 -3.9
1098.2 -103 9.6 0.5 18.7 -19.3
2046 -21.9 -23.4 1.6 13.7 -3.1
1 4.6 7
396.3 -28.8 -13.6 -4.5 -2.1 -3.9
1097.2 -102.3 11.6 0.9 16.6 -19
2045 -21.2 -22 2.2 12.3 -3
1 4.9 7.8
396.6 -28.4 -13.5 -4.5 -2.1 -3.8
1098.7 -100.7 12.4 1.7 17.4 -18
2047.3 -17 -19.2 4.7 13.4 -0.4
0.9 5.3 8.4
397 -28 -13.3 -4.3 -2.1 -3.7
1100.9 -97.9 14.4 3.7 18.6 -16.7
2051.9 -9.8 -13.2 9.8 16.5 2.9
0.9 5.4 8.3
397.4 -27.9 -13.4 -4.3 -2.2 -3.7
1102.8 -96.2 14.7 5.1 19.3 -16.5
2055.9 -6 -10.2 13.2 17.3 4.6
1 5.3 7.8
397.8 -27.5 -13.4 -4.1 -2.3 -3.6
1104.7 -94.6 14.3 6.4 19.5 -16
2058.7 -2.1 -9.6 16.3 15.8 6.5
0.9 5.7 7.9
398.5 -27.3 -13.5 -4.2 -2.3 -3.6
1108 -92.5 15.2 8.1 21.3 -15.5
2065.5 1.8 -4.5 19.7 18.2 9.3
1 5.3 7
399.1 -27.1 -13.5 -4.2 -2.5 -3.7
1110.9 -91.5 15 9 22 -16
2070.9 3.5 -1.9 21.2 17.9 9.4
1.1 5.3 6
399.9 -26.8 -13.6 -4.3 -2.6 -3.9
1114.1 -90.7 14.6 9.6 22.8 -16.8
2076.3 5.2 0.1 22.1 17.5 8.6
1.2 5.1 5.5
400.7 -26.7 -13.7 -4.3 -2.8 -4.1
1117.6 -89.7 14.6 10.8 23.5 -17.6
2083.3 5.7 4.1 23.6 17.3 9
1.2 5.2 5.4
401.7 -26.3 -13.4 -4.3 -2.9 -4.3
1121.5 -87.7 16.4 12.6 24.9 -17.8
2090.8 8.5 10.4 26.1 18.6 9.7
winner is: 7
