Regression analysis information for: KLH057a_5563
number of formants: 3
number of coeccicients: 5
6.1 2.6 10003.8
548.4 -39 -42.2 0.9 -17.7 6.7
1022 -17.7 -1.2 6.3 -9.5 4
1921 -57.8 23.7 -5.1 4.1 -3.7
6.8 2.7 10003.9
550.6 -40.2 -43.7 2.2 -17.3 7.5
1022.7 -18.3 -1.7 6.8 -9.5 4.4
1922.3 -58.7 23.6 -5.2 4.8 -4
7.8 3 10003.9
551.3 -41.3 -46 3.1 -17 8.7
1022.7 -18.9 -2.6 7.1 -9.6 5.1
1923.1 -59.2 23.4 -5.3 5.3 -3.9
8.1 3.1 10003.9
551 -39 -49.7 5.2 -16.9 9.6
1022.2 -18.1 -4.1 8.1 -9.8 5.7
1924 -59.9 23.1 -5.2 5.8 -4
8.5 3.3 10003.6
550.1 -36.8 -53.2 6.6 -16.9 10.4
1021.4 -17.3 -5.7 8.6 -10.2 6.1
1924.4 -59.9 22.3 -4.9 5.8 -3.7
8.4 3.2 10003.6
548.4 -36.3 -56 6.1 -16.7 10.7
1020.4 -17.5 -7 8 -10.6 6.1
1924.2 -60.1 21.6 -5 6 -3.6
8.8 3.4 10003.4
547.3 -33.8 -58.2 6.6 -15.9 11.6
1019.6 -16.5 -8 8.5 -10.7 6.6
1924.3 -59.9 20.9 -4.8 6.3 -3.1
8.7 3.3 10003.2
546.3 -32.1 -60.6 6.9 -15.8 11.3
1018.9 -15.7 -8.9 8.5 -11 6.5
1923.7 -58.6 19.5 -4.2 6 -2.8
8.8 3.4 10002.7
545.2 -29.9 -60.9 6.3 -16.3 12.4
1018.5 -14.9 -9.1 8.5 -11.2 6.8
1922.9 -57 18.7 -3.8 5.3 -1.9
8.6 3.3 10002.6
544.7 -27.6 -62.1 5.7 -15.7 11.7
1018.1 -14.1 -9.6 8.4 -11.2 6.5
1922.4 -55.6 17.5 -3.6 5.3 -2
8.6 3.3 10002.9
544.6 -27.2 -63.1 4.7 -16.4 11.2
1018 -14.1 -9.6 8.3 -11.3 6.4
1922 -54.9 16.9 -3.9 5.3 -2.4
8.3 3.3 10003
545 -26.4 -63.3 4.7 -16.1 11.5
1018.1 -13.8 -9.6 8.4 -11.4 6.3
1922.1 -54.7 16.6 -3.8 5.2 -2.2
8.2 3.2 10003
546.1 -25.7 -63.8 4.2 -16.3 11.6
1018.3 -13.8 -9.3 8.5 -11.3 6.2
1922.6 -54.5 16.4 -3.9 5.3 -2.2
8.2 3.2 10003
547.2 -25.3 -64.4 3.5 -16.4 11.7
1018.3 -13.9 -8.9 8.7 -11.2 6.4
1922.7 -53.8 16 -3.9 5.1 -1.9
8.2 3.3 10003
548.3 -23.6 -64.8 2.4 -17.1 12.3
1018.2 -14.1 -8.7 9.2 -11 6.4
1923.2 -53.5 16 -4.4 5 -1.7
8.1 3.1 10003
550.4 -23.5 -64.6 1.7 -16.9 12.5
1017.9 -15.2 -8.3 9.6 -10.4 6.4
1924.3 -54 16.6 -4.8 5.3 -1.7
8 3.1 10003.2
552.2 -22.3 -65.5 1.5 -17.5 12.4
1017.3 -16.4 -8 10.4 -9.8 6.7
1924.9 -53.7 16.2 -4.5 5 -1.8
7.8 3.1 10003.8
554.6 -21.3 -65.6 0.4 -17.9 12.3
1016.1 -18 -8.1 11.7 -9 7
1926.4 -55.2 17.3 -5.6 5.9 -2.5
7.8 3 10004
557.4 -21 -65.8 -0.6 -18.2 12.8
1013.8 -21.4 -8 13.4 -7.3 7.7
1927.6 -56.1 17.9 -6 6.1 -2.5
7.5 3 10004.5
560.6 -20.1 -66.2 -0.9 -18.4 13.1
1010 -26.1 -8.6 16 -5.1 8.9
1929.3 -57.9 18.7 -6.6 6.8 -3
winner is: 1
