Regression analysis information for: KLH057b_1762
number of formants: 3
number of coeccicients: 5
0.5 9.3 4.6
375.3 44.4 5.7 -6.3 0.7 1.6
1778.8 -49.1 -15.6 -55.2 -18 2
2253.8 -175.3 39.4 15.5 20.6 20.3
0.4 10.6 5.7
374.8 43.9 5.4 -6.3 0.5 1.5
1777.6 -50.1 -17 -56.2 -18.5 2.8
2245.4 -179.5 38.9 21.7 26.3 21.8
0.5 12.1 7.6
374.3 43.3 5.4 -6.3 0.3 1.3
1771.2 -59.1 -20.9 -55.9 -14.4 9
2222.6 -196.1 54.6 37.4 20.2 13.3
0.5 12.1 7.6
374.2 43.3 5.3 -6.2 0.3 1.3
1768.5 -61.9 -21.8 -53.2 -12.2 9.8
2218.7 -192.7 48.1 42.1 21.6 9
0.5 10.7 8
374.3 43 5.2 -6.3 0.1 1.1
1767.5 -66 -24.2 -54 -15.1 7.2
2224.2 -199.2 40.3 38 14.6 7.7
0.5 10.1 7.2
374.7 42.8 4.9 -6.3 0.1 1.1
1769.7 -66 -25.4 -55.8 -18.5 3.6
2234.1 -202.9 35.2 34 12.4 7.5
0.5 9.6 6.8
375 42.8 4.9 -6.4 0.1 1
1774.4 -64.9 -25.3 -57.6 -23.3 -0.7
2249.6 -208.4 28.9 30.4 10.6 8.6
0.5 9.2 5.6
375.5 42.7 4.7 -6.4 0 0.9
1779.3 -62.8 -24.9 -59.3 -26.8 -4.2
2264.8 -211.9 24.8 25.4 9.3 9
0.5 8.3 4.7
376.1 42.7 4.6 -6.5 0 0.9
1786.2 -59.7 -23.5 -59.7 -30 -7.3
2285.9 -215.4 17.6 20.3 7.2 11.3
0.5 6.9 4.3
376.6 42.7 4.7 -6.6 -0.1 0.9
1794.2 -54.7 -20.6 -59.7 -33.6 -11.4
2308.6 -216.5 10 12.7 4.3 12.4
0.5 6.4 4.2
377.3 42.7 4.4 -6.8 -0.2 0.9
1801.2 -51.6 -18.9 -59.4 -35.5 -13.7
2332.5 -217 1.8 4.1 0.3 12.9
0.5 6.2 5.8
377.9 42.7 4.5 -6.7 -0.2 0.8
1808.8 -48.3 -15.6 -57.7 -36.6 -16
2358.4 -216.9 -6.4 -4.1 -3.4 13.2
0.5 5.9 8.3
378.6 42.9 4.4 -6.8 -0.3 0.8
1816.5 -44.4 -12.4 -55.6 -37.1 -17.1
2386.5 -213.2 -16 -14.4 -9.7 12.6
0.5 5.8 9.7
379.4 43.1 4.2 -6.9 -0.3 0.7
1823.2 -40.5 -9.9 -53.4 -37.2 -17.9
2412.2 -206.1 -25.2 -23 -15.5 11.1
0.5 5.6 11.8
379.8 43.2 4.4 -6.9 -0.4 0.7
1828.3 -37.7 -6 -51.8 -36.8 -18
2430.9 -200.8 -26.8 -34 -21.4 11.9
0.5 5.1 12.3
380.5 43.5 4.2 -7 -0.4 0.6
1834.4 -34.3 -3.3 -49.1 -36.1 -18.1
2454.6 -193.2 -32.5 -38.7 -25.9 7.5
0.6 4.6 12.9
381.1 43.8 4.2 -7 -0.4 0.7
1840.2 -31.9 -0.5 -46.9 -35.2 -17.9
2479.2 -186.6 -37.5 -46.3 -30.6 4.9
0.6 4.6 12.9
381.3 43.9 4.4 -6.9 -0.3 0.7
1843.4 -30.1 1.9 -44.7 -33.8 -18.2
2489.3 -183.3 -38 -44.7 -27.5 2.4
0.6 4.4 14.6
381.9 44.2 4.2 -7 -0.2 0.7
1847.8 -28.3 3.9 -43.2 -32.4 -17.9
2508.2 -178 -41.7 -49 -26.5 1.2
0.7 4 14
382.1 44.3 4.4 -7 -0.1 0.8
1850.5 -29.2 5.9 -41.6 -31.7 -17.5
2515.7 -183.4 -37 -45.1 -25.3 0.8
winner is: 11
