Regression analysis information for: KLH057a_0969
number of formants: 3
number of coeccicients: 5
0.9 5.6 4.4
410.2 -7.3 -6.6 -5.5 -3.1 -1.8
1079.7 -26.6 -1.1 -31.4 -8.9 -12.6
2026.5 -41.7 -44.7 -9.4 -21.4 -2.9
0.9 5.4 4.4
410.6 -7 -6.3 -5.3 -3.1 -1.8
1081.5 -25.1 -0.4 -31.8 -9.6 -13.7
2028.9 -38.3 -42.6 -7.7 -20.5 -2.9
1 5.1 4.3
411 -6.8 -6.2 -5.2 -3.1 -1.8
1083.2 -23.7 -0.7 -32.2 -9.8 -13.7
2031.1 -36.3 -41.6 -6.4 -19.7 -2.4
1 5.2 3.6
411.6 -6.3 -5.7 -4.9 -2.9 -1.6
1085.9 -21.7 0.2 -33.4 -10.4 -14.1
2035 -31 -37.7 -3.6 -17.3 -0.9
1 5.2 3.1
412.3 -5.7 -5.3 -4.7 -2.8 -1.6
1088.7 -19.3 0.7 -34.5 -11.4 -14.7
2038.9 -26.1 -34.4 -0.9 -15.3 0.2
1.1 5.2 3
412.9 -5.4 -5 -4.5 -2.7 -1.5
1091.6 -17.6 0.7 -35.9 -12 -14.8
2042.7 -22.5 -32 1.1 -13.9 1.2
1.1 5.4 2.5
413.8 -4.7 -4.4 -4.2 -2.6 -1.3
1095.4 -14.7 1.3 -37.7 -13.3 -15.6
2047.8 -16.3 -27.8 4.5 -11.2 3
1.2 5.6 2.6
414.7 -4.1 -3.9 -4 -2.5 -1.2
1099 -12.3 1.2 -39.8 -14.3 -15.9
2052.5 -11.7 -24.5 7.2 -8.8 4.6
1.2 5.8 3
415.9 -3.3 -3.2 -3.5 -2.3 -1
1103.4 -9 1.6 -41.5 -15.6 -16.5
2059 -4 -19 12.5 -5.1 7.4
1.3 6.1 4.6
417.2 -2.4 -2.5 -3 -2.1 -0.8
1108.4 -5.8 1.9 -44.3 -17.3 -17.2
2065.5 3.1 -14.1 16.9 -1.5 10
1.3 6.6 5.7
418.6 -1.4 -1.8 -2.6 -1.9 -0.7
1113.6 -2.2 1.4 -47.7 -19.4 -18.1
2071.7 9.4 -9.9 20.7 1.1 12
1.4 7 6.1
419.9 -0.6 -1.2 -2.3 -2 -0.7
1118.7 1.3 1.3 -51 -22.1 -19.7
2076.5 13.1 -8.2 22.6 1.9 12.2
1.4 7.8 6.9
421.7 0.5 -0.3 -1.9 -1.8 -0.4
1124.8 5.2 0.8 -55.6 -25 -21
2082.1 17.6 -5.8 24.6 3.2 13.1
1.5 8.6 6.9
423.3 1.6 0.2 -1.7 -1.8 -0.6
1130.8 9.8 -0.6 -60.6 -28.6 -23.1
2086.6 20.6 -5.1 25.6 3.2 12.3
1.6 9.7 6.9
425.2 2.4 0.6 -1.7 -1.9 -0.6
1138 14.4 -2.1 -67.3 -33 -25.2
2091.4 22.8 -5.5 25.6 2.8 11.6
1.8 10.3 6.8
427.7 4 1.9 -1 -1.4 -0.3
1145.6 19.8 -3.3 -73.4 -36.7 -27.3
2096.9 25.7 -4.3 27.2 3.4 11.5
1.9 11.3 6.9
429.4 3.7 1.8 -1.1 -1.4 -0.1
1151.7 22.4 -6.2 -79.8 -39.6 -28.6
2100.7 25 -6 27.4 3.1 11.1
2.1 12.8 7.2
432 4.3 2.5 -1 -1.1 0.5
1159.9 27.5 -9 -88.7 -44 -30.3
2105.3 25.8 -7 27.7 3.3 11.1
2.5 14.9 6.8
435 4.9 3 -1.1 -1.1 0.8
1170.4 36.5 -13.6 -101.7 -51.7 -34.3
2110.8 27 -7.8 27.9 2.5 10.4
3 17.7 6.8
438.3 5 3.6 -1.4 -1 1.5
1181.7 47 -19.4 -117.6 -60.1 -38.5
2115.9 27.7 -9.3 28.1 2.2 10.1
winner is: 7
