Regression analysis information for: KLH057a_2192
number of formants: 3
number of coeccicients: 5
16.8 35.4 43.2
501.1 74.5 -7 20.4 -7.4 19.3
1090.6 8.5 29.4 19.7 3.7 -4.1
2081.2 31.8 18 -33.3 20.8 -12
17.4 36 29.7
503.9 72.4 -8.5 21.5 -8.2 19.4
1095.7 3.3 29.2 19.8 5.9 -6.5
2092.4 13.8 28.4 -32.7 12.4 1.1
17.7 36.3 26.2
506.2 70.8 -9.7 22.3 -8.1 19.6
1099.6 -0.2 28.6 20.1 7.5 -7.7
2097.3 6.8 33.1 -32.8 9.3 7
17.8 36 20.6
507.7 69.8 -10.5 23.4 -7.6 18.7
1103 -3.4 28.7 20.5 9.6 -9.9
2102.8 -0.4 36.8 -31.4 4.2 15.2
17.1 34.7 20.4
508.8 68.3 -10.8 24.4 -6.8 18.3
1105.5 -6 28.6 21.4 10.5 -10.1
2104 -0.1 36.3 -30.5 4.5 15
16.2 33 20.1
509.3 67 -11.1 24.3 -5.6 17.5
1107.2 -7.8 28.4 21.7 11.4 -10.2
2105.5 0.3 35.8 -29.4 4.8 15.4
15.6 31.5 19.6
508.4 65.8 -11.2 24.6 -4.7 16.2
1107.3 -9 28.2 22.6 11.8 -10.2
2106.7 0.3 35.7 -28.3 4.7 16.2
15.2 29.5 19.3
507.5 64.2 -11.8 23.1 -3.8 15.1
1107.1 -10.6 28.2 21.6 12.5 -10
2107.8 0.5 35.5 -27.4 5.2 17.1
14.3 27.4 19
505.7 63 -12.5 20.9 -3.8 12.9
1105.9 -11.1 28.2 20.1 12.5 -10.6
2108.6 0.8 35.6 -26.6 5.3 17.9
13.6 24.8 18.7
501.5 58.5 -17.2 15.4 -6.2 8.2
1102.7 -12.5 25.4 16.6 11.8 -13.2
2109.2 0.4 35.5 -26.2 5.6 18.4
11.6 23 18.7
498.6 55.8 -18.5 11.7 -8 5.2
1099.9 -13 25.7 13.5 11.2 -14.2
2109 0.4 36.2 -26.3 6 18.8
11.4 21.1 18.9
494.8 52.3 -22 6.2 -11.4 0.2
1096 -14.7 24.2 7.9 10.2 -19
2108.1 -0.5 35.9 -27.8 5.5 17.5
11.5 19.9 18.8
491.8 50 -22 1.8 -13.5 -1
1092.5 -16.4 26.9 1.3 9.1 -19.8
2105.7 -2.8 36.3 -31.9 3.7 17
11.8 19.9 18.5
490.4 50.1 -22.3 0.1 -13.7 -2.7
1090.2 -14.8 26.9 -1.4 10.2 -22.3
2103.7 -3.1 35.9 -34.6 3.5 14.2
11.7 20.4 18.1
489.8 50 -21.8 -1.4 -13.5 -3.7
1089.9 -15.7 29 -4.8 12.5 -24.8
2102.1 -3.7 36.1 -37.6 3.8 11.6
11.4 22.2 18.1
489.3 50.6 -21.2 -1.6 -13.8 -4.9
1089.3 -15.4 29.9 -5.7 13.1 -26.9
2100.6 -3.7 36.5 -38.4 3 9.2
11.5 23.2 17.9
489.7 50.9 -20.9 -2.1 -14 -5.4
1090.1 -16.3 31 -7 14.1 -28.1
2100.6 -3.6 36.5 -39.2 2.7 8.4
11.6 24.9 17.7
490.1 50.9 -20.8 -2.7 -14.2 -5.8
1091.4 -18.2 32.6 -9 15.5 -29.9
2100.5 -4 35.7 -40.3 1.5 7.6
11.5 26.6 17.4
491.1 51.5 -20.6 -3.1 -14.4 -6.2
1092.8 -19.4 33.6 -10 16.6 -31.2
2101.5 -2.7 35 -39.5 1 8.2
11.4 29.3 16.6
492.1 52.3 -20 -3.2 -14.3 -6.5
1094.8 -21.8 36 -12 18.6 -33.2
2102.4 -0.7 34.7 -37.7 -0.1 9.9
winner is: 13
