Regression analysis information for: KLH057b_1778
number of formants: 3
number of coeccicients: 5
5.1 9 3.4
363.9 -42.3 -50.3 -11.3 -1.6 2.2
1279.3 -107.5 4.4 -37.5 -15.4 -2.1
2182.5 -32.1 37.6 -20 1.9 -3.1
4.5 8.8 3.6
363.5 -41.3 -48.2 -10.2 -1.5 2.5
1276.9 -108.7 8.3 -36.7 -16 -2.2
2179.5 -36.3 38 -17.7 4.2 -2
4.8 9.1 4.3
362.7 -41.8 -47.9 -9.5 -1.9 2.3
1274.3 -110.2 10.9 -35.6 -15.4 -3
2175.7 -41.4 40.9 -13.6 9.1 -2.2
5.5 9.2 5.1
361.7 -41.6 -49 -9.4 -3.4 2.1
1273.3 -110.1 12.4 -34.3 -15.8 -3.6
2175.1 -46.7 46.6 -12.5 13.6 -3.7
6.1 9 4.5
360.9 -42.2 -50.1 -10.3 -4.9 1.4
1272.3 -108.8 13.2 -34.6 -16.3 -3.7
2175.4 -46.8 50.4 -13.6 14.3 -5.2
7.6 9.4 4.5
359.9 -44.3 -51.8 -12 -7.1 0
1272.2 -108.5 14.3 -35.4 -18.2 -3.2
2175.7 -43.9 52.5 -15.5 11.8 -7.2
8.2 9.2 3.9
359.3 -45.2 -53.5 -13.2 -8.6 -0.8
1273.3 -108.3 13.7 -34.8 -20 -2.9
2178.2 -42.4 53.6 -17.3 9.4 -8.6
9.7 9.1 4
358.3 -47.8 -56 -15.2 -10.6 -2.4
1274.8 -108.5 12.5 -34.7 -21.5 -2
2181.5 -39.7 52.7 -19.1 6.2 -8.7
13.3 9.5 4.2
355.4 -53.7 -62.3 -20.7 -16.2 -6.8
1276.4 -107.9 11.2 -35 -23.6 -2
2186.1 -34.6 53.3 -21.7 1.5 -10.7
16.4 9.3 4.2
352.9 -59 -68.5 -26.3 -21.2 -10.9
1278.7 -106.1 8.9 -35.4 -24.5 -2.8
2191.7 -27.8 51.7 -25.8 -2.3 -13.1
68.8 83.4 85.2
412.5 55.1 45.8 81.2 83.9 83.5
1345.8 20.5 131.3 81.5 88.4 98.9
2255.9 92 161.1 75.8 94.9 76.3
69.7 84.2 86.5
411.7 53 42.8 79.5 82.9 83.1
1348.5 21.7 128.4 81.9 87.8 97.8
2262.3 99.6 159.5 73.6 91.3 72.9
71.1 85 88
409.8 47.6 37.5 75.6 80.5 82.3
1353.4 21.3 126.2 81.4 86.8 98.1
2273.3 107.3 159.9 70.8 86.6 73.4
73.6 85.7 89.2
405.2 36.8 27.8 69 76.3 80.2
1357.8 20 123 82.2 86.3 97.9
2283.4 114.1 160 70.6 83.4 73.2
71 83.5 87.8
462 144.2 123.8 148.7 135.1 113.5
1422.6 134.2 222.2 168.8 147.5 132.6
2346.9 224 252.6 148.4 137.5 106
72.7 84.7 89.8
460.8 139.4 119.5 147.2 135.4 114.5
1428.8 133.1 217.8 169.7 147 133.1
2360.3 232.8 251.8 145.9 133.3 107.9
75.8 85.8 90.9
459.2 133.9 114.4 145.8 136.4 116.9
1435.6 132.6 211.9 170.4 145.7 133.2
2373.9 242.3 247.7 139.6 124.5 106.7
80.2 86.9 92.1
456.7 126.9 107.8 143.5 137.3 119.9
1442.6 131.7 205.7 171.2 144.5 132.8
2387.4 251.1 245.3 134.3 117.5 105.2
64.9 72.7 70
507.7 220 175.1 181.3 134.7 81.7
1503.8 234.2 273.6 210.9 138.2 89.9
2449.2 353.5 305.8 161.1 102.8 66.5
67.8 74.4 69
505.7 214.2 170 181.2 137.4 85.6
1511.4 234.6 267.2 212.9 135.8 87.6
2463.4 366.7 305 157 92.7 61.1
winner is: 2
