Regression analysis information for: KLH057a_4346
number of formants: 3
number of coeccicients: 5
16.9 19.1 80
445.7 -27.7 -18.6 6.8 -28.5 26
1335.5 83.3 91.8 -22.8 31 22.2
2159 -139 -62.1 -183.7 -37.8 38.9
17.2 19.3 69.8
445.9 -27.1 -19.8 7.3 -28.1 26.6
1336.2 82.7 91.9 -23.4 31.4 21.8
2173.1 -139.8 -61.3 -162.1 -41.2 29.3
17.1 20.6 70.2
445.1 -25.3 -22.3 8.7 -27.5 26.6
1336.7 82.9 89.3 -21.3 30.7 22.7
2182.8 -132.3 -83.8 -121.8 -60 29.3
16.6 20.1 50.2
444.6 -24 -23.3 8.5 -25.6 25.3
1337.7 82.6 89.7 -21.2 32.7 22.3
2204.6 -145.3 -72.1 -111.5 -45.6 7.9
15.4 21.1 65.5
441.3 -18.1 -28.3 11.2 -24.1 22.2
1336.1 87.2 84.1 -15.1 31.2 24
2204.4 -113.9 -106.6 -61.3 -62 7
15 19.1 56.2
440.6 -17.1 -29.3 11.4 -22.2 20.7
1337.7 85.4 85.1 -15.8 36.8 21.1
2211 -104.4 -108.4 -49.8 -43.4 -9.8
14.3 18.1 44.9
440.4 -16.3 -30.3 12.5 -21.9 19.4
1338.5 85 84 -13.6 37.3 20.1
2224.7 -114.3 -89.4 -51.5 -35.8 -7.6
14.2 16.9 31.1
440.4 -16.5 -30.7 13.7 -21.7 18.6
1339.4 85 83.1 -10.5 39.2 19.3
2238.2 -117.4 -70.2 -44.3 -26 3.5
13.9 16.2 21.7
440.5 -16.8 -30.3 14.7 -22 18
1340.5 83.9 83.9 -8.4 40.7 18.9
2252.3 -119 -44.5 -42.6 -3.7 9.3
13.7 15.7 20.7
440.4 -16.8 -30.7 16 -22.2 17.1
1341.5 82 84.1 -6.3 41.5 18.3
2256 -111.3 -38 -34.1 5.2 18.8
13.3 15.2 20.5
440.5 -17.4 -29.7 16.6 -22.5 16.8
1342.5 80.8 85.9 -5.1 42.6 18.7
2263 -97.5 -24.9 -20.3 18.4 29.7
12.7 14.8 20.3
440 -16.8 -29.4 18 -23.4 15.7
1342.8 82.2 86.5 -2.4 40.8 18.3
2273.1 -79.6 -9 -7.6 28.3 36.2
12.1 14.7 20
439.5 -16 -28.9 18.2 -23.5 14.6
1343.8 82.2 90.3 -2.8 40.7 16.1
2283.9 -59.8 8.4 4.9 35.3 38.4
11.3 14.8 18.5
438.6 -14.4 -29.2 19.1 -24 13.4
1342.5 88.2 89.2 1.1 37.1 15.3
2292.2 -44.2 21.6 13.5 38.1 37.9
10.6 13.8 18
438.4 -13.4 -29.5 19.5 -24.1 12.6
1342.9 90.9 89.3 2.3 35 14.5
2296 -37.5 25.5 13.9 34 32.5
10 13.5 18.5
438.1 -12.6 -29.2 19.5 -24.2 11.9
1343.7 93.5 91.1 2.3 33.4 12.2
2299.5 -31.4 29.5 13.1 28.1 25.1
9.2 13.1 16.4
437.7 -11.2 -29.4 19.3 -23.7 10.4
1344.3 97.1 92 1.9 33 8.9
2301 -29.4 30.9 11.5 24.5 21.5
8.7 13.3 15.3
437.4 -9.9 -29.8 19.2 -23.4 9.1
1344.6 100.3 92.3 1.4 32.3 5.2
2302.5 -27.1 32.4 10.5 20.7 17.6
8.1 13.6 15
436.7 -8.2 -29.7 18.3 -22.6 7.8
1343.8 105.5 93.3 -0.9 33.1 0.9
2303.4 -24.8 34.5 8.5 17.4 14
7.8 16.1 14.7
436.3 -6.4 -30 17.6 -21.7 6.1
1343.9 111.8 93.6 -3.1 35 -5.8
2305.6 -21.5 36.1 5.6 14.1 9.2
winner is: 19
