Regression analysis information for: KLH057a_2867
number of formants: 3
number of coeccicients: 5
3.3 6 5.4
343.4 -3.4 -71.9 -10.7 -5.9 1.8
953 -40.4 26.9 13.4 4.3 1.3
2063.1 -5.6 -20.4 10.9 -13.1 13.5
3.9 6.8 3.8
343.9 -2.2 -71.4 -10.7 -5.7 1.8
954.9 -38.3 28.8 15 6.1 2.3
2067.9 4.7 -8.6 17 -2.8 17.9
3.7 7.3 4.9
344.2 -3 -71.4 -9.9 -5.1 2.2
956.5 -36.8 31.1 17.7 8.8 3.9
2071.1 5 -1.6 17.7 3.5 18.4
3.8 8.5 7.1
344.8 -2 -71.1 -10 -4.7 2.2
959.2 -33.9 33.8 19.8 11.7 5.4
2074.4 5.8 4.7 16.5 8.8 16.9
3.9 9.4 8.2
345.7 -2.2 -71.3 -9.4 -4.4 2.4
961.9 -32.2 35.5 22.7 14.4 6.8
2079.2 2.4 8.6 17.5 12.4 16.2
3.8 10.3 9.1
346.2 -2.4 -71.4 -8.9 -3.4 2.5
964.3 -29.8 37.4 24.7 16.7 7.8
2083.5 0 12.7 16.7 16.7 14.3
3.9 11.1 10.2
347.1 -1.9 -71.3 -9.1 -3.7 2.5
966.6 -28.7 38.9 25.8 18.5 8.8
2088.4 -4.4 17.4 14.8 19.3 13.1
3.8 11.3 10.1
347.9 -2.4 -71.9 -8.7 -3.1 2.6
969.2 -27 39.9 27 19.9 9.1
2094.1 -7.5 20.8 14.2 21.9 11.3
3.8 12 10.6
348.7 -2 -71.7 -8.8 -3.1 2.5
971.3 -25.3 41.5 28 21 9.6
2098.4 -9.1 24.5 12.9 23.3 9.7
3.9 12.3 11
349.6 -1.4 -72.4 -9.1 -3.1 2.3
973.8 -24.3 42 28.6 22.6 9.8
2103.7 -11.9 26.9 11.7 25.7 7.6
4 12.1 10.6
350.4 -1.8 -72.9 -8.8 -2.9 2.2
975.2 -23.7 42.1 28.8 22.6 9.2
2107.8 -13.5 28.4 11.4 26.3 6
3.8 11.8 11
351.3 -1.2 -73.7 -9.3 -2.8 1.9
976.1 -25 40 27.8 22.5 8.1
2111.5 -16.5 27.8 9.9 27.7 3.7
3.7 12 11
352.2 -1 -74.6 -9.6 -2.7 1.8
977.4 -24.9 39.4 27.7 23.2 8
2114.8 -17.9 27.7 8.7 29.1 2.1
3.5 11.8 10.6
352.6 -1.6 -75.1 -8.9 -2.4 1.5
978.4 -24.5 39.7 28.5 23.2 7.3
2118.2 -19.6 29 10 29.2 0.2
3.5 11 10
353.6 -1 -75.9 -9.5 -2.9 1.2
978.5 -26.6 37 26.8 21.7 5.9
2120.5 -22.4 26.4 8.2 26.9 -1.8
3.3 11.4 9.4
354 -1.4 -76.3 -8.8 -2.4 0.9
979.6 -25.7 37.6 28 22.1 6.2
2123.3 -22.3 27 10.8 26.4 -2
3.3 11.8 9.7
355 -1.1 -77.5 -9.3 -2.7 0.8
980.8 -25.1 37.7 28.9 22.8 6.6
2126.8 -21.8 26 11.6 25.1 -2.7
3.2 11.6 9.5
355.7 -0.3 -77.9 -9.9 -2.9 0.6
980.9 -26.7 36.6 28 22.3 6.2
2129.3 -25.1 26.3 9.3 24.1 -3.8
3.1 11.8 9.6
356.4 -0.6 -78.6 -9.9 -3.2 0.6
981.8 -26.1 37.3 29.1 22.9 6.9
2132.7 -25.6 27.3 10.5 22.8 -3.5
3.3 12.2 9.5
357.7 -0.2 -79.8 -10.7 -3.6 0.7
982.1 -26.8 37.6 30.1 24.1 7.7
2136.8 -27.7 27.5 9.5 21.6 -4.1
winner is: 2
