Regression analysis information for: KLH057b_1783
number of formants: 3
number of coeccicients: 5
2.5 18.9 31.8
398.3 -31.7 19.7 0.1 8.4 -7.5
1797.9 38.3 -110.8 8.4 -8.1 14
2504.9 209.1 -104.5 18.6 -56.8 0.1
2.5 20.3 33.4
397.9 -31.9 20.6 -0.4 8.5 -7.3
1800.8 39.1 -114.2 9.6 -5.1 11.5
2511.9 206.6 -110 19.7 -53.1 -2.2
2.5 21.6 34.4
397.5 -32.2 21.1 -0.6 8.6 -7.4
1801.5 37.8 -116 9.2 -3.1 10.9
2517.1 206.4 -110.6 18.4 -51.4 -3.5
2.5 25 38
397.2 -32.5 21.8 -1.1 8.7 -7.4
1801.9 37.4 -119.5 7.3 1.3 9.6
2522.9 206 -115.3 17 -43.2 -7.9
2.5 27.1 38.5
397 -32.7 22.2 -1.2 8.9 -7.6
1799.9 38.3 -118.3 4.2 4.6 11.6
2522.5 209.8 -114.8 9.3 -37.5 -8.3
2.6 28.2 39
396.8 -32.7 22.4 -1.2 8.8 -7.7
1798.3 37.3 -118.1 2.3 5.9 13
2521.5 213.5 -117.3 5.4 -33.5 -9.9
2.6 28.3 39.1
396.9 -33.1 22.8 -1.4 9 -7.8
1797 37.3 -116.7 1.3 6.4 14
2522.4 213.1 -117.2 1.3 -29.8 -9.5
2.6 27.9 36.6
396.9 -33.1 23 -1.3 8.9 -7.8
1797.6 36.4 -114.7 2.6 5.8 14.6
2525 207.9 -114 0.4 -31.4 -6.4
2.6 26.9 34.4
397 -33.4 23.3 -1.4 9 -7.9
1798.3 34.8 -113.7 5.7 4.6 13.6
2526.7 204.1 -113.1 2.3 -32.5 -7.4
2.6 25.5 32.6
397.2 -33.7 23.6 -1.4 9.1 -8.1
1800.2 34.3 -111.8 9 2.7 12
2530.1 198.8 -109.3 5.4 -34.2 -8.1
2.6 23.5 30
397.3 -33.8 23.8 -1.4 9.1 -8
1802.2 31.9 -110.9 14.8 3.2 11.4
2535 190.5 -106.1 9.9 -37.2 -7
2.6 21.9 29.7
397.7 -34.3 24.2 -1.6 9.3 -8.1
1803.7 32.6 -106.9 14.9 2.1 12.9
2539.4 182.6 -95.7 7.6 -39.4 -1.4
2.7 20.6 29.7
398 -34.6 24.6 -1.7 9.4 -8.2
1808.5 31.9 -106.8 19.7 1.3 10.9
2547.2 172.9 -91.9 12.6 -42.2 0.2
2.7 19.5 28.9
398.4 -35 25 -1.8 9.5 -8.4
1814.6 29.6 -106.6 25.5 -0.4 8.9
2558.9 159.1 -87.1 17.2 -47 3
2.8 17.9 29.9
399 -35.8 25.4 -2.1 9.7 -8.4
1819.7 26.6 -108.5 28.1 -4.1 8.4
2570.7 143.5 -83.1 19.8 -55.5 11
2.9 17.1 31
399.4 -36 25.7 -2.1 9.6 -8.4
1828 25.5 -109.6 33.9 -6.4 6.8
2585.6 130.1 -81.3 25.8 -62.9 17.6
3 16 32.6
399.9 -36.5 26.1 -2.2 9.6 -8.5
1836.5 24.4 -111.8 39.5 -9.5 3
2600.4 116.8 -80.3 32.2 -70.4 20.9
3 15.1 33.8
400.6 -37.1 26.6 -2.2 9.7 -8.4
1846.2 25.4 -114.2 45.5 -10.8 0.7
2616.3 105.9 -81.1 38.7 -76.2 26
3 14.4 34.5
401.1 -37.3 26.8 -2.2 9.5 -8.4
1856.4 27 -116 51.4 -12.6 -2.2
2631.2 96.8 -82.6 44.6 -81.4 29
3.1 13.8 34.1
401.8 -37.6 27.2 -2.2 9.6 -8.5
1867 29.6 -118.3 57.1 -13.4 -6
2645.8 89.2 -85.3 50.2 -84.3 29.2
winner is: 15
