Regression analysis information for: KLH057a_2644
number of formants: 3
number of coeccicients: 5
6.2 75.2 68
426.2 71.6 -64.3 18.4 -10.6 -6.7
1343.1 188.8 -27.8 1.4 80.4 -79.6
2106.3 164.8 -4.4 -15.1 78.8 -60.1
5.9 65.9 65.9
426.8 70.6 -64.6 20.1 -11.5 -7.4
1347 184.3 -28.8 8.1 71.9 -76.5
2106.1 165.8 -5.2 -15.6 77.7 -58
11.4 71.3 65.3
422.9 75.1 -62.7 13.4 -4.8 -8.3
1341.5 191.6 -24.7 -2.1 78.9 -75.5
2103.8 169.2 -5 -17.6 77.6 -58
6 50.6 61.3
427.1 69.4 -64.9 21.9 -11.7 -8.5
1360.6 167.6 -31.6 30.6 44.6 -68.3
2120.2 149.9 -12.1 9.1 48.7 -51.4
6 48.5 61.2
426.8 68.9 -64.5 22 -12 -8.2
1364 164.2 -32.1 34.3 41.1 -67
2123.6 147.8 -13.5 10.6 47.5 -50.5
6 41.9 59.6
427.2 67.7 -65.2 23.6 -13 -8.6
1366.7 160.1 -28.6 36 34.3 -60.2
2122.7 150.3 -10.7 4.3 50.5 -47.5
6.3 42.9 54.6
427.5 67 -65.9 24.7 -13.7 -8.8
1373 151.2 -27.7 44.2 23.1 -53.6
2127.6 145.1 -9.6 7.6 45 -42.5
6.6 41.6 54.2
427.2 66.5 -66.2 25.2 -14.7 -8.1
1375.3 148.6 -27.3 45.2 22.3 -52.8
2141.6 129.5 -12.5 24.9 26.4 -34.4
7.1 40.6 52
426.9 66 -66.9 26.4 -16 -7.4
1377.1 146.1 -26.7 45.7 23 -52.9
2144.3 128.4 -11.9 22.8 28.9 -34.6
7.8 39.9 50.8
426.3 66.3 -67.7 27.4 -17.2 -6.3
1379.6 142.7 -27 47.1 23.3 -53.4
2148 125.4 -11.3 22.9 29.5 -34.3
9 39.4 50
424.9 67 -68.6 28.3 -19.9 -4
1383.3 138.2 -28.7 49.7 22.7 -54.1
2152.7 122 -12.2 24.2 30.6 -34.5
9 38.8 50
423.7 67.3 -67.4 27.2 -20.3 -2.8
1387 133.2 -31.5 54.4 22.3 -55.4
2156.8 119.2 -14.4 26.4 30.5 -34.5
10.4 38.6 51.5
422.4 68.3 -68.6 29.7 -23.8 -1.1
1389.3 129.1 -32 56.8 21 -55.3
2158.9 117.3 -12.8 25.2 28.8 -30.4
49 66.6 86.3
442.1 26 -27.5 -11.6 15.8 -41.3
1405.9 94.6 -5.6 34.2 43.9 -81.6
2162.4 92.2 32.6 -5 32.8 -45
48.5 68.6 95.5
440.4 27.5 -27.2 -12.4 15.1 -39.3
1407.5 89.7 -6.5 37.2 42.3 -82.8
2158 90.6 44.5 -8.8 22.5 -39.3
48 69.2 95.7
438.8 28.6 -26.3 -13.8 14.3 -36.4
1404 86.3 4.6 33.3 31.3 -73.2
2159.1 87.1 46.4 -10.2 23.2 -37.3
47.3 74.9 95.9
436.4 31.2 -26.3 -13.9 12.4 -33.3
1398.5 87.2 12.6 26.9 29.1 -72.4
2148.1 93.7 61 -28.6 28.4 -32.9
81.6 90.6 112.2
455.9 -9.6 14.8 -55.5 51 -70.7
1414.5 54 42.6 -1.3 50.1 -90.7
2162.7 62.3 91.9 -61.3 56.2 -54.9
80.5 88.9 111.1
454.8 -8.3 13.8 -54 49.1 -68.6
1414.5 49.5 49.6 -2.1 45.2 -82.1
2165.1 57.4 95 -66.2 62.8 -55.1
79 84.9 109.5
453 -5.5 12 -51.9 45.9 -64.4
1412.1 44.4 66.1 -11.5 32.8 -56
2160.8 56.5 104.3 -78.9 72.4 -53.2
winner is: 12
