Regression analysis information for: KLH057b_1361
number of formants: 3
number of coeccicients: 5
2.5 8.3 27
408.2 7.8 11.2 -4 5.9 -2.4
1389.1 -97.9 -34 -9.7 4.6 -8.6
2152.6 38.3 48.7 -44.3 39.2 -8
2.4 8.7 28.7
405.9 8.9 11.7 -3.6 4.6 -2
1386.7 -98 -32.6 -11.2 5.2 -7.3
2136.2 33.5 51.9 -49.9 54.4 -7.8
2.3 8.6 25.7
404.1 9.7 12.2 -3.2 3.5 -1.9
1383.4 -98.4 -30.7 -11.9 4.5 -6.5
2115.6 28.3 55.1 -50.4 65.5 -12.2
2.3 7.9 18.1
403.2 10.1 12 -3 2.8 -1.8
1381.5 -98.5 -29.9 -12.8 3.8 -5.4
2099.4 24.6 48.2 -56.6 66.9 -16.8
2.3 7.3 12.6
402.6 10.7 12 -2.4 1.9 -1.6
1379.6 -97.7 -28.6 -12.2 1.7 -4.5
2088 31.7 47.7 -50.9 60.6 -19.8
2.3 6.8 11.7
402.2 11.3 12 -2.5 1.3 -1.3
1377.6 -96.6 -27.6 -13.7 -1 -3.1
2082 42.4 44.9 -57.7 48 -20.4
2.3 5.9 11.3
401.9 11.8 12.2 -2 0.5 -1.1
1376.3 -94.3 -25.5 -11.8 -5.1 -1.3
2075.5 62.7 46.7 -42.9 28.2 -17.4
2.3 4.9 14.3
402 12.3 12.4 -1.8 -0.1 -1.2
1375.6 -92.6 -23.8 -10.7 -8.8 -1.9
2078.3 81 49.6 -36.3 10.6 -24.9
2.2 5 21
402.2 13.2 12 -1.5 -0.2 -1.3
1375.9 -88.8 -26.1 -8.8 -9.2 -2.5
2082.9 109.6 38.3 -26.8 5.5 -28
2.3 4.9 20.3
403 13.4 12.1 -1.1 -0.3 -1.4
1379.6 -88.1 -27.3 -6.4 -10.1 -3.7
2105.3 117.8 43.2 -22.8 -2.8 -27.2
2.3 4.7 18.9
403.9 13.8 12.1 -1 -0.8 -1.3
1383.3 -88 -28.2 -4.3 -12 -4.4
2132.5 127 48.7 -22.2 -17.1 -24.9
2.3 4.9 17.3
405.1 13.9 12.3 -0.6 -1.1 -1.2
1389 -88.2 -28.8 -2.1 -12.6 -5.1
2166.5 134.4 59.4 -20.4 -30.5 -22.1
2.3 5 16.5
406.5 14 12.4 -0.3 -1.4 -1.2
1395.2 -89.1 -30.1 0.6 -13.3 -6.8
2207 142.8 69.7 -18.3 -47.9 -19.1
2.3 5.5 13.5
408 14.1 12.6 0.1 -1.8 -1.1
1401.6 -90.7 -30.9 2.7 -13.8 -8.4
2253.2 148.4 84.3 -15.3 -70.5 -15.6
2.4 5.8 11.7
409.8 14.1 12.9 0.5 -2.1 -1.1
1409.1 -91.7 -32 4.8 -13.4 -10.5
2311.3 156.3 103.6 -12.2 -100.3 -11.8
2.4 5.7 11.1
411.7 14.2 13 0.9 -2.3 -1.1
1416.6 -93.2 -34 7.1 -11.7 -13.1
2380 160.9 123.7 -8.7 -133.6 -5.2
2.4 5.8 15.9
413.7 14.2 13 1.2 -2.3 -1.3
1424.4 -94.9 -36.8 8.4 -8.9 -16.4
2459.3 158.8 142 -9.2 -176.1 0.5
2.4 6 26.4
416 13.9 12.9 2 -2.3 -1.2
1433.4 -96.1 -40.2 11.1 -5 -19.2
2569.8 121.7 166.7 22.1 -246.6 33.4
2.4 6.1 42.4
418.1 13.3 12.3 2.3 -2.2 -1.5
1440.8 -99.1 -44.9 12.2 -1.1 -22.7
2690.8 37.4 172.8 47.4 -333.5 73.3
2.4 7.1 31.7
419.7 12.3 11.6 2.8 -1.2 -1.9
1447.5 -102.3 -49.3 13 5.4 -25.8
2767.3 -53.1 166.4 85 -314 63
winner is: 16
