Regression analysis information for: KLH057a_0714
number of formants: 3
number of coeccicients: 5
2 17.5 63.8
377.1 2.8 -13.3 0.7 3.8 5.6
1042 -56.7 -64.5 21.9 51 32.6
2080 1.9 41.9 -88.7 64.5 40
1.9 16.4 61.2
377.6 2.9 -13.8 0.5 3.9 5.4
1051.9 -59.7 -78.5 28.2 53.1 23.7
2082.5 1.7 37.6 -85.7 65.2 35.5
1.9 20.3 60.4
378.1 2.7 -13.9 1.1 3.5 5.1
1066.1 -72.6 -91 51.6 42.9 10.8
2091.6 -6.1 31.4 -74.2 60.6 30.6
1.9 33.5 71.2
378.7 2.7 -14.2 1.8 3.3 4.9
1086.8 -90.3 -112.3 84.7 30.2 -6.3
2103.1 -14.7 19.5 -57.6 57.3 21.8
2 39.7 62.9
379.2 2.4 -14.1 2.3 2.9 4.7
1098.7 -102.6 -117.3 102.2 16.7 -10
2114.9 -27.8 16.3 -42.3 42.4 25.2
2.1 40.1 32
379.5 2.3 -14.8 3 2.7 4.1
1105.4 -107.6 -127.3 115.7 12 -15.8
2146.7 -63.7 -14.6 18 4.9 1.2
2.4 42.5 17.9
380.1 2.3 -14.2 3.1 2.6 3.6
1111 -111.5 -124.6 118.2 9.8 -19.4
2163.5 -81.9 -16.9 38.6 -14.6 1.9
2.5 45.4 24.3
380.3 2.8 -12.9 2.7 2.6 3.2
1108.2 -110.2 -111.1 113.9 5.5 -21.7
2156 -69.4 -10.3 22.7 2.1 -7.3
2.5 41 18.7
380.9 2.4 -13 3.8 2 2.7
1116.4 -119.8 -114.1 130.1 -2.8 -26.2
2178.4 -97.9 -14.5 56.8 -34.7 8.1
2.7 43.5 17.5
381.3 2.6 -12 3.9 1.4 2.5
1117.9 -122.8 -104.8 131.4 -13.2 -25.1
2179.7 -97.8 -10.5 56.9 -36.9 7.4
2.9 44.7 15.9
382.1 2.6 -10.9 4.1 0.7 2.4
1124.8 -130.7 -94.4 135.4 -25.2 -21.3
2183.3 -100.6 -3.3 55.6 -39 7.7
2.9 44.9 17.7
382.6 3 -9.5 4 1 1.8
1125.9 -131.9 -86.1 133.8 -24.7 -26.2
2185.7 -102.6 2.5 56.2 -38.3 3.5
3 47 18.8
383.4 3.5 -7.9 3.7 0.7 1.5
1130 -135.7 -73.8 129.9 -30.5 -24.9
2188.7 -105.1 11.4 53.9 -40.7 3.1
3.3 46.2 18.9
384.2 4.2 -6 3.2 0.5 1.7
1132.7 -138.1 -56.5 120.2 -36.7 -12.4
2190.7 -105.8 21.7 48.7 -42.6 8
3.5 40.4 21.9
384.8 5.8 -4.1 2.2 1.1 1.6
1127 -127.3 -39.1 94.8 -25.6 -5.5
2189.8 -101.7 31.4 39.9 -40.9 13.1
3.6 40.2 20
386.5 6.5 -2.4 2 1.3 1.2
1138.6 -137.2 -29.5 90.1 -24 -7.6
2196.1 -105.3 36.9 37.8 -39.3 13.2
3.8 40.4 18.2
388.2 7.5 -0.9 2 1.6 1.3
1150.6 -146 -21.3 83.1 -20.1 -6.4
2201.6 -106.8 40 35.8 -36.9 15
3.8 42.4 17.2
389.8 8.6 0.2 1.8 2.1 1.4
1162.8 -154.7 -16.7 75.8 -13.5 -9.7
2207.1 -108.4 40.3 35 -34.5 15.2
3.8 39.5 15.5
391.6 10.7 1.5 1.9 2.8 1.2
1168.8 -152.8 -14.9 67.7 -3.9 -13.1
2210.8 -107 40.9 33 -30.3 14.5
3.8 41.1 13
393.7 12 2.6 1.2 3.4 1.2
1184.3 -165.7 -7.7 53.2 8.7 -19.5
2216.6 -109.4 41.3 30.4 -27 14.4
winner is: 20
