Regression analysis information for: KLH057a_5052
number of formants: 3
number of coeccicients: 5
3.3 3.3 38.4
433.8 -18.4 -27.8 -18.5 -6.1 6.2
1119.1 78.4 12.5 -7.4 -1.1 23.8
2051.9 47.8 40.4 26.6 90.2 57
3.6 3.3 41.5
438.8 -15.7 -29.6 -19.8 -5.6 7.4
1124.2 80.4 10.9 -9.4 -0.9 25.6
2115.4 112 23 -30.3 37.1 31.1
4.2 3.3 24.5
442.7 -14.5 -31.8 -20.5 -3.9 9.6
1128.4 81.2 9.2 -10.8 0.5 27.8
2145 133.2 3.8 -66.5 3.9 19.5
4.8 3.3 14.2
447 -12.3 -33.7 -21.4 -2.8 11.5
1131.8 82.3 7.7 -12.1 0.8 29.4
2165.4 151.1 2 -78.4 -21.8 -8.1
4.9 3 11.4
451.3 -9.6 -35.1 -23.9 -3.7 11.1
1133.6 79.5 5.1 -17.1 0.1 28.1
2170.1 152.2 1.3 -68.6 -12 -5.9
4.9 3.2 9.5
452.9 -10.3 -37 -23.1 -2 12
1137.2 83.4 6.1 -14.1 1.6 30.2
2175.1 144.2 -4.1 -67.3 -6.7 -4.2
4.5 2.9 8.4
455.5 -9.3 -37.3 -25 -4.4 9.7
1137.5 79.3 4.5 -18.6 -0.2 27.7
2180.6 147.3 -2.7 -60.9 -1.2 -4.2
4.7 2.9 7.8
454.8 -11.2 -37.8 -23.8 -3.7 9.4
1139.5 82.5 6.4 -15.6 0.6 29
2184.8 143.3 -4.5 -61.9 1.5 -3.2
4.1 3 8
456.5 -10.2 -36.9 -23.9 -5.9 5.4
1138.9 79.2 5.7 -18.7 -0.6 25.1
2189.1 147.9 -4.9 -55.7 6 -6.7
4.6 3 9
453.5 -13.7 -36.7 -22.8 -5.9 4.5
1138.5 80.7 8.1 -15.4 -1.1 25.3
2189.5 143.9 -4 -60.6 4.7 -7.7
4.2 3.3 10.2
453 -14.4 -33.4 -20.7 -9.2 0.8
1136.1 76 9.1 -16.4 -3.3 21.5
2188.7 145.1 -1.2 -55.5 -2 -12.3
3.5 2.8 10.3
450.7 -18.2 -33.6 -18 -6.5 1.5
1136 76.8 11.5 -11.5 -1.5 22.9
2190 138.6 -1.6 -59.4 -4.1 -14.2
3.3 3 9.8
451.4 -18.3 -31.8 -17.3 -8.1 -0.3
1134.2 71.5 10.9 -14 -2.8 20.1
2186.1 132.3 -4.1 -59.4 -11.5 -20.6
3.1 3.3 10.7
449 -22.9 -33.1 -15.4 -6.1 0.5
1133.5 71 11.7 -10.1 -1.2 21.7
2172.3 98.5 -25.9 -74.5 -20.7 -25.1
2.9 3.7 9
450.9 -21.6 -31.4 -14.7 -7.1 -0.8
1132.7 67.5 11.7 -12.1 -1.7 19.7
2177.4 106.7 -16.8 -62.8 -18.2 -28.3
2.8 3.5 8.4
449.8 -23.9 -32.6 -14.1 -5.4 0
1134.1 70.3 12.9 -9.5 -0.7 21.6
2177.7 100.3 -20 -65.7 -16.2 -27.8
2.7 4.1 8.3
452 -22.9 -31.4 -13.8 -6.4 -0.7
1133.5 66.7 12.2 -12.5 -0.9 20.2
2181.2 101.3 -19.2 -58.6 -15.7 -30
2.7 3.9 9.4
451.4 -25 -32.3 -13.7 -5.5 0.2
1134.8 69.4 13.8 -10 -0.7 22.3
2183 95.5 -19 -61 -15.9 -29.2
2.8 4.7 10.1
453.7 -23.8 -30.9 -13.9 -6.4 -0.1
1134.7 67.2 13.6 -13.4 -0.2 21.1
2193 107.2 -10.8 -49.8 -12.8 -29.1
2.7 4.8 9.6
454.6 -24.3 -30.8 -14.1 -6.3 0.3
1135.4 67.2 13.9 -13.8 0.3 21.5
2196.9 108.1 -8.1 -47.9 -9.7 -25.6
winner is: 16
