Regression analysis information for: KLH057b_1306
number of formants: 3
number of coeccicients: 5
5.4 13.1 19.2
392 25.6 -22.9 23.3 -7 3.6
916.3 -17.9 58.6 -1 5.8 18.3
2143.9 -18.5 -71.3 32 -14.7 17.9
5.3 12.7 19.3
391.9 25.2 -22.6 23.9 -6.4 3.5
915.9 -19.9 60.1 1.8 8.1 18.4
2145.7 -24.3 -67.5 36 -11 19.5
5.3 13 20.1
392.1 24.7 -22.3 24.2 -6.1 3.7
916.6 -20.7 61.7 3 10.1 19.2
2149.5 -31.8 -61 38.7 -6 22.5
5.4 13 19.7
392.4 24.6 -22.2 24.1 -5.6 3.4
918.2 -21 62.8 2.9 11.2 18.7
2154.5 -36.2 -55.7 36.1 1.4 19.5
5.3 12.9 19
393.1 24.2 -21.9 24.3 -5.2 3.3
920.6 -21.3 64.7 3.5 12.2 18
2165.5 -47.3 -48.5 37.2 5.1 19.1
5.3 13.2 18.5
393.9 23.7 -21.5 24.3 -5.1 3.2
923.4 -20.9 66.9 3.7 13.4 17.7
2177.5 -58.5 -38.5 36.9 8.4 19.2
5.3 13 17.3
394.8 23.5 -21.4 24.4 -5 2.8
926.2 -21.5 68.4 3.7 13 16.6
2190.7 -71.7 -31.7 36.5 8.7 16.1
5.2 13.4 14.9
395.9 22.7 -21.4 24.6 -4.7 2.8
929.6 -21.7 70.1 3.7 14.4 16.8
2209 -89.4 -22.6 33.7 14.6 17.6
5 14 11.9
397.2 22.7 -21.2 25.1 -4.9 2.7
933.5 -20.4 72.6 4.5 14.4 16.4
2229.3 -106 -8.5 30.5 18.8 14.2
5.2 15.8 12.6
398.2 24.4 -22.9 27.2 -6.5 4
937.8 -17.9 73.8 5.7 13 17.3
2258.4 -131.8 11.3 16.5 30.2 5.2
26.3 15.2 44.9
410 4.8 -3.5 7.9 12.5 -16.1
947.1 -23.7 85 -2.6 21.3 8.7
2298.3 -177.6 53.2 -18.3 61.3 -24.1
24 21.4 47.9
412 6.4 -4.9 9.7 11.2 -15.5
956.5 -28.6 95.8 -10.2 28.6 1.1
2328.3 -197.7 68.3 -26.8 67 -25.6
23.4 23.9 48.6
415.3 6.5 -4.7 10.1 11.5 -16.6
963.9 -27.4 102.6 -12.6 31.4 -1.4
2357.2 -213.2 79.7 -29.7 69.1 -22
23.5 25.7 50.6
419.2 5.8 -4 10.1 12.5 -18.6
970.4 -23.3 108.4 -13.3 33.1 -1.9
2383.5 -223.4 87.5 -28.8 70.1 -16
26.7 28.3 53.3
424.8 2.9 -1.3 7.8 16.9 -23.6
977 -17.7 115.7 -13.2 35 -1.7
2408.5 -229.2 93.4 -26.7 75 -11
23.4 30.4 56.3
426.6 8.1 -7.2 14.2 12.8 -20.7
981.7 -7.2 120.8 -9.7 33.6 3.1
2433.3 -234.9 98.8 -19.8 76.5 -0.4
23.8 41.6 63
431.2 9 -9.5 16.5 13.8 -22.7
985.5 -1.6 128.9 -8.1 38 11.8
2458.5 -239 105.9 -11.9 85.9 12
24.5 154 122.1
435.7 10.3 -13.3 19.5 15.4 -24.8
1079.8 166.8 224.2 -9.8 -56.5 -129.7
2551.8 -110.4 180.9 2.8 32.8 -90.9
25.4 151.8 110.4
440.8 9.6 -16.8 22 18.1 -27.6
1119.3 253.3 294.1 36.2 -40.8 -123.5
2582.8 -92.5 201.7 29 53.2 -78
25.3 143 87.2
444.6 9.5 -19.4 23.7 20.2 -29.8
1124 266.2 302.9 25.3 -56.8 -128.3
2616 -67.2 234.8 48.1 69.5 -73.1
winner is: 9
