Regression analysis information for: KLH057a_1862
number of formants: 3
number of coeccicients: 5
13.4 17.8 22.5
493.3 51.3 -46.9 -30.5 -12.9 2.9
876.2 63.7 1 -9.9 18.9 11.6
2280.4 18.7 -4.7 -12.6 1.9 0.7
12.9 16.5 17.2
490.8 46.8 -48.4 -29.5 -10.7 4.4
873.6 58.4 -2.1 -11.3 18.4 11.2
2285.8 15.5 -3 -9.6 -5.4 4.8
12.8 14.5 15.6
487.2 42.3 -50.7 -28.9 -8.7 6.5
868.1 51.5 -8.9 -15.8 14.7 8.9
2290.6 12.5 -2.2 -6.5 -12.9 9.2
12.2 13.9 15.9
484.6 37.9 -51.9 -28.2 -6.6 8.1
865.3 46.5 -11.9 -17.5 14 8.2
2293.8 9.7 -1.3 -5.2 -16.8 11.3
12.3 12.9 16.1
481.9 34.7 -53.4 -28.4 -5.9 9.4
861.3 41.3 -16.8 -21.5 10.7 5.8
2293.7 9 -2.2 -5.5 -17.9 12.2
12.6 13.1 17.1
479.8 32.8 -54.5 -28.5 -5.6 11.4
859.1 38.9 -18.8 -23.1 9.1 6.2
2291.9 8.6 -4.9 -4.9 -18.8 13.9
12.8 13 17.9
478 31 -54.9 -28.3 -4.5 12.3
857.8 37.3 -19.4 -24.3 9.6 5.9
2289.4 6 -7.4 -4.3 -17.7 16.2
12.4 12.8 17.5
476.9 30 -54.7 -28.9 -4.1 12.7
857 36.6 -19.3 -25.4 9.9 5.3
2287.2 3 -8.8 -5 -16.5 16.7
12.6 12.8 17.8
476.4 29.1 -54.5 -29 -3.4 13.2
857 35.9 -19 -25.8 10.3 5.3
2284.5 -0.4 -9.4 -3.9 -12.7 17.8
12.4 12.7 17.8
476.4 28.7 -54.6 -29.2 -3 13
857.3 35.5 -18.7 -26.1 10.8 4.9
2282.7 -2.1 -9.8 -3.5 -9.8 17
12.1 12.5 17.6
476.6 28.1 -54.6 -29.3 -2.3 13.2
857.8 35.1 -18.4 -26.1 11.2 4.9
2281.4 -5.8 -9.1 -2 -6.1 18.4
12 12.3 17.1
477.3 28 -54.7 -29.5 -1.6 13
858.4 35.1 -18 -26.2 11.7 4.7
2282.3 -6.3 -8 -2.6 -4.6 17.2
11.9 11.8 16
478 28.1 -54.5 -30.3 -0.8 12.6
858.9 35.3 -17.5 -26.6 12.6 4.4
2284.4 -6.3 -6 -4.5 -4.4 15.7
11.5 11.9 14.7
479.1 28.2 -54.2 -30.5 -0.5 12.3
859.4 35.5 -17.6 -26.1 12.3 4.8
2287.4 -5.8 -3.5 -6.3 -5.1 14.3
11.2 12.1 13.2
480.7 28.2 -54.1 -30.8 0.2 11.9
860 35.6 -17.5 -25.7 12 5.4
2291.5 -5.6 -0.6 -8.2 -6 13.1
10.9 12.6 12.9
482.8 28.1 -53.8 -31.2 1.3 11.1
860.3 35.8 -17.7 -25.2 11.2 6.4
2296.9 -4.9 3.1 -10.9 -7.5 11.7
10.5 13.3 13.5
485.5 28.3 -53.9 -31.7 2.3 10.4
860.1 36.2 -18.2 -24.3 9.7 7.8
2302.7 -2.8 6 -13.8 -10.3 9.7
10.2 14.6 15
488.9 28.4 -53.6 -32.4 3.7 9.5
859.1 36.7 -19 -23.3 7.5 9.9
2309.7 -0.7 10 -16.9 -13.6 7.6
10.2 16.6 16.6
492.7 28.4 -53.3 -33.3 5.1 8.1
857.3 37.6 -20.5 -22 4.6 12.7
2316.4 2.3 13.4 -20.4 -17.6 5.3
10.6 20.4 18.8
497.8 28.3 -52.5 -34.7 7.3 6
853.8 39.4 -23.3 -19.7 -0.1 17.1
2324.3 5.8 17.2 -24.7 -22.2 2.7
winner is: 16
