Regression analysis information for: KLH057a_0125
number of formants: 3
number of coeccicients: 5
8.5 28.1 30.7
376.1 90.7 22.1 -5.8 0.5 -13.5
1679.8 -345.2 -146.7 -70.6 -35.6 -15
2214.5 -171.9 -27.5 8.2 28.5 10
8.2 28.5 31.4
375.6 90.8 22.1 -5.7 1.1 -13.5
1680.8 -345.9 -146.2 -70.2 -35.6 -14
2216 -172.7 -28.1 8.8 28.6 10.3
8 28.5 32.3
375.2 91.1 22 -5.7 1.3 -13.8
1681.2 -347.3 -145.8 -70.4 -35.3 -13.2
2217.1 -173.5 -28.3 9.1 28.7 10.6
7.9 29.1 33.5
374.7 90.9 21.9 -5.7 1.6 -13.9
1681.4 -349.1 -145.7 -71 -34.9 -13.4
2217.8 -174.9 -28.4 9 29.5 10.5
7.9 29.2 34.3
374.3 91 21.8 -5.6 1.8 -14.1
1681.4 -350.9 -144.8 -71.3 -34.5 -13.5
2218 -176.4 -27.7 9.7 29.8 9.9
7.9 29 34.8
374.1 91.1 21.7 -5.6 1.9 -14.2
1681.2 -352.2 -143.9 -71.1 -34 -13.6
2217.9 -177.1 -26.8 10.2 30.2 9.5
7.7 28.7 35.4
373.8 91.2 21.7 -5.5 2.1 -14.1
1680.7 -353.4 -142.6 -71.4 -33.5 -12.8
2217.3 -177.8 -25.1 9.8 30.2 10.4
7.7 28.5 35.3
373.8 91.5 21.7 -5.4 2.2 -14.1
1680.9 -353.8 -141.9 -71.3 -33 -12.5
2217.4 -178.2 -24.5 10 30.2 10.6
7.7 28.2 35.3
373.7 91.6 21.6 -5.3 2.4 -14
1680.7 -354.6 -141.7 -71.3 -32.4 -11.4
2217 -178.2 -24 9.3 30.2 12
7.8 27.9 35
373.7 92 21.8 -5.2 2.6 -13.8
1681.1 -353.8 -140.4 -71.8 -31.7 -10.7
2216.6 -177.5 -22.4 8 29.6 14
7.8 27.7 34.4
374 92.5 21.9 -5 2.6 -13.9
1682.1 -353.2 -140.2 -71.4 -31.8 -10.9
2217.8 -177.2 -23 8.5 28.9 13.7
7.8 27.4 33.7
374.3 93.1 22.2 -4.8 2.8 -13.8
1683.7 -351.3 -140.5 -71.2 -31.6 -11.4
2219.5 -176.5 -24 8.4 28.5 13.5
7.8 27.4 33.1
374.8 93.7 22.3 -4.6 2.8 -13.8
1685.5 -349.5 -141.5 -70.2 -32.5 -11.6
2221.8 -175.8 -26.3 9.2 27.6 13.2
7.9 27 32
375.3 94.4 22.5 -4.4 2.8 -13.9
1687.6 -348.3 -142.3 -70 -32.4 -12.5
2224 -174.8 -28.4 9.9 27.8 11.6
7.8 26.8 31.7
375.8 95.2 22.9 -4 3 -13.7
1690.5 -347.1 -143 -69.4 -32.9 -13.3
2227.6 -174.8 -31.2 11.1 27 11.2
7.9 27 31.2
376.5 96.2 23.4 -3.6 3.1 -13.7
1692.8 -345 -144.5 -68.6 -33.7 -13.8
2230.6 -173.7 -34.2 12.4 25.6 11.3
7.8 27.5 31.1
377.4 97.4 24 -3.1 3.4 -13.5
1695.4 -341.8 -147.1 -67.3 -35 -13.5
2234 -172.2 -38.3 13.7 25.3 10.8
7.8 28 30.9
378.3 98.9 24.9 -2.4 3.9 -13.2
1698.7 -339.5 -148.6 -67.1 -36 -14.3
2237.8 -171.2 -42 14.9 24.7 10.3
7.7 27.8 30.9
379.4 100.5 25.8 -1.6 4.4 -12.8
1702.2 -338.7 -150.4 -67.6 -36.5 -15.4
2242 -170.7 -46.2 15.8 24.9 8.9
7.6 28.2 30.8
380.6 102.5 27.1 -0.7 4.9 -12.5
1705.5 -336.2 -154.4 -66.9 -40.1 -15.5
2246.3 -168.7 -53.2 19.3 21.7 10.3
winner is: 16
