Regression analysis information for: KLH057a_2198
number of formants: 3
number of coeccicients: 5
3.3 9.8 9.7
361.6 18.9 9.6 8.9 10 1.7
1599.3 -282.9 -84.6 -40.8 -22 -11.2
2198.3 -134.1 1.7 2.7 0.5 -3.5
3.4 9.7 9.6
362.1 19.7 10 8.9 10.4 2
1600.7 -282 -84.6 -40.9 -22 -10.9
2199.7 -133.8 0.5 3.9 -0.8 -3.1
3.5 9.7 9.5
362.5 20.3 10.3 9 10.5 2.1
1601.3 -281.8 -84.6 -41.2 -22 -10.6
2200.9 -133.8 -0.2 4.8 -1.7 -2.6
3.6 9.8 9.5
362.7 20.6 10.5 9 10.8 2.3
1602.4 -281.3 -84.5 -41.3 -22.1 -10.7
2202.5 -134.2 -0.7 5.4 -2.3 -2.4
3.8 9.8 9.4
362.7 20.7 10.6 9 11 2.6
1602.9 -281.2 -84.5 -41.6 -21.9 -10.3
2203.8 -134.7 -0.9 5.7 -2.6 -2
3.9 9.8 9.2
362.6 20.8 10.7 9 11 2.6
1603.1 -281.5 -84.4 -42 -21.8 -10.1
2204.7 -135.1 -1 5.8 -3 -1.7
4 10.1 9.2
362.6 20.8 10.7 8.9 11.1 2.6
1603.6 -281.2 -84.2 -42.3 -22 -10.2
2205.6 -135.4 -0.7 5.9 -3.3 -1.7
3.9 10 8.9
362.1 20.1 10.1 8.1 10.6 2.2
1603.1 -282 -84.7 -43.5 -22.3 -10.5
2205.4 -135.9 -0.7 4.5 -3.7 -1.7
3.9 10 8.2
362 20.1 10.4 8.4 11 2.4
1602.7 -282.4 -84.1 -43 -21.3 -10.3
2204.7 -136.4 0.2 4.9 -1.8 -1.2
3.8 10 8.1
361.8 20.1 10.5 8.3 10.9 2.3
1602.7 -282.2 -83.6 -43.3 -21.4 -10.5
2204.2 -136.2 1.1 4 -1.7 -1.6
3.8 9.4 7.6
361.8 20 10.4 8.3 10.9 2.3
1602.2 -282.8 -84 -43.2 -21 -10
2203.5 -136.9 1.1 4.1 -0.9 -0.7
3.7 9.1 7.8
361.8 19.9 10.3 8.2 10.9 2.3
1602.4 -282.4 -84.2 -43.6 -21.3 -10.3
2203.5 -136.5 1 3.4 -1 -1.1
3.7 8.8 8
361.9 19.9 10.1 8.1 10.8 2.2
1602.6 -282 -84.9 -43.4 -21.6 -10.5
2203.8 -136.2 -0.4 3.8 -1.6 -1.6
3.7 8.5 8
362 20.1 10.1 8.2 10.8 2.1
1602.8 -282 -85.2 -43.5 -21.8 -10.5
2204.5 -136.1 -0.8 4.1 -2.4 -1.7
3.7 8.6 8.5
362.1 20 10 8.3 10.9 2.1
1603.6 -281.9 -85.5 -43.7 -22.2 -10.7
2206 -136.7 -1.6 4.3 -3.2 -2
3.7 8.4 8.8
362.3 20 10 8.4 11.1 2.2
1604.2 -282.1 -85.7 -44 -22 -10.8
2207.7 -137.2 -2.1 4.1 -3.4 -2
3.8 8.4 9.1
362.4 19.9 10 8.8 11.4 2.3
1605.4 -282.2 -86.3 -44.2 -22.2 -10.8
2210.2 -138.2 -3.6 4.7 -4.2 -2.2
3.9 8.3 9.7
362.4 19.7 10.1 9.4 11.9 2.5
1607 -282.1 -86.8 -44.3 -22.3 -10.9
2213.5 -139.4 -4.5 5.6 -5 -2.1
4.1 8.3 10.2
362.2 19.2 10.2 10.2 12.7 2.7
1608.3 -282.4 -87.2 -44.6 -22.4 -11
2216.8 -140.6 -5.5 6.2 -5.8 -2.3
4.4 8.2 10.5
361.7 18.2 10.4 11.4 13.9 3.1
1610 -282.5 -88 -44.5 -22.5 -11.5
2220.5 -141.6 -7.2 7.6 -6.7 -3.4
winner is: 14
