Regression analysis information for: KLH057b_0978
number of formants: 3
number of coeccicients: 5
2.7 12.9 28
367.9 18.2 -28.4 22 -1.1 2.8
1018.8 316 147.4 59.7 13.4 20
2167 -34.3 -16.9 33.8 21.5 18.6
2.4 12.1 26
367.8 18.2 -28.6 21.9 -0.6 2
1017.5 315.1 146.5 60.3 14.4 18.6
2166.8 -33.5 -19.1 32.5 26.1 13.8
2.2 11.1 25.3
367.5 18.3 -28.6 22.7 -0.9 1.6
1017.5 315.5 147.5 62.1 14.3 16.8
2165.8 -29.7 -21.9 36.7 25 12.9
2 10.4 22.4
367.4 18.7 -28.9 23.2 -0.9 1.2
1017.8 315.8 148.1 63.2 14.2 15.3
2166.1 -24.1 -25.5 40.5 23.8 10.8
2 9.8 21.7
367.7 18.5 -28.4 23.3 -0.8 0.4
1019 316.4 150.5 64.1 13.7 12.8
2170.2 -24.1 -21.2 40.3 25.6 5.3
2 9.1 21.9
368 18.7 -28.6 23.5 -0.7 -0.1
1021.5 318.4 152.1 64.3 13.5 10.8
2173.5 -20.1 -20.1 42 26.7 0.5
1.9 8.8 20.7
368.7 18.2 -28.2 23.4 -0.4 -0.9
1023.5 319.4 153.4 65.1 12.8 9.6
2181.1 -22.4 -15.2 42.3 26.6 -4.2
2 8.8 20.3
369.5 17.4 -27.3 23.1 -0.2 -1.6
1026.4 322.5 155.8 65.6 10.8 7.9
2188.8 -24.3 -6.2 41.3 26 -9.2
2 9 20.5
370.9 16.2 -26.2 22.6 0.2 -2.2
1029.5 326.1 157.1 66.8 9 7.2
2200.1 -28.8 3 40.2 25.4 -12.6
2.1 9.9 21
372.7 14 -24.4 21.5 1.1 -3.3
1031 331 156.7 70.2 5.9 7.6
2213.4 -37.5 15.7 38.5 27.3 -17.5
2.2 12.8 21.2
375.5 10.7 -22 19.7 2.6 -4.7
1032 342 152.2 76.4 -0.7 11
2230.1 -47.9 29.8 33.4 31.1 -23.7
2.6 52.7 21.9
378.9 6.1 -18.6 17 4.6 -6.4
1049.6 317.1 182.1 45.8 28.1 -23.9
2250.5 -64.1 47.5 22.3 36.4 -31.6
3.2 86.7 23.9
383 0.7 -14.4 14.2 6.4 -7.9
1083.9 260.6 244.4 -15.9 86.3 -85.3
2273.6 -83.5 71.1 10.2 43.7 -39.4
3.8 99.4 25.9
387.4 -4.8 -10.9 12 7.4 -8.4
1108.3 227.1 284.5 -55.3 119.1 -120.2
2298.3 -103.4 92.5 -1 47.3 -43
4.4 73.2 33.7
392 -10.3 -8 10.6 7.8 -7.9
1162.1 137.5 368 -115.8 149.3 -123.3
2327.5 -131.4 118.8 -12.6 49.6 -38.4
5.5 65.6 55.2
396 -14.2 -6.9 11 6.5 -6.5
1202 82 416.9 -139.3 140.9 -92.5
2361.3 -163.3 146.5 -18.4 38.6 -17.3
7.6 71.2 90
400 -17.6 -8 13.6 3.9 -3.3
1239.8 25 460.7 -153.5 124.2 -53.4
2396.3 -203.5 167.3 -9.5 11.6 30.5
9 70.7 88.4
403.7 -19.2 -11.5 17.9 0.6 -1
1245.8 24.7 478 -177.8 144.5 -81.6
2406.6 -189.6 159.6 3.8 1.7 32.8
10.9 82.5 119.7
409.1 -22.7 -14.9 22.9 -3.5 2.3
1291.9 -39.8 528.8 -190.7 112.4 -34.5
2441.6 -216 168.4 29.4 -46 89.6
13.1 80.7 116.2
415.1 -26.6 -20.3 30 -8.1 5.9
1275.6 -6.2 526.3 -205.8 127.5 -56.2
2451 -205.3 159.8 43.7 -54.9 94.3
winner is: 8
