Regression analysis information for: KLH057b_2036
number of formants: 3
number of coeccicients: 5
4.1 4.7 22.7
406 -51 -16.3 25 3.5 1.7
1383.6 89.4 26.2 -11.9 3.6 3.3
2146.9 23 25.8 -33.3 -18.6 22.5
4.2 4.7 23.1
406.6 -51.3 -16.6 25.6 3.6 1.7
1385.3 87.8 26.9 -11.4 3.1 3.2
2151.6 17.9 26.3 -32.5 -19.7 22
4.3 4.5 22.9
406.8 -51.4 -16.8 26.1 3.8 1.5
1386.8 87.1 26.5 -10.8 3.2 2.6
2155.4 14.7 24.2 -31.3 -18.8 20.6
4.2 4.3 22.8
407.1 -51.2 -17.2 26.5 4.4 1.4
1388.6 86.4 27.4 -10.3 3.5 1.2
2160.8 11.9 24.9 -29.7 -18 16.7
4.4 4 21.9
407 -50.7 -17.3 27 4.8 1.4
1390.5 87.2 27.3 -9.6 3.8 1.8
2166.4 12.7 22.8 -28.8 -16.8 18.7
4.7 3.6 20.9
406.7 -50.6 -16.7 27.4 5.4 1.6
1393 88.5 26.9 -9.5 4.9 0.6
2173.3 15.5 18.5 -28.5 -13.2 15.2
4.7 3.1 19.4
406 -49.6 -16.1 26.5 5.6 1.9
1394.8 88.8 27.3 -8.4 6.5 0.5
2180 14.4 16 -24.2 -8.5 14.3
5.4 2.5 17
404.8 -49.4 -14.2 26.1 5.9 2.9
1397.3 89.8 28.2 -8.9 8.5 -0.4
2186.7 16 14.3 -24.1 -3 10.9
6.3 2.5 16.6
401.5 -47.6 -11.4 24.3 6.9 4.4
1399.6 91.3 29.2 -9.7 9.9 -0.6
2195.9 16.2 12.2 -24.1 0 9.9
7.3 2.5 15.3
397.6 -44.5 -8.5 20.8 7.5 6.1
1400.9 92.6 31 -10.2 11.8 -0.5
2202.6 15.4 13.2 -22.8 3.9 9.4
9.7 3 15
388.4 -40.5 -0.3 16 9.3 7.9
1402.7 95.9 31.6 -12.6 14 -0.1
2213.2 18.4 7.8 -26.2 8 11.6
13.9 3.9 15
370.6 -29.1 14.7 2.2 13.2 12.2
1402.9 99.4 33.4 -16.4 17.3 0
2223.2 18.6 4.8 -30.4 13.1 13.5
30 5.4 14.8
326.5 4.7 53 -43.5 28.9 24.1
1401.5 105.3 36 -21.7 22 -0.2
2232.5 20.5 3.2 -35.8 19.2 16.2
182 145.5 118.1
589.9 -206.1 -250.9 304 -36.2 -60.4
1631.1 -74.6 -208 258.6 -37.3 -60
2436.9 -145.2 -192.2 206 -53.6 -19.8
148.6 126.8 102
701.1 -239.2 -433.7 351.7 95.8 -39.8
1732.1 -110.7 -333.9 285.2 45.5 -18.7
2520.3 -177.1 -281 224.3 -2.6 22.3
184.4 156.3 110.3
774.9 -387.5 -331.5 337.7 48.9 93.3
1792.1 -247.6 -190 246.9 -33 106.6
2575.7 -272.3 -199.9 197.8 -37.8 103.1
235.5 175.6 138.4
823.3 -393.2 -290.8 244.6 0 45.7
1804.1 -260.1 -84 154.8 -111.3 88.5
2607.3 -243.2 -179.4 117.6 -82.3 55.8
320.6 227.1 185.5
878.7 -288.3 -310.1 132.6 -151.2 -37.8
1844.5 -193.5 -87.2 62.1 -195.5 51.8
2642.9 -121.7 -213.2 14.9 -186.2 -34
281.1 220 184.3
936.2 -335.9 -310.2 28.7 -62.4 1.7
1877.7 -209.2 -72.4 -23.6 -143.8 67.1
2663.4 -98.5 -239.7 -45.2 -142.7 -25.6
278.2 203.5 169.6
1001.5 -230.8 -330.3 -73 -187.1 -54.2
1914 -124.5 -98.5 -91.8 -210 24.9
2731.2 -14.1 -251.2 -143.5 -239.9 -65.4
winner is: 8
