Regression analysis information for: KLH057a_5533
number of formants: 3
number of coeccicients: 5
5.3 9.5 5
412.7 30.6 2 -12.3 9.2 4
920.1 14.7 15.1 15.4 -3.3 -15.7
2179.9 0.5 -6.7 -20.7 3.3 -0.1
5.5 9.3 5
412.5 30.8 1.6 -11.7 9.2 4.3
918.7 16.1 13.1 17.3 -2.5 -16.6
2180.4 0.5 -7.5 -20 3.1 0.1
5.3 10 5.2
412.5 30.5 1.3 -11.4 9.8 3.8
918.3 15.8 12.3 18.7 -1 -18.5
2180.8 -0.4 -8.4 -19.3 3.8 -0.4
5.5 9.8 5.4
412.4 30.4 1.6 -10.7 10.1 4.1
917.5 15.4 13.2 20.8 0.2 -19.3
2180.6 -1.4 -8.3 -18 4.6 -0.3
5.6 10.2 5
412.2 30.5 2.1 -10.2 10.3 4
916.2 15.7 14.9 21.8 0.3 -19.7
2179.8 -2 -7.8 -16.6 5.7 -0.1
5.6 10.6 5
412.4 30.9 2.2 -9.7 10.8 3.9
916.4 16.3 15.1 22.5 0.7 -19.8
2179.6 -1.9 -7.8 -15.4 6.6 -0.1
5.5 10.7 5.3
412.6 31.2 2.4 -9.5 11 3.9
916.7 16.9 15.1 23 1.3 -20
2179.6 -1.5 -7.6 -14.7 7.1 -0.4
5.7 10.7 5.1
413.3 31.1 2.8 -9.1 11.2 4.4
918.2 16.5 15.9 23 1.2 -18.9
2180.8 -1.9 -6.7 -14.3 7.2 0.4
5.6 11.6 5.1
413.7 31.3 3.4 -8.8 10.8 4.6
919 16.7 16.9 23.1 0 -18.6
2181.6 -0.9 -5.8 -14 5.8 0
5.7 11.7 5.4
414.5 31.4 3.9 -8.5 10.9 4.9
920.8 16.5 16.8 23.3 0.6 -18.8
2183.6 -0.3 -5.1 -14.3 5.3 -0.7
5.7 11.8 5.5
415.5 31.4 4.2 -8.4 11.2 5
922.9 16.5 16.4 22.9 0.8 -18.6
2186 0.3 -4.8 -15.1 5 -1.3
5.8 11.8 5.6
416.9 31.1 4.7 -8 11 5.8
925 16.5 15.9 22.6 1.2 -18.5
2189 0.6 -4.2 -15.7 3.7 -1.5
5.8 11.9 5.7
418 30.9 5 -8.1 11 6.3
926.8 16.7 15.3 21.7 1.4 -18.3
2191.4 1.5 -3.9 -17.1 2.9 -1.7
6.1 12.2 6
419.8 30.8 5.5 -8 11.7 6.9
928.9 17.1 14.1 21.4 1.9 -18.4
2194.5 1.8 -3.7 -18.1 3.1 -1.9
5.8 12.4 6.4
421.6 29.7 5.6 -8.5 11 7.4
930.3 17.8 12.6 20.4 2.5 -19.2
2197.8 1.7 -3.8 -19.8 1.5 -3
5.5 13 6.7
423.8 28.3 5.7 -9.2 10.7 7.6
931.4 19.4 11 19.8 3 -20.1
2201.2 1.2 -3.9 -21.7 0.5 -4.4
5.5 13.8 7.1
426.7 27.4 5.8 -8.9 10.5 8.4
931.9 22 9.2 19 4.2 -21.8
2205.1 2.2 -4.2 -22.4 -0.5 -5.6
5.4 15 7.5
430.4 25.6 6.5 -9.1 10.5 9.5
930.3 26.9 6.5 18.4 6 -24.5
2209 2.5 -3.7 -23.6 -0.9 -6.8
5.1 16.8 8.1
434.8 23.2 7.3 -9.4 10.5 10.3
926.6 34.6 2.9 17.7 7.8 -27.9
2212.9 3.3 -3.6 -25 -1.5 -8.4
5.5 20 8.5
440.1 20.2 8.8 -10.2 11.3 10.6
919.6 46.2 -2.6 18.2 8.8 -32.1
2216.7 4.6 -3.2 -26.3 -2 -10.6
winner is: 1
