Regression analysis information for: KLH057a_4454
number of formants: 3
number of coeccicients: 5
1.7 4.8 1.5
432.3 -11.2 -18.8 8.8 -7 -4.7
1282.8 142.8 -38.4 17.2 17.6 -12.7
2157.1 32.8 -7.9 4.6 5.2 -2.4
1.9 4.6 1.5
433.2 -12 -17.4 8.4 -7.6 -4.6
1284.2 141.5 -36.5 16.5 17.7 -13
2158.4 33.5 -6.9 4.6 5.1 -2.4
1.9 4.4 1.4
433.4 -12.3 -16.3 7.8 -7.9 -4.2
1285.1 141.2 -35.4 16.2 17.6 -13
2159.6 34.2 -6.1 4.8 5.1 -2.3
1.7 4.2 1.5
433.5 -12.5 -14.2 5.8 -7 -4.1
1285.5 140.7 -32.6 13.8 19.2 -13.1
2160.6 35 -4.8 4.7 5.5 -2.2
1.9 4.2 1.5
433.2 -12.5 -12.2 4.6 -7.5 -3.8
1285.5 140.7 -30.2 12.3 19 -12.8
2161.2 35.6 -3.4 4.6 5.1 -2.2
1.9 4.4 1.6
432.9 -12.1 -11.6 4.4 -7.5 -3.7
1285.6 141.5 -29.3 12.4 19.1 -12.6
2161.8 36.6 -2 5 5.2 -2
1.9 4.3 1.8
432.2 -10.8 -12 4.5 -7.3 -3.1
1284.4 143.2 -29.5 12.4 19.4 -11.6
2161.8 37.3 -1.3 5.1 5.8 -1.5
1.8 4.3 1.9
432 -10.3 -11.8 4.2 -7.3 -2.9
1284.5 144.3 -29 12.6 19.4 -11.3
2162.2 38.6 -0.2 5.3 6 -1
1.5 4.2 2
431.5 -9.2 -12.7 5.1 -7.6 -2.2
1283.8 146 -30.2 14 19 -10
2161.9 39.2 -0.1 6.2 6.6 -0.2
1.6 4.3 2.2
431.9 -9 -12.7 5 -7 -2.6
1284 146.4 -29.7 13.8 20 -10.2
2162.4 40.1 0.5 6.5 7.8 0.1
1.5 4.3 2.3
432.2 -8.5 -13.1 5.4 -7.3 -2.1
1284.7 147.4 -30.2 15.1 19.6 -9.6
2163.3 41.5 0.8 7.3 8.2 0.8
1.5 4.4 2.3
432.6 -8.1 -13.6 5.8 -7.5 -2
1285.1 148.1 -30.7 15.5 19.5 -9.4
2164.1 42.6 0.5 7.5 8.2 1.1
1.5 4.5 2.5
433.2 -7.8 -14 6.2 -7.7 -1.9
1286 148.8 -30.9 16.3 19.6 -9.1
2165.2 44.1 0.5 8.3 8.7 1.7
1.6 4.7 2.6
433.9 -7.9 -14.2 6.3 -7.9 -1.9
1287.6 149.1 -31 17.2 19.6 -9.2
2167 45.6 0.8 8.8 9 2
1.6 4.8 2.7
434.6 -7.8 -14.3 6.5 -8 -1.9
1288.5 149.5 -30.9 17 19.9 -9.2
2168.6 46.8 0.8 8.6 9 2.3
1.7 4.9 2.7
435.3 -8.1 -14.3 6.7 -8.4 -1.9
1290.2 149.8 -30.9 17.9 19.9 -9.3
2170.6 48.3 0.8 8.9 9.1 2.6
1.8 5.2 2.8
435.8 -8.3 -14 6.8 -8.9 -2.1
1291.7 150.3 -30.7 18.1 20.2 -9.4
2172.8 49.8 0.9 9 9.2 2.9
2 5.3 2.7
436 -8.6 -13.5 7.1 -9.4 -2.4
1292.6 150.9 -30.5 17.7 20.6 -9.7
2174.9 51.2 0.7 8.7 9 2.9
2.3 5.5 2.7
435.7 -9.2 -12.1 7.2 -10.3 -2.7
1293.9 151.9 -30 17.8 20.9 -9.9
2177.5 52.8 0.8 8.6 9.2 3.1
2.8 5.7 2.6
434.6 -9.7 -9.7 7.5 -11.5 -3.4
1294.1 153.5 -29.2 16.9 21.5 -10.1
2180.1 54.3 0.8 8.2 9.1 3.2
winner is: 4
