Regression analysis information for: KLH057a_0996
number of formants: 3
number of coeccicients: 5
4.7 6 23.3
370.7 -23.7 5.8 -16.9 -2.8 0.4
725.8 -135.1 18.1 -7.4 18.3 -2.5
2255.8 -3.8 -25.7 5.2 -5 20.1
4.4 6 17.8
374.3 -20 6.5 -19 -6 -0.4
724.8 -141.1 18.2 -6.7 20.3 -1
2262.6 -1.9 -12.8 3.4 3.9 13.4
4.4 6.4 15.5
378.7 -14.3 8.4 -19.5 -7 -1.4
721.3 -149.1 14.6 -8.1 22.8 -2.2
2269.6 4 0 6.1 12.6 11.9
4.8 6.7 12.7
384.3 -7.5 10 -21.1 -10.3 -3.8
717.3 -159.2 10.8 -7.2 27.3 0.2
2272.3 2.9 4.9 3.9 16.5 8.8
5.4 8.1 11.8
390.9 1.1 13.1 -21.3 -12.5 -5.6
711.2 -172.8 4.5 -7.9 30.1 3.2
2273.6 2.6 7 3.5 18.6 8.4
5.5 8.5 11.7
397.2 9.7 15 -23 -15.7 -9.4
703.2 -186.2 -0.9 -5.5 38.1 8.2
2274.4 2.7 7.4 3.3 19 8.1
5.8 8.9 11.8
402 17.1 17.9 -22.1 -16 -10.9
694.1 -200.3 -8.9 -5.2 43.9 11.5
2274.7 2.8 6.8 2.8 18.5 7.7
6.3 10.3 11.9
404.5 19.1 19.1 -19.1 -11.5 -4.9
681.9 -222.7 -21.1 -8.8 43.8 11.9
2275 2.9 6.4 2.5 18 7.3
8.8 7.9 12
394.5 -1 4.2 -24.2 -8.4 2.7
682.5 -223.8 -25 -15.6 36.4 6.7
2275.3 2.6 6.2 2.9 18.1 7
24.1 70.7 35.2
378 -34 -23 -39.6 -12 8.4
711.8 -168.9 17.4 7.5 32.1 -22.1
2289.2 27.5 24.3 12.5 16.8 -4.4
20.1 199.9 75.4
398.7 3 5.7 -21.2 -6.7 1.5
909.6 203.7 337.3 247.7 180.5 30.2
2333.6 110.1 90.7 55.4 32.8 -13.9
20.4 128.2 79.2
404.2 12.2 13.9 -8.9 11.9 19.8
969.2 328.6 474.3 385 317.3 158.8
2346.2 134.4 113.2 75.6 49.5 -3.7
15.8 107 58.7
408.2 18 17.7 -6 11.5 16.3
944.6 281.6 435.4 355.2 298.1 157.5
2323.4 90.8 79 55.9 46.9 13.1
19.5 93.9 36.3
406.1 14.3 17 -3.8 15.5 21
954 298.7 448.9 361.6 296.2 146.8
2301.2 47.4 40.7 24.6 25 2
18.4 82.5 32.8
407.1 14.6 16.8 -2.3 17.9 21.6
947 285.7 441.4 354.3 287.3 137.7
2291 26.9 21.3 7.2 10.3 -9.4
15.7 104.9 56.8
408.2 15.2 16.7 -1.1 19.3 20.3
954.4 300 452.7 353.4 272.3 111.1
2302.9 47.2 34.4 9.7 1.4 -28.7
13.6 89 31.8
408.9 15.4 18.4 2.1 20.6 18.2
941.5 274.3 435.6 343.8 274.9 125
2290.6 22.9 19.3 4.1 8.3 -12.1
21.5 89.3 32
402.2 3 16.8 13.7 36.7 28.2
942.3 278.1 445.6 349.1 277.1 125.6
2291.6 22.1 19.8 3.7 8.4 -12.6
31.9 105 53
396.4 -5.8 21.4 32.5 54.8 31.7
972.3 331.9 477 341.6 235.5 66.6
2303.6 40.4 29.7 0.9 -5.7 -34.1
27.6 179.8 87.2
410.2 8.8 15.1 13.1 31.7 18.4
1058.8 455.9 475.2 207.3 60.1 -34.9
2338.6 85.7 23 -55.1 -74.9 -74.3
winner is: 4
