Regression analysis information for: KLH057b_1279
number of formants: 3
number of coeccicients: 5
2.9 3.2 6.5
334.1 -22.6 12.7 16.7 2.5 -9.6
808.6 16.9 35.8 19.4 1.3 -1.9
2438.8 -4.5 33 33.3 -27.9 -9.4
2.9 2.9 7.3
333.9 -23.3 12.6 16.9 2.5 -9.6
806.4 12.7 33.8 18.9 0.3 -2.2
2439.2 -2.8 35.8 36.2 -29 -11.3
2.8 2.5 8.1
333.7 -23.9 12.4 17 2 -9.3
804.1 7.7 30.8 17.6 -0.1 -1.1
2441.2 -1.7 39.1 37.6 -31.3 -12.5
2.7 2.1 9
333 -25.1 11.1 18.2 1.7 -7
800.3 0.3 26.1 16.1 0.1 1.6
2444.3 -4.5 46 41.6 -27.7 -10.1
2.9 2.6 9.2
334.1 -25.9 11.8 17.4 1.7 -8.7
800.4 -1.9 24.5 15.4 -0.6 0.8
2446.5 -3.9 41.7 42.9 -34.4 -11.7
2.7 2.9 9.1
333.7 -26.9 10.9 18.6 0.8 -6.1
798.4 -5.9 21.8 13.9 -0.5 2.8
2450.4 -10.7 46.8 43.2 -30.4 -6.7
2.9 3.2 8.5
335.2 -27.8 11.2 18.1 1 -7.7
799.6 -5.8 21.1 14 -0.2 2.2
2453 -11.5 35.7 43.7 -38.1 -5.5
2.7 3.8 6.9
335.4 -29.3 10.6 19.2 -0.2 -5.3
798.3 -7.7 19.1 12.3 -0.1 2.9
2458.5 -21.6 39.3 40.5 -34.3 -1.2
3.1 4.2 6.5
337.3 -30.4 11 19.2 -0.6 -6.5
799.2 -5.6 19.3 12.2 1.6 1.9
2461.8 -25.1 28.4 40.3 -39.4 0.8
2.9 4.7 6.3
338.4 -32.7 10.4 20.4 -1.6 -3.7
797.5 -4.6 17.3 10.1 2.9 0.6
2470.2 -32.3 31.5 37.1 -36.1 3.6
3.4 5.4 6
340.7 -34.6 11.2 21.6 -2.9 -4.7
796.8 0.5 18.4 9.5 7.6 -2
2471.4 -37.6 27.9 44.5 -35.7 5.3
3.3 7.1 5.3
343.1 -38.4 11.3 23.1 -5.1 -0.9
792.3 7 15.1 6.1 11.4 -6.7
2483.5 -39.5 34.1 39.8 -35.4 5.2
4.5 9.1 6.1
347.5 -42.6 11.3 26.2 -8.5 -0.6
787.3 18.7 16 -0.7 22.2 -13.9
2489.1 -42.5 24 41.3 -37.1 7
6.2 15.6 5.4
354.3 -52.5 13.6 30.4 -15.9 8.6
772.7 40.4 7.1 -8.5 36 -30.4
2502.5 -44.2 30.2 36.5 -35.2 7.7
11.2 20.2 5.9
360.2 -57.2 9.7 37.5 -20.5 4.4
758.2 65 11.1 -28.4 59.6 -43.4
2511.9 -42.2 21 34.2 -40.3 5.6
28.2 20.9 6.4
342.8 -29.9 -4.3 25.3 8.2 -30.8
745.2 83 4.7 -29.7 61.3 -46.2
2525.8 -42.4 24.8 29.8 -37.5 8.8
36.9 295.1 105.4
366.2 -60.5 9.6 37.5 -21.9 13.6
945.9 -212.4 123.3 125.8 -250.6 309.8
2614.6 -147.5 57.5 86.8 -158.3 134.8
39.4 312.6 112
381.4 -81.5 19.8 38.7 -33 39.5
1046.1 -376.8 218 156 -358.3 463
2674.4 -210.3 98.4 91.3 -195.7 193.6
20.2 250.1 97.6
416.8 -129 25.8 54.5 -47 34.9
1226.3 -661.9 313.2 244.5 -492.1 491.6
2769.9 -328 127.8 128.8 -253.8 205.2
23.9 251.1 97.7
419.1 -124.9 24.8 43.7 -36.6 40.7
1213.9 -659.2 332.5 253.1 -514.9 495.1
2796 -328.4 126.5 125.3 -268.4 209.6
winner is: 1
