Regression analysis information for: KLH057a_0530
number of formants: 3
number of coeccicients: 5
3.6 8.5 3.9
305.4 11.3 -47.9 -12.6 -11 -2.2
1802.8 106.2 -48.5 20.9 2.4 -0.1
2304.3 95.7 15.4 26.4 5.5 -2.7
3.5 8.6 4
304.7 11.2 -47.5 -12.9 -11 -2.4
1804.3 106.4 -48.6 21.2 2.8 -0.6
2305.8 96.5 14.6 26.2 5.5 -2.7
3.5 8.6 4.2
304.2 10.7 -47.3 -13 -11 -2.4
1805.7 106.4 -48.6 21.4 3.1 -1.2
2307.5 97.5 14 25.9 5.5 -2.8
3.4 8.8 4.4
303.6 10.6 -46.9 -13.3 -11.2 -2.5
1806.9 106.8 -48.5 21.5 3.8 -1.6
2309.1 98.6 13.6 26 5.9 -2.9
3.3 8.9 4.6
302.9 10.4 -46.7 -13.5 -11.4 -2.4
1807.8 107.4 -48.9 21.7 4.2 -2.3
2310.9 99.8 13.4 26.4 6.4 -3
3.3 9.3 4.8
302.5 10 -46.6 -13.5 -11.4 -2.3
1808.4 107.5 -49.3 21.9 4.4 -2.8
2312.1 100.5 13 26.3 6.4 -3.4
3.2 9.5 5.1
302 10 -46.3 -13.7 -11.7 -2.2
1808.3 107.6 -49.6 21.3 4.9 -2.6
2313.2 101.5 13 26.5 7.2 -3.2
3.2 9.6 5.2
301.7 9.6 -46.1 -13.8 -11.7 -2.1
1807.9 107.4 -49.7 20.9 5.4 -2.4
2313.6 101.7 12.9 26.4 7.4 -3.3
3.2 10.2 5.7
301.3 9.7 -46 -13.7 -11.6 -2.1
1805.7 108.3 -50.5 21.4 6.7 -2.6
2312.7 101.3 13.2 27.7 8.8 -3.2
3.2 9.6 5.3
301 10 -45.8 -13.8 -12 -2
1802.5 110.8 -51.3 21.1 5.7 -0.2
2311.4 102.1 13.6 27.3 8.3 -2.1
3.2 9.9 5.3
300.9 9.8 -45.8 -13.8 -11.8 -2
1800.8 110.7 -51.5 20.9 6 -0.1
2310.4 101.8 14.2 27.7 8.2 -2.1
3.2 10.1 5
300.8 10 -45.7 -13.8 -12 -2
1798.8 110.4 -50.9 20.3 5.3 0.9
2308.8 101.3 15.3 27.9 8 -1.5
3.2 9.7 4.5
300.8 9.9 -45.6 -13.7 -12.1 -2
1797.5 108.6 -50.6 20.3 4.3 1.7
2307.3 100 16.4 28.5 7.3 -1.2
3.2 9.1 3.8
300.7 9.6 -45.6 -13.7 -12.1 -2
1796.1 107.2 -47.9 20.6 2.7 2
2305 98.7 19.7 29.6 5 -2.1
3.2 9.1 4.1
300.9 9.8 -45.4 -13.7 -12.2 -2
1796.7 106.7 -46.4 20.6 1.6 2.6
2305 98.5 20.2 29 3.8 -1.9
3.2 8.8 3.9
300.9 9.5 -45.5 -13.7 -12.2 -1.9
1798 105.2 -45.7 20.8 0.5 3.2
2305.8 98.2 20.2 28.4 2.7 -1.9
3.2 8.4 3.8
301 9.5 -45.5 -13.7 -12.2 -1.9
1800.3 104.1 -45.1 21.9 -0.1 2.9
2307 98 19.9 28.5 2.1 -2.6
3.2 7.9 4
301.2 9.7 -45.4 -13.6 -12.3 -1.9
1803.1 103.7 -44 22.5 -0.9 2.6
2308.7 98.6 19.7 27.9 0.9 -3.5
3.1 7.3 4.4
301.3 9.4 -45.5 -13.7 -12.4 -1.9
1807.1 103 -43.8 23.1 -0.9 2
2311.7 99.6 18.4 26.8 0.2 -4
3.1 7 4.9
301.4 9.5 -45.5 -13.7 -12.5 -1.9
1811.3 102.9 -44.1 24.3 -0.8 2
2314.8 100.8 16.6 26 0.2 -4
winner is: 19
