Regression analysis information for: KLH057a_4130
number of formants: 3
number of coeccicients: 5
5.9 17.5 34.3
346.9 20.6 -11.1 -24.2 -3.1 -10.9
1755.5 -160.4 -35 -7.4 -15.5 26
2293 -32.3 -51.5 46.5 -49.4 36.3
5.9 15.6 19.7
347.1 20.1 -10.5 -24.8 -2.9 -11
1759 -168.1 -27.3 -14.8 -9.4 18.5
2323.7 -84.8 -10.7 6.9 -20.4 14.1
5.9 15.1 20.2
347.3 19.8 -10.3 -25.3 -2.7 -11.1
1759 -168.9 -26.8 -14.9 -9.3 18.2
2339.5 -108.4 4.4 -11.4 -8.8 10.3
5.9 14.4 19.6
347.6 19.5 -9.7 -25.7 -2.5 -11.1
1759.9 -168.7 -25.9 -16.3 -8.9 18.5
2339.7 -109.3 4.1 -10.2 -9.6 9.4
5.7 14 18.7
347.9 19.6 -9.9 -25.9 -2.5 -11
1761.2 -169 -25.8 -16.8 -8.3 18.1
2339.1 -109.4 4.2 -9.6 -9.9 9.3
5.6 13.5 18
348.1 19.9 -10.2 -25.7 -2.8 -10.6
1762.4 -168.8 -25.6 -17.7 -7.4 18.5
2339.1 -109.6 5.2 -10.1 -9.4 8.9
5.5 13.2 17.6
348.3 20 -10.1 -25.5 -2.7 -10.7
1763.8 -168.7 -26 -17.3 -6.9 18
2340 -109.5 5.5 -11 -9.2 8.6
5.5 12.8 17.2
348.4 20.3 -10.1 -25.8 -2.9 -10.6
1763.2 -166.9 -23.1 -19.4 -8.2 20.3
2338.8 -108.3 8.5 -12.4 -10.4 10.4
5.5 12.6 16.5
348.7 20.5 -10.3 -25.7 -2.8 -10.5
1765.3 -166.2 -24.2 -19 -6.9 20.2
2339.9 -107.7 8.7 -12.4 -9.7 10
5.5 11.8 16.4
349 20.7 -10.1 -25.8 -2.8 -10.6
1767 -164.6 -24 -19.4 -6.7 21.3
2340.5 -106.1 10 -13.2 -10 10.9
5.5 12.1 17
349.3 21.1 -10.4 -25.6 -2.6 -10.6
1769.2 -162.4 -27 -17.8 -5 20.2
2341.7 -103.7 7.7 -11.1 -9.6 9.4
5.5 11.5 16.5
349.7 21.3 -10.4 -25.6 -2.4 -10.9
1772.3 -161.4 -29 -17.1 -2.6 19.2
2343.8 -103 6.9 -10.5 -8.3 7.9
5.5 10.8 16
350.1 21.4 -10.6 -25.5 -2.2 -11
1775.9 -161 -31.1 -15.1 -0.3 18.2
2346.5 -102.8 5.7 -8.7 -7.2 6.2
5.5 10.4 15.4
350.5 21.5 -10.8 -25.4 -2 -11.1
1779.3 -161.3 -33.4 -12.9 2.5 17.3
2348.9 -103.2 4.6 -7 -5.8 5
5.5 9.8 14.7
350.9 21.7 -10.9 -25.3 -2 -11.3
1783.8 -161.2 -35.8 -11.1 4.2 15.6
2352.2 -103.7 3.5 -5.3 -5.1 2.7
5.5 9.6 14.1
351.2 21.9 -11.3 -25.2 -2 -11.4
1787.8 -160.8 -38 -9.8 6.6 14.1
2355.1 -103.3 2.5 -4.5 -4 0.9
5.5 9.5 13.3
351.5 22.1 -11.5 -25.1 -2.2 -11.6
1792 -161.2 -39.6 -8.1 8.1 12.5
2358.3 -103.9 2.1 -3.5 -3.5 -0.8
5.5 9 12.5
351.8 22.4 -11.6 -25 -2.4 -11.8
1796.4 -161.3 -41.6 -6.1 9.5 10.6
2361.7 -104.5 1.5 -1.9 -3 -2.9
5.6 8.8 11.7
351.8 22.7 -12 -25.1 -2.7 -12
1799.9 -161.4 -42.5 -5.2 10.9 9.6
2364.3 -104.8 1.6 -1.5 -2.6 -3.9
5.7 8.5 11.2
351.8 23 -12.4 -25.1 -3.2 -12.2
1804.2 -161.6 -44 -4 11.1 8.4
2367.6 -105.2 1 -0.9 -3 -4.8
winner is: 20
