Regression analysis information for: KLH057b_0523
number of formants: 3
number of coeccicients: 5
1.8 7.1 7.7
392.8 7.8 -1.7 -5.3 -4.6 -3.2
1018.8 -277.6 93.9 -32.8 18.4 -13.2
2163.7 138.8 -20.3 -9.4 1.2 -7.5
2 7.2 9.2
392.5 7.3 -2.1 -5.7 -4.9 -3.5
1018.4 -280.4 92.7 -34.6 17.8 -14.1
2162 133.6 -24 -14.6 -2.4 -11.5
2.1 7.4 11.3
392.4 7 -2.4 -5.9 -5.1 -3.7
1018.1 -282 92.3 -35.2 18.1 -14.8
2160.7 127.8 -27.9 -18.7 -5.8 -15.6
2.1 7.2 10.3
392.4 6.8 -2.5 -6 -5.2 -3.6
1018.8 -283.8 92.6 -35.7 18.1 -14.6
2160.9 125.4 -27.6 -19.4 -5.9 -15.2
2.1 7.1 9.9
392.4 6.7 -2.5 -6 -5.1 -3.6
1019.5 -285.3 92.9 -35.9 19.3 -14.7
2161.1 122 -27.6 -20.4 -5.4 -16
2.2 6.7 9.5
392.5 6.6 -2.6 -6 -5.1 -3.6
1020.4 -285.6 92.7 -35.9 19.6 -14
2162.3 120.4 -27.7 -19.9 -5.6 -14.7
2.1 6.4 8.8
392.7 6.7 -2.5 -5.9 -5.1 -3.5
1022.8 -286.4 92.8 -36.3 19.9 -13.6
2165.5 120.7 -25.8 -18.7 -4.7 -12.4
2.1 6.2 7.8
392.9 6.9 -2.4 -5.8 -4.9 -3.4
1024.6 -286.5 93.2 -36.7 20.7 -13.9
2168.9 121.7 -23 -16.8 -2.4 -11
2 6.4 7.6
393.3 7.3 -2.2 -5.6 -4.8 -3.3
1027.2 -286.4 93 -36.6 21.3 -14.3
2173.5 124 -19.8 -13.1 -0.2 -9.8
2 6.3 6.8
393.9 7.8 -2 -5.4 -4.6 -3.2
1030.9 -286.8 92.6 -36.9 22.2 -14.3
2179.7 127 -15.8 -9.3 2.9 -6.6
1.8 6.2 8.2
394.5 8.5 -1.6 -5.1 -4.3 -2.9
1033.9 -286.7 92.7 -37.4 22.8 -14.4
2186.6 131.1 -10.5 -5 6.6 -3.1
1.7 6.2 11.4
395.4 9.5 -1 -4.6 -4 -2.7
1038.2 -287.5 92.9 -38 23.6 -14.6
2194.7 136.3 -3.6 0.2 11.6 0.9
1.5 6.5 16.6
396.5 10.6 -0.4 -4.1 -3.5 -2.3
1042.5 -288.3 92.3 -38.4 24.4 -14.3
2204.5 142.3 4 7.4 17.2 7.2
1.4 6.6 22.9
397.8 12 0.3 -3.7 -3.1 -1.9
1047 -290 92.1 -39.4 25.8 -14.4
2216.1 149.4 13.7 15.3 24.6 14.5
1.4 6.8 30.7
399.4 13.9 1.2 -3 -2.6 -1.4
1051.3 -291.4 90.4 -39.1 26.3 -13.1
2228 160.6 25 27.1 32.9 25.4
1.5 6.5 38.9
401.4 16.2 2.2 -2.4 -2 -0.9
1055.8 -295.3 90.1 -40.2 28.5 -12.4
2241.7 170 38 36.8 43.1 34.3
1.6 6.9 44.5
403.7 18.5 3.2 -2 -1.7 -0.5
1060.9 -302.6 90.2 -41.1 31.7 -10.4
2255.5 174.7 49.4 43.8 49.9 42.1
1.6 8.4 48.4
406.3 21.2 4.2 -1.8 -1.4 -0.1
1065.4 -314.7 90.4 -41 36.8 -5.8
2269.2 175.5 60 48.9 54.8 48.6
1.8 12 51.6
409.3 24 5.2 -1.7 -1.2 0.4
1066.7 -333.1 90.9 -38.8 46.4 2.5
2284.1 174.8 72.8 54.1 60.8 56.6
2.3 22.8 54.9
412.6 27 6.3 -1.6 -1.1 1.1
1059.4 -368.2 90.5 -28.4 68.4 23.5
2299.2 168.6 86.9 58.3 65.7 64.4
winner is: 10
