Regression analysis information for: KLH057a_0765
number of formants: 3
number of coeccicients: 5
7.7 120.1 61.9
327 24.3 -8 -13.9 0.9 -7.4
931.9 -229.8 234.5 -48.7 -11.6 103.6
2240 -31.4 22.6 -17.1 6.8 20.5
7.9 121.4 61.9
327.1 24.1 -8.3 -13.8 1 -7.7
932.7 -232.4 230.5 -48.8 -8.4 98.9
2240.2 -32.9 24.2 -18.5 6.7 21.5
7.7 123.3 60
327.4 23.7 -8.8 -13.4 0.8 -8.3
939.4 -238.4 225 -42.8 -11.2 92.7
2241.7 -36.1 24.6 -17.7 4.8 21.4
7.5 132 61
327.5 24.1 -9.7 -12.4 0.1 -8.1
944.7 -237.5 211.7 -32.2 -10.2 83.6
2243.4 -38.6 24 -15.4 1.5 23.3
7.3 136.5 57.6
327.9 23.9 -10.3 -11.7 -0.2 -8.2
966.7 -262.1 203.1 -6.1 -33.9 97.7
2253.2 -52.9 26 -6 -13.5 35.5
7.2 137.9 55.6
328.4 23.6 -10.6 -11 -0.7 -8.5
985.7 -284 200.3 17.3 -53.7 104.2
2263.6 -66.9 28.4 4.5 -28 45.2
6.9 136.8 53.1
329 23.3 -10.7 -10.4 -1.2 -8.7
987.1 -281.8 199.4 15.8 -48.2 97
2266.4 -69.6 29.4 6.3 -29.5 45.1
6.9 135.2 51.2
329.7 22.9 -10.8 -9.9 -1.7 -8.8
1004.7 -300.4 195.2 37.9 -68.7 101.4
2270.8 -74.3 30.3 9.6 -33.6 46.7
6.6 135.3 52.2
330.3 22.8 -11.1 -9.5 -2 -9.2
1007.5 -302 198.3 39 -73 104.1
2274.1 -77.4 31.7 10.6 -34.9 47.5
6.6 130.2 52.5
330.7 23.1 -10.6 -9.6 -2 -9
1004.3 -302.2 218.7 29.9 -83.5 121.1
2276.9 -79.1 35 9.5 -34.5 48.6
6.4 133.1 54
330.8 23.7 -10.3 -9.9 -2.2 -8.9
989.3 -286.2 234 14.8 -84.3 129.2
2278.1 -78.6 37.2 8.6 -34.7 49.7
8.5 139.2 55.2
329.2 22.6 -7.1 -6.9 -1.9 -12.6
991.5 -292.5 241.7 19.8 -85.5 126.2
2280.5 -80.8 40.3 7.8 -35.2 51
6.6 156.6 71.8
331.8 24.1 -9.4 -10.6 -1.2 -10
1012.8 -282.8 221.6 -14.6 -81.1 150.7
2293.4 -74.2 26.9 -13.7 -33.4 68.7
6.8 198.5 105.3
332.5 24.4 -9.1 -10.9 -0.6 -10.4
1057.5 -257.5 173.3 -90.5 -75.2 218.6
2317.3 -59.7 -0.1 -53.6 -31 106.8
6.8 205.7 108.2
333.2 25.2 -9 -11.4 0.4 -11.6
1048.6 -243.6 176.6 -102.4 -55.1 200.5
2314.5 -49.9 -5.6 -55.2 -25 98.1
7.5 213.1 111.6
333.4 24.9 -7.6 -10.5 1.1 -14.2
1060.3 -269.4 208.8 -127 -27.9 168.2
2322.3 -65.1 11.8 -67.8 -9.3 82
10.3 198.3 107.6
332.6 23.7 -5.2 -7.7 0.8 -18.5
1062.3 -281.5 233.5 -159.9 12.3 124
2315 -46.9 0.2 -75.3 9.2 54.1
7.4 202.5 118
336.4 25.2 -8.9 -12.6 3.8 -14.4
1084.2 -284.6 241.7 -235.2 66.8 120.5
2329.4 -45.9 -9.1 -97.8 21.6 71
7.4 210.3 117.9
337.5 25.8 -9.4 -12.1 4.1 -14.3
1064.5 -263.2 238.2 -217.9 43.6 142.3
2328.9 -39.3 -14.7 -91.3 15.8 79.9
9.3 229.2 134
337.1 27.7 -8.2 -15.1 6.6 -13.2
1083.4 -277.8 250.4 -277 82.5 151.2
2348.2 -48 -16 -120.3 38.2 89.4
winner is: 10
