Regression analysis information for: KLH057b_1659
number of formants: 3
number of coeccicients: 5
1.1 7.5 21.1
417.5 6.9 -5.1 -4.5 -0.1 -0.1
913.1 -42.8 -47.3 -7.2 -14.7 -5.4
2157.3 154.9 -101.5 45.6 -31.2 21.8
1 7.3 21
418.5 7 -3.1 -4.7 0.8 -0.3
914.2 -43.6 -43.9 -7.9 -16.4 -4.8
2160.7 154.5 -96 43.9 -29.7 21.7
1.1 7.2 20.2
419.7 6.8 -0.8 -4.9 1.9 -0.7
915 -45.4 -40.7 -8 -19.1 -5.2
2164.7 152.4 -89.7 42.4 -28.8 20.4
1.3 7.1 20.2
420.9 7 1.7 -4.9 2.8 -1.2
915.8 -47.1 -37.7 -7.8 -22 -5.8
2167.5 151.8 -83 41.7 -29.1 19.2
1.5 6.2 19.9
422.7 6.7 4.7 -5.3 4.4 -2.1
917.7 -49.9 -36.9 -7.6 -24.6 -8
2172.8 148.5 -75.8 40 -27.9 14.5
2.4 6.5 20.1
425.1 6.1 8.4 -6.3 6.4 -3.3
919.7 -53.3 -36.8 -8.5 -28 -7.5
2179.7 143.3 -67.1 35.7 -26.1 10.5
4 7.6 21.2
428.2 4.6 13.1 -8 9.4 -5.2
922.2 -57.9 -38.9 -9 -32.7 -7.8
2188.3 136.2 -57.7 30.3 -22.7 4.4
7.2 9.1 19.3
432.4 1.1 19.7 -11.7 13.9 -8.9
924.6 -64.2 -42.2 -9.8 -38.6 -7.1
2194.4 135 -55.9 32.1 -27.4 6.3
13.2 13.4 23.8
438.2 -5.2 29.1 -18.1 21.1 -15.1
928.1 -75.1 -44.6 -14 -43.8 -9.3
2202.2 129.9 -51.3 30.7 -29.2 5.3
15.3 20.3 42.8
443.2 -9 36.5 -22 25.5 -18.7
927.7 -83.5 -55.2 -13.7 -57.6 -5.4
2200.3 145.5 -66.5 49.6 -52 24.7
15.3 28.2 26.3
446.5 -9.4 40.2 -22.8 26.7 -19.9
937.6 -121.3 -46.9 -39.1 -51.8 -25.8
2222.5 111.9 -36.3 21.9 -29.7 -2.3
15.6 34 31.8
449.6 -10.8 43 -24.5 27.4 -21.3
941.9 -139.4 -52.9 -43.7 -62.7 -25.7
2228.8 110.3 -38.8 25 -38.8 2.3
15.5 49.3 30.7
453.9 -12.1 47.2 -26.4 28.6 -23.1
948.2 -198.1 -56.2 -78 -70 -44.2
2242.8 94.2 -28.3 15.3 -36.4 -5.7
19.4 220.6 85.7
453.7 -17.2 43.7 -31.7 25.6 -27.3
1072.6 -39.9 184.7 72.8 173.9 87.1
2309.7 163.8 83.6 90 58 63.3
16.8 213.5 79.7
457.7 -17 46.1 -30.6 25.7 -24.7
1238.8 -206.5 369.3 128.5 106.1 316.5
2345.4 168.9 128 105 76.5 81
18.3 202.1 72.8
458.3 -18.8 42.9 -30.9 24.7 -21.9
1272.2 -170.9 404.4 190.9 117.1 355.3
2373.1 187.4 153 132.4 76.7 96.4
22.4 163.1 54.9
456.6 -16.1 38.9 -21.2 29.4 -9
1383.9 -16.5 535.8 286.9 94.1 304.6
2426.8 271.2 211.7 176.3 65.5 60.9
24 155.6 63.5
460.5 -17.1 40.7 -21 34.6 -9.8
1426.1 18 560.1 303.4 49.7 253.7
2451.6 289.6 219.3 182.5 41.8 31.6
9.9 159.4 83
469.4 -1 40.4 -20.5 22.7 -21.3
1475.7 36 567.3 335.9 -30.6 200.9
2480.8 299 214.9 198.4 0.1 1.9
8.5 189.2 87.6
472.5 3.1 33.7 -19.7 21.5 -19.9
1532 47.9 568.6 378.2 -149 136.4
2502.1 315.2 213.1 196.2 -35.6 -23.1
winner is: 5
