Regression analysis information for: KLH057a_1119
number of formants: 3
number of coeccicients: 5
2.7 10.5 24.9
365.8 33.1 -29.5 -0.6 -5.5 -0.7
946.4 31.1 -52 14.7 22.8 10.6
2091.2 -34.8 -98.6 -20.7 -46.3 -12.6
2.7 10.4 23.7
365.6 33.6 -29.2 -0.6 -5.4 -0.9
945.7 32.9 -49.9 14.2 23.7 9.3
2092.3 -28.7 -95.9 -17.9 -42.8 -12.3
2.7 10.6 23.8
365.5 34 -28.9 -0.6 -5.4 -0.9
944.9 36.1 -46.2 14 24 9.6
2093.3 -21.1 -92.5 -16.2 -41 -13
2.8 10.6 23.6
365.6 34.4 -28.4 -0.7 -5.3 -1.1
945.9 37 -42.4 13.7 24.6 8.1
2097.6 -14 -84 -14.1 -37.2 -14.4
2.8 10.9 23.7
365.9 34.6 -27.8 -0.7 -5.4 -1.2
948.1 38.4 -38.6 13.9 24.1 7.9
2103.9 -6.4 -74.6 -11.8 -35.2 -14.8
2.8 11.3 24.6
366.6 34.5 -27.5 -0.6 -5.5 -1.3
952.1 38.6 -35.1 14.7 24.8 7.3
2112 -1.4 -65.4 -10.4 -34.3 -16.8
2.8 11.8 24.6
367 34.5 -26.9 -0.7 -5.4 -1.5
955 37.4 -31.9 13.8 25.1 6.1
2118.9 0.8 -56.2 -9.8 -32.5 -17.7
2.9 11.9 25.4
367.9 34.2 -26.1 -0.8 -5.2 -1.6
959.8 37.5 -28 15 26.5 5.9
2129.8 7.2 -42.6 -6.2 -28.3 -18.4
2.9 12.3 26
368.5 33.8 -25.5 -1.1 -5.5 -1.7
963 35.9 -23.9 13.5 26.2 5.3
2136.2 7.9 -34 -7.8 -28.8 -19.9
3 13.1 27.4
369.4 33.9 -24.3 -1.2 -5.3 -1.8
968.2 36.8 -18.3 13.6 27.5 5.3
2151.6 22.8 -12.8 0.1 -22.5 -18.2
3.1 13.6 30.2
370.5 33.3 -23.5 -1.4 -5.6 -2.1
973.6 35.2 -13.8 13.6 28.2 3.6
2162.6 27.3 -0.7 0.6 -23.5 -23.6
3.3 15.2 25.9
371.5 32.5 -22.8 -1.6 -5.4 -1.9
979 31.8 -11.1 11.9 31.4 3.2
2171.5 25.8 8.1 2.4 -16.1 -18.9
3.4 16.6 25.4
372.9 32.1 -21.7 -1.7 -5.2 -2
986.6 31.1 -5.2 11.9 35.1 2.4
2187.2 35.4 25.3 7.4 -9.6 -17.9
3.6 19.7 21.1
374.7 31.5 -20.5 -1.8 -5.3 -2.1
995.6 30.8 3.3 11.4 39.8 1.2
2199.4 37.9 36.7 5.5 -7.4 -19.3
3.6 20.2 19.4
376.2 32.2 -20.1 -1.5 -5.9 -2
1002.4 37 4.6 14.8 40.7 3
2207.7 44.6 37.1 6.6 -10.1 -16.6
3.7 23.4 18.4
377.8 32.9 -19.9 -1.6 -6.2 -2.4
1010.5 42.8 8.6 16.1 44.8 1.7
2215.2 49 34.1 -1.9 -16.9 -24.7
3.8 25.9 15.7
380.1 33.7 -19.5 -1.7 -6.9 -2.6
1020.8 48.7 14.1 17.2 48.9 1.4
2223.6 49.4 31.2 -9.5 -22 -26.1
3.9 25.8 15.8
382.2 35.2 -19.3 -1.5 -8 -2.7
1029.6 58.9 16.1 20.1 49.6 3
2231.3 54.5 25.5 -15.8 -29.8 -25.6
4 26.3 13.8
384.8 35.8 -19.4 -2 -9.3 -3
1039.5 66.4 18.6 19.4 49.7 1.3
2239.7 55.8 21 -24.2 -34.2 -24.4
4 27.8 13.7
387 36.9 -19.6 -2.7 -10.2 -3.7
1049.1 71.4 20.6 14.7 50.8 -3
2246.8 56.4 17.6 -30.9 -34.8 -23.3
winner is: 2
