Regression analysis information for: KLH057b_0696
number of formants: 3
number of coeccicients: 5
4.8 13.4 20.5
323.3 -31.7 -28.1 1 -9.4 1.7
1911.5 10.3 -29.4 41.8 -29.7 18.1
2465 11 -78.7 15.3 -23.3 29
4.5 17.1 24.5
322 -31.3 -28.4 1.1 -9.5 1.3
1917.8 4.8 -26.4 44.7 -36.1 26.3
2469.6 14.4 -78.7 14 -21.5 35.4
4.6 19.7 27.8
321.4 -31.4 -28.4 1.2 -9.4 1.1
1919 4.8 -24.9 44.8 -37.2 30.7
2470.1 19.9 -77.5 10.9 -16.9 39.7
4.3 22.8 30.3
320.6 -30.8 -28.7 1.4 -9.8 0.7
1920.4 3.6 -22.2 46.4 -40.5 38.8
2468.6 25.5 -78 9.9 -11.1 44.7
4.1 20.6 30.6
319.9 -30.5 -28.7 1.4 -9.8 0.4
1906.9 21.3 -21.9 34.6 -26.9 33.5
2454.8 46.9 -76.5 -0.1 6.1 41.6
4.1 17.5 28.7
319.6 -30.7 -28.7 1.4 -10 0.3
1900.4 29.2 -20.5 29.4 -17.8 28.9
2448.7 42.3 -77.2 3.7 12.9 47.2
4 16.1 25.5
319.4 -30.5 -29 1.5 -10.2 0.2
1888 48.7 -34 38 -17.2 26
2432.4 41.4 -97.4 8.4 8.2 45.2
4 13.3 20
319.2 -30.7 -28.8 1.7 -10.4 -0.1
1886 47.2 -36.7 45.8 -21.3 22.1
2430.3 40.6 -93 20.6 5 36.4
3.9 12.6 21.2
319.2 -30.8 -28.9 1.7 -10.5 -0.2
1887.8 44.3 -41.3 53.2 -28.4 20.6
2421.9 19.9 -118 1.5 -25.2 9.8
3.9 13.7 17.7
319.4 -30.7 -29 1.8 -10.6 -0.3
1894.2 35.6 -42.8 59.9 -36.1 21.2
2433 26.4 -109.6 11.8 -25.6 10.6
3.8 19.5 16
319.5 -30.9 -28.9 1.9 -10.8 -0.4
1905.2 20 -40.1 67.4 -50.5 24.4
2443.2 26.8 -104.7 11.9 -43.6 -2.7
3.8 24.1 14.5
319.8 -30.9 -28.9 2.1 -10.9 -0.5
1917.4 4.5 -37.7 76.6 -63.1 27.8
2457.1 30.6 -95.3 23.5 -51.9 -8.4
3.8 26.7 17.1
320.1 -31 -29.1 2.1 -10.9 -0.5
1932 -8.6 -35.6 81.1 -70.7 31.4
2481.8 42.6 -88.7 31.2 -56.7 -7.8
3.8 29.2 22.4
320.4 -31.1 -29.1 2.1 -10.9 -0.6
1946.5 -20.3 -32.9 82.7 -75.3 32.6
2509.8 54.8 -80.7 40.8 -64.3 -6.7
3.8 29.7 29.1
320.9 -31 -29.2 2.2 -11 -0.6
1961.6 -31 -30.1 82 -76.8 32.4
2543 69.4 -70.6 53.1 -71.2 -1.9
3.7 30 37.3
321.3 -31.2 -29.3 2.2 -11 -0.6
1975.4 -40.6 -27 78.7 -76 31.2
2577.6 82.7 -60.5 62.7 -77.7 5
3.7 30 38.8
321.7 -31.3 -29.5 2.2 -11 -0.7
1988.5 -48.2 -25 75.5 -73.4 28.3
2608.1 89 -58.6 64.4 -88.1 2.4
3.7 30.3 38.4
322.2 -31.2 -29.7 2.1 -10.9 -0.8
2001.3 -55.4 -24.5 71.5 -70.6 25.9
2636.6 90.7 -60.8 61 -95.2 0.2
3.8 29.5 35.4
322.6 -31.4 -29.9 2.1 -10.9 -0.8
2012.4 -59.7 -25.6 69.9 -69.1 26.8
2664 90.4 -63.9 62.3 -99.4 7.6
3.8 29.7 34.4
323 -31.5 -30 2.1 -10.8 -0.8
2023.5 -64.9 -26 66.6 -66 25.7
2690.4 88 -65.7 56.8 -98.4 7.5
winner is: 10
