Regression analysis information for: KLH057a_0767
number of formants: 3
number of coeccicients: 5
3 10.8 48.2
373.4 20.2 -12.3 4.6 -3 4
847.1 -98.3 72.4 -5.9 -13.1 4.2
2193.5 38.1 -18.1 39.7 -41.1 37.8
2.8 8.1 2.8
373.6 21 -12.3 3.6 -2.8 4
847.8 -96.4 76.5 -17.4 -6.3 0.7
2214.5 -4.8 21.4 -3.3 -0.8 -4.6
2.5 6.6 2.6
373.8 21.5 -12.5 2.9 -2.2 3.5
846.5 -91.6 76.3 -25.2 2.4 -7
2215.1 -4.1 20.6 -3.8 -0.8 -3.8
2.4 6.6 2.5
374.2 22.2 -12.7 2.5 -2 3.5
849.2 -91.4 76.9 -29.4 6.1 -10.5
2216.1 -3.4 19.9 -4.5 -0.4 -3.5
2.3 8.9 2.4
374.3 22.6 -12.9 2.3 -1.6 3.1
848.2 -88.5 75.1 -31.3 10.2 -15.2
2216.7 -3.1 19.2 -5.2 0.3 -3.6
2.2 10.3 2.4
374.6 23.5 -13.1 1.8 -1.6 3.2
847.1 -81.7 73 -33.8 10.9 -15.4
2217.4 -1.4 19.1 -7.1 0.9 -3.2
2.2 12.2 2.6
374.8 24 -13 1.9 -1.5 3.2
848.4 -82 73.7 -34 12.1 -17.2
2218.2 -1.3 19.1 -7.3 1.5 -3.4
2 14.7 3.3
374.3 24.3 -12.5 1.9 -1.8 2.8
843.1 -76.3 74.2 -33 10.6 -19.5
2215.8 -0.1 22.3 -8.7 0.1 -3.7
1.9 14.8 3.6
374.6 25.5 -13 1.8 -1.9 2.8
841.9 -68.3 68 -30.2 8.1 -17.6
2216.5 2.2 21.1 -10.3 1.1 -3.9
1.9 15.1 4
374.7 26 -12.8 2.1 -1.9 2.8
842.7 -67.9 67.5 -28.2 7.9 -18.1
2217.1 2.3 21.4 -9.7 1.3 -4.5
2.1 13.5 4.1
375.1 26.2 -12.9 2.5 -1.8 3
842.7 -64.7 63.9 -23.7 5.4 -15.4
2218.1 2.3 20.5 -8.5 1.8 -4.7
2.2 8.2 3.9
374.9 27.3 -13.2 3.6 -2.5 3.4
838.7 -54.5 54.3 -12 -4.4 -7.1
2217.7 3.6 19.9 -5.9 -0.2 -4.4
2.1 9.1 4.1
375 27.4 -13.1 4.3 -2.2 3
839.6 -54.4 53.3 -10 -4.1 -8.2
2218 3.4 19 -3.5 0.7 -6.1
2.3 7 3.6
375.6 28.3 -13.6 5 -2.6 3.4
839.4 -49.4 48.2 -4.7 -8.6 -3.7
2219.1 5.4 15.9 -0.8 -0.8 -4.8
2.4 6.8 3.3
376.5 29.1 -13.7 5.6 -2.7 3.5
842 -50.1 47.3 -3.1 -9.8 -3.3
2221.8 5.2 14.2 0.9 -1.1 -5.1
2.5 6.8 3
377.4 29.8 -13.8 6.4 -2.8 3.7
843.8 -49.6 45.6 -1.1 -11.4 -2.2
2223.7 6 12 3.5 -2 -4.7
2.7 7 2.7
379 30.5 -14 6.6 -2.8 3.7
846.7 -51.5 45.6 -0.6 -12.4 -1.9
2227.6 5.3 9.9 4.4 -2.1 -4.8
2.9 7.4 2.5
380.6 32 -14.1 7.2 -3 4.1
848.9 -53.5 45 0.6 -13.9 -1.7
2231 5.3 7.8 5.9 -2.7 -4.5
3.1 7.8 2.2
382.8 32.8 -13.7 7.7 -3.2 3.9
850.9 -56.6 45.3 0.8 -15 -1.2
2235.2 3.9 6.6 7 -3.3 -4.9
3.2 8.6 2.1
385.3 34.7 -13.3 8.2 -3.4 4
851.8 -60.7 45.3 1.1 -16.2 -1.5
2239.2 3.3 5.3 7.7 -3.6 -5
winner is: 4
