Regression analysis information for: KLH057b_1263
number of formants: 3
number of coeccicients: 5
4.6 3.5 5.5
538.9 27.9 -49.5 15.5 -11.8 7.7
1429 33.1 34.2 3.4 15.7 4.2
2291.3 -4 4.8 -7.8 2.4 -2.5
4.9 3.5 5.7
537 27.5 -49.1 14.3 -10.9 7.7
1426.9 32.4 35.1 2 16.8 4.3
2287.7 -4.3 6.9 -11.1 5.6 -2.4
4.5 3.2 5.7
536.1 26.4 -48.2 13.9 -11 7.8
1425.7 31.3 36.5 1.5 16.5 4.3
2284.3 -6.3 10.9 -12.8 5.5 -1.5
4.6 3.3 5.6
535.8 25.7 -48.4 14 -10.9 8
1425.1 30.1 36.3 1.6 16.7 4.7
2282.5 -9.1 11.2 -12.7 6.2 -0.8
4.4 3 5.6
536.1 25.1 -48.2 13.8 -10.8 7.8
1425.5 29.2 36.6 1.2 17 4.2
2283.4 -11.1 12.4 -13.3 7.1 -1.8
4.5 3 5.9
536.6 24.6 -48.3 13.7 -11 7.8
1426.1 28.8 36.4 1.1 16.9 4
2285 -12.6 12.3 -13.2 6.3 -2.2
4.5 3.2 7
537.2 24.1 -48.8 13.5 -11.3 7.8
1426.8 27.6 35.5 0.6 16.6 3.7
2286.8 -16.5 8.9 -14.7 4.8 -3.5
4.5 3 7
538.2 23.7 -48.9 13.4 -11.3 7.8
1428.3 27.6 35.2 0.5 16.7 3.5
2291.4 -17 7.7 -14.4 4.5 -4
4.6 3.1 7.5
539.4 23.7 -49.3 13.5 -11.7 7.8
1430.1 27.8 34.7 0.7 16.5 3.3
2297.1 -16 6.3 -13 3.2 -4.7
4.6 3.1 7.8
540.8 23.7 -50 13.5 -12.2 7.8
1432.1 27.6 33.9 0.5 16.2 3
2303.5 -16.5 3.9 -12.9 1.7 -6.2
4.7 3.2 8.7
542.4 23.3 -50.6 13.6 -12.5 7.8
1434.4 27.7 33.1 0.5 16.1 2.6
2310.7 -16.1 1.7 -12 0.4 -7.3
4.9 3.4 10
544.3 23.6 -51.5 13.8 -13.1 7.9
1437.2 28.1 32.5 0.8 16 2.3
2319.8 -14 0.7 -10 -0.5 -8.4
5 3.6 11.3
546.5 23.9 -52.5 14.2 -13.6 7.9
1440.4 28.9 32 1.2 16 2.1
2330.1 -11 0.2 -7.4 -1.2 -9.4
5.1 3.9 12.7
548.8 24.1 -53.5 14.6 -13.9 7.8
1443.8 30 31.5 1.8 16.2 1.9
2341 -7.5 -0.1 -4.2 -1.5 -10.2
5.2 4.2 14.3
551.3 24.9 -55 15.2 -14.4 7.7
1447.5 31.1 31 2.5 16.4 1.7
2352.7 -3.6 -0.6 -0.8 -1.9 -11
5.3 4.6 16.2
553.8 25.6 -56.7 16 -14.8 7.7
1451.1 32.4 30.5 3.4 17 1.7
2364.7 0.2 -0.7 3.4 -1.2 -11.2
5.2 4.9 18.5
556.5 27.1 -58.8 17.1 -15.1 7.3
1455 34.3 30.3 4.4 17.6 1.4
2378.2 5.9 0.3 8.3 -1 -12
5.2 5.2 20.6
559 29.3 -61.4 18.7 -15.6 6.6
1458.8 36.4 30.5 5.7 18.3 1.1
2392.1 12.2 2.3 14.3 -0.7 -13.1
5.2 5.4 22.8
561.1 31.8 -64.7 20.9 -15.6 5.6
1462.3 38.8 30.7 7.2 19.6 0.6
2405.9 18.6 4.8 21.5 1.4 -14.5
5.5 5.7 25.8
563 35.9 -68.6 23.5 -15.7 4
1465.6 42.2 31.6 8.8 20.8 0.1
2421.1 28.2 9.8 30 2.8 -15.2
winner is: 5
