Regression analysis information for: KLH057b_0609
number of formants: 3
number of coeccicients: 5
7.3 2.4 45.2
595.8 -71.2 -99.5 -7.4 -20 -7.8
1136.5 30.9 -35.2 0.3 -8.7 0.1
2282.4 -91.2 -96.3 -62 1.8 9.6
8.5 2.5 53.7
563.8 -71.5 -75.5 9.9 -14.7 -15.2
1132.8 32 -33.5 1.1 -8.4 0
2277.1 -108.9 -123.9 -67.5 3.9 23.2
8.2 2.7 44.8
546.7 -65.2 -53 10.8 -14.4 -12.6
1131.4 33.5 -29.9 1.7 -7.6 0.7
2292.1 -49.4 -116 -44.6 6.3 5.2
8.2 3 39.1
534.6 -60.5 -38.5 7.3 -16.8 -8.3
1129.4 34.8 -27.8 1.3 -7.5 1.3
2291.7 1.4 -119.3 -30.9 14.5 -17.3
8.1 3.1 33.6
528 -58.3 -30 4.8 -19.1 -5.7
1128 35.4 -26.2 0.8 -7.7 1.7
2289 29.2 -119 -28 22 -30.9
8.4 3.1 26.3
523.3 -58.5 -28.3 3.7 -21.7 -3.8
1126.5 36.2 -26.1 0.5 -7.9 2.2
2286.8 34.6 -112.8 -33.9 25 -37.5
8.4 3.3 20.4
524.5 -56.9 -22.4 3 -20.6 -2.9
1127.2 36.1 -24.1 0.4 -7.7 2.4
2297 46.1 -92.6 -27.1 28.8 -31.9
8.6 3.4 18.1
524.8 -57.3 -20.9 2.2 -21.1 -2.2
1127.4 35.9 -23.6 0.2 -7.8 2.6
2302.6 34.6 -82 -31.4 27 -24.9
9.1 3.3 19
523.9 -59.3 -23.3 1.8 -23.5 -1.4
1126.8 36.1 -24.5 0.1 -8.3 2.9
2309.3 12.2 -75.3 -40.2 18.6 -19.1
9.7 3.5 19.7
525.7 -60 -22.7 1.6 -24.2 -1.3
1127.2 36 -24.4 0 -8.5 2.8
2323.7 -9.5 -64.9 -43.2 11.6 -9
9.8 3.7 20.4
529.4 -60.6 -18.9 0.9 -22.7 -0.7
1128.7 35.1 -23.1 -0.1 -8.3 2.9
2345.4 -30.9 -48.5 -44.7 8.7 2.7
10.1 3.7 28.2
531.9 -61.9 -18.4 0.9 -23 -0.1
1129.3 34.9 -23 0 -8.4 3.1
2369 -61.3 -33.3 -48.5 -0.1 17.4
10 3.4 43.3
532 -65.6 -21.5 1.1 -25.4 1.5
1128.9 35 -24.1 0.1 -8.7 3.5
2391.6 -101.4 -22.7 -50.5 -19.1 38.4
10.4 3.5 56.3
534.5 -68.1 -20.9 1.1 -25.9 2
1129.5 34.6 -24 0.3 -8.8 3.6
2420.8 -140.8 -4.1 -52.3 -31.5 57
10.2 3.6 62.2
539.1 -69.7 -16.8 0.9 -23.9 2.6
1130.8 33.9 -22.7 0.4 -8.6 3.7
2454.1 -174.5 24 -59.5 -29.1 68.7
10.9 3.5 70.7
540 -73.3 -19.6 1.6 -26.8 3.3
1130.3 34.4 -23.8 0.9 -8.9 4
2476.6 -209.7 29.4 -56.4 -47.9 85.4
11.2 3.6 73
542.7 -76.3 -18.7 2.1 -27.1 3.9
1130.6 34.4 -23.7 1.3 -9 4.2
2501.6 -238.4 43.2 -59.3 -50.6 91.6
11.6 3.6 72.6
545.1 -79.3 -17.8 2.8 -27.3 4.6
1130.6 34.6 -23.6 1.9 -9.1 4.5
2523.8 -263.7 55.7 -62.5 -51.4 96.1
11.2 3.9 63
549.1 -82.1 -12.9 2.2 -24.3 4.1
1131.4 34 -22.4 2.1 -8.9 4.6
2548.4 -287 79.6 -78.3 -33.8 86.6
12.1 4.1 62.4
550.5 -84.9 -11.2 1.9 -23.1 3.8
1131.1 34.3 -22.4 2.6 -9 4.9
2563.1 -302.9 91.1 -89.7 -23.8 81.7
winner is: 8
