Regression analysis information for: KLH057a_4883
number of formants: 3
number of coeccicients: 5
4.3 11 18.2
397.7 -1.7 -26.2 -1.1 -3.9 5.1
985.7 124.2 26.5 28.8 -1.3 4.1
2103 -272.6 -145.6 -97.4 -46.4 -47.3
4.2 11.8 20.1
396.7 0.8 -25.2 -1.7 -2.4 5
984.4 130.5 30.3 30.8 2.7 5.4
2105.1 -266 -140.9 -91.9 -46.8 -48.9
4.2 14.2 21.1
396.4 1.6 -24.3 -1.5 -1.9 5.5
985.7 135.7 36 34.8 6.6 8.8
2102.7 -265.9 -140.1 -88.5 -47.6 -49.6
4.4 16.6 26.6
395.9 3.9 -23.7 -1.7 -0.6 5.7
986.4 143.4 40.3 37.9 12.2 12.4
2102.7 -257.9 -140.2 -83.9 -48.4 -48.6
4.6 18.8 27.5
395.3 6 -23.5 -2.1 1.1 4.7
987 149.7 43.3 39 17.2 12.6
2103.5 -254.4 -138.8 -84.8 -50 -50.6
4.4 18.4 30.8
395.5 6.8 -22.6 -2.7 1.5 5
988.9 153.5 46.3 38.7 18.9 14.1
2108.1 -247.6 -132.7 -87 -51.5 -52.8
4.5 18.3 33.6
395.8 8.3 -22 -3 2.7 4.7
990.1 156.4 47.4 37.7 20.8 13.4
2115.5 -236.7 -124.5 -87.2 -48.8 -55.9
4.6 18.8 36.9
396.4 9.5 -21.6 -2.6 3.3 4.8
992.5 160.1 48.5 38.3 22 14.4
2120.4 -224.1 -122 -85.5 -49.6 -58.7
4.7 18.8 40.2
396.9 10.3 -21.6 -2.8 3.6 4.4
994.4 162.2 48.6 37.4 22.3 13.8
2126.7 -212.9 -118.7 -86.8 -49.9 -64.2
4.9 18.9 41.1
398.1 11.2 -20.7 -2.6 4.3 4.9
996.7 163.6 49.2 36.7 22.9 14
2137.3 -203.7 -110 -86.3 -46.4 -65
5.1 19.2 42.1
399.3 12 -20 -2.4 5.1 5.1
999.9 166.2 50.2 36.3 23.7 14.5
2146.8 -196.8 -103.2 -89.2 -44.6 -69.3
5.2 19.2 45.1
400.4 12.5 -19.8 -2.6 5.3 5.1
1002.1 167.1 49.9 34.6 23.3 13.9
2158.4 -186.5 -95.2 -89.8 -44.1 -72.9
5.3 19.3 46.7
401.9 12.4 -19.1 -3.2 5.5 5.3
1004.8 168 50.1 33 23 13.6
2170.3 -185.4 -86.3 -95.9 -43.9 -76
5.7 19.4 50.8
403.7 13.1 -18.2 -3 6.5 5.8
1008.1 170.4 50.2 32.1 23 14.2
2182.5 -178.8 -78.4 -98.8 -43.4 -81.2
6.4 17.9 62.1
406.2 14.4 -16.9 -2.5 7.4 6.7
1009.7 169.4 47.6 28.1 20.1 10.9
2195.6 -173.6 -73.3 -105.5 -49.4 -91.9
6.9 19.8 43.4
408.5 15.5 -15.5 -1.5 8.6 7.6
1014.4 175.3 51.1 30.9 23 13.9
2251.6 -79.4 20.7 -23.5 29.7 -22.7
8.2 20.2 43.8
411.9 17.3 -13.1 -0.1 10.4 9.6
1017.3 177.9 51.2 29.9 23 13.9
2269.6 -68 35.7 -22.2 31.7 -25.8
9.6 20.5 21.1
415.6 18.7 -10.7 1 12.3 11.7
1019.6 180.6 50.9 28.4 23 13.3
2313.4 -12.5 98.1 19.8 73.1 4.7
10.8 20.7 20.5
419.5 19.5 -8.4 1.8 14.2 13.9
1021.7 184.2 50.2 27.5 23.4 13.7
2321.9 -16 97.8 13.2 70.3 3.7
10.9 20.9 21.9
423.1 18.7 -7.9 0.8 14.9 14.7
1023.1 188.2 49.2 26.1 23.6 13.1
2331.9 -18.3 97.8 7.3 68.9 4.1
winner is: 1
