Regression analysis information for: KLH057a_5960
number of formants: 3
number of coeccicients: 5
2.1 7.8 5.4
444.4 -4.1 3.4 9.1 -2.7 2.6
903.4 -57 50.1 2 -1.8 8.9
2410 8.8 -30.3 3.5 -1.9 12
2.3 8.3 5.6
444.4 -3.2 3.5 8.9 -2.3 2.5
903.6 -55.3 50.8 1 -0.8 9.5
2410.9 7.8 -29.9 3.8 -2.7 12.8
2 8.3 4.6
444.9 -3 4.3 7.7 -1.7 2
904 -54.5 52.8 -2.4 0.8 9.1
2410.8 7.4 -29.8 6.7 -3.2 13.8
2 8.4 4.3
444.2 -2.5 4.3 6.8 -1.3 2
901.7 -53.2 54 -6.1 1.9 9.7
2412.1 6.6 -29.4 8 -4.2 14.4
2.1 8.6 3.5
443.6 -3 3.5 5.1 -1 1.3
899.7 -53.3 52.7 -11.1 4 8
2412.8 5.9 -28.5 9.9 -5.2 15.3
1.9 8.2 2.7
442.5 -2.5 2.5 3.5 -1.1 0.3
895.6 -50.2 50.7 -15.6 4.7 5.5
2414.2 3.4 -26.5 10.9 -5.5 16.7
2 7.6 2.5
442.1 -2.6 1.6 2.8 -1.1 0.2
894.8 -50.2 48.8 -17.4 5.7 4.8
2414.2 2.9 -25.7 11.1 -6 16.7
1.9 7.5 2.4
441.9 -2.6 1 1.5 -1.2 -0.4
893.7 -48.9 47.3 -20.2 6.2 3.5
2413.9 2.1 -24.9 11.1 -5.8 17.1
2 7 2.2
441.6 -2.4 0.5 0.8 -1.4 -0.5
892.8 -48 46.3 -21.6 6.4 3
2413.3 1.6 -24.3 10.3 -6 17.1
2.2 6.8 1.9
441 -2.7 -0.8 0.1 -1.4 -0.4
892.2 -47.7 43.9 -22.8 7.5 2.8
2411.8 1 -25.4 8.6 -5.6 16.5
2.2 6.8 1.7
441.4 -2.7 -1.1 -0.6 -1.2 -0.5
893.1 -47.4 43.1 -23.7 8.4 2.4
2411.3 0.6 -26.1 7.8 -4.8 16.2
2.3 6.8 1.6
441.9 -2.2 -1.7 -0.8 -1.3 -0.3
894.3 -46.7 41.7 -23.5 8.6 2.6
2411.4 0.8 -26.9 7.3 -4.4 15.7
2.5 6.6 1.6
442.4 -1.4 -2.4 -1 -1.4 -0.2
895.3 -45.5 40 -23.1 9 2.4
2411.7 1.6 -27.8 7.2 -3.5 14.8
2.5 6.8 1.8
443 -0.6 -2.9 -1.1 -1.4 -0.1
896.3 -43.9 38 -22.4 9.3 2.2
2412.1 3.2 -29 7.9 -2.8 13.9
2.7 7.1 1.8
443.9 0.6 -3.5 -1 -1.7 0.1
897.8 -42.9 36.6 -21.8 9.3 2.6
2413.2 5 -29.9 8.4 -3 13.8
2.6 6.9 2
445.1 1.2 -3.7 -1.5 -1.5 -0.2
899.6 -42.7 35.6 -21.7 9.9 1.9
2414.6 6.1 -30.4 9.1 -2.4 12.9
2.7 7.2 2.2
446.3 2.5 -4.3 -1.1 -1.5 0
901.1 -42.1 33.9 -20.7 10.2 1.8
2416.2 7.9 -31.6 10.9 -2.6 12.7
2.9 7.4 2.6
447.9 4.1 -4.9 -1.1 -1.7 0.1
903 -42.1 32.4 -20 10.3 1.9
2418.3 9.6 -32.5 12.2 -3.4 12.4
2.8 7.3 2.5
450 5.1 -5 -1.6 -1.3 0
904.6 -42.8 31.4 -20 11 1.1
2421.2 9.3 -32 13.3 -3.9 12.9
3 7.6 2.6
452.1 6.6 -5 -1.2 -1.1 0
906.1 -44 30.4 -19.5 11.1 0.9
2424.4 8.8 -31.3 14.6 -4.7 13.4
winner is: 11
