Regression analysis information for: KLH057a_2181
number of formants: 3
number of coeccicients: 5
1.2 6.2 8.2
367.5 12.6 -1.5 2.6 0.4 2
1701.8 -83.6 -55.4 -21.4 -21 1.3
2199.9 -96.2 -31.9 -32.1 0.3 -6.7
1.2 6.3 7.5
367.3 12.8 -1.4 2.7 0.4 2.1
1702.3 -83.4 -55.2 -20.7 -20.9 1.3
2201.5 -96.6 -32.2 -30.9 0.1 -7
1.2 6.4 7.3
367.2 12.8 -1.3 2.7 0.4 2.1
1702.5 -83.6 -55 -20.3 -20.9 1.4
2202.2 -96.8 -32.2 -30.2 0.2 -6.9
1.2 6.4 7.1
367.1 13 -1.3 2.8 0.4 2.1
1702.7 -83.6 -54.3 -19.3 -20.8 1.4
2203.5 -97.7 -31.8 -29 0.1 -7.2
1.3 6.4 6.8
366.9 13 -1.2 2.8 0.5 2.2
1702.4 -84.5 -54 -18.3 -20.4 1.8
2203.9 -99.1 -31.8 -27.5 0.1 -6.9
1.3 6.6 6.6
366.8 13.2 -1.2 2.8 0.4 2.2
1702.3 -84.8 -53.3 -18.1 -20.9 1.8
2204.8 -100.5 -31.6 -26.2 -0.3 -7.7
1.3 6.8 7.1
366.6 13.3 -1.2 2.8 0.4 2.1
1701.7 -85.7 -52.6 -16.6 -20.9 0.9
2204.2 -102.2 -30.1 -24.5 -0.4 -9
1.3 7.1 7.6
366.5 13.5 -1.3 2.7 0.5 2.1
1701.7 -86.5 -52.8 -16.8 -21.9 0.8
2205.7 -105.1 -30.7 -22.3 -3.2 -9.1
1.3 7.1 7
366.4 13.6 -1.3 2.7 0.4 2
1701.4 -86.2 -52 -17.4 -22.7 0.4
2205.1 -104.9 -29.4 -23.3 -3.3 -10.2
1.3 7.1 7.1
366.3 13.8 -1.3 2.6 0.4 2.1
1701.7 -85.2 -51.7 -18.1 -23.1 0.6
2205.7 -104.6 -28.8 -24.2 -3.9 -9.7
1.2 7 7
366.4 14 -1.4 2.6 0.5 2
1702 -84.2 -51.7 -19.1 -23.3 0.6
2206 -103.5 -28.2 -26 -3.7 -9.5
1.3 6.9 7
366.3 14.3 -1.5 2.7 0.4 2.1
1702.9 -82.2 -51.7 -19.5 -23.8 0.8
2207 -101.7 -27.6 -27.5 -3.6 -9.2
1.3 6.6 6.7
366.4 14.5 -1.4 2.7 0.4 2.1
1704 -80.5 -51.7 -20.3 -24 0.9
2208 -99.3 -27.7 -28.9 -3.7 -8.6
1.3 6.4 6.5
366.5 14.7 -1.4 2.7 0.4 2.1
1705.1 -78.8 -52.3 -21.2 -24.4 0.8
2209.3 -97.2 -28.6 -29.6 -4.1 -8.3
1.3 6.2 6.3
366.6 14.9 -1.5 2.7 0.4 2.1
1706.7 -76.5 -53.1 -21.9 -24.9 0.5
2211.2 -94.6 -30 -30 -4.8 -8
1.3 6.1 6.1
366.8 15.1 -1.4 2.8 0.4 2.1
1708.6 -74.3 -53.3 -22.4 -25.1 0.6
2213.4 -92 -31.1 -29.9 -5.5 -7.5
1.3 6.2 6.2
367 15.4 -1.4 2.8 0.4 2.1
1710.9 -71.8 -53.7 -22.8 -25.4 0.5
2216.3 -89.6 -32.1 -29.9 -6 -7.3
1.3 6.2 6.5
367.2 15.6 -1.3 2.8 0.4 2.1
1713.4 -68.9 -53.8 -23.3 -25.6 0.6
2219.4 -87 -33 -30.1 -6.2 -7.1
1.3 6.2 6.8
367.5 15.9 -1.2 2.9 0.5 2.1
1715.9 -66.5 -53.9 -23.6 -25.7 0.7
2222.6 -84.8 -33.6 -30.1 -6.3 -6.9
1.3 6.3 7.2
367.7 16.2 -1.1 2.9 0.5 2.2
1719.1 -63.3 -53.4 -23.7 -26 0.9
2226.4 -82.3 -33.7 -30.2 -6.8 -6.6
winner is: 16
