Regression analysis information for: KLH057a_1826
number of formants: 3
number of coeccicients: 5
10.1 24.2 77.5
304.8 22.8 -30.8 8.1 -5.2 -14.3
985.2 -122.1 -17 10.3 -24.3 1.1
2198.8 21 88.6 -57.5 -66.3 80.9
14.2 25 64.1
302.5 17.2 -37 3.8 -10.3 -20
986.3 -125.6 -21 11.2 -25.6 -2.2
2222.4 10.3 52.6 -24.9 -56.5 38.3
23.8 93.3 85.1
320.9 51 -4.1 38.7 23.4 10
1038.6 -31.3 71.4 108 70.1 80.9
2255.5 56.3 81.9 19.9 -2.3 73.1
23 30.5 43.5
317.1 45 -12.6 30.6 18.2 3.3
1008.5 -93.3 2.1 43.1 9.6 17.2
2245.2 9.9 19.3 -11.4 -39.7 8.6
29.7 43.7 14.2
335.5 78.7 18.8 60.4 45.9 24.4
1021.5 -74.5 13.9 59.1 25.2 25.9
2261.7 5.9 -12.7 3.1 -11.7 -10.1
29.5 50.5 14.1
333.8 77 16.6 57.6 45.2 24.3
1030.6 -54.7 34 76.7 47.2 47.5
2262 5.4 -12.2 3.8 -11.6 -9.5
29.5 53.7 14.1
334 77.4 14.4 56.9 46.6 23
1037.1 -45.6 35.6 82.7 59.8 49.5
2262.2 5.3 -11.8 4.1 -11.1 -9.5
29.9 59 14
333.7 79.2 15 56.2 47 23.8
1037.3 -38.6 40.6 81.1 64.9 53.1
2262.2 5.3 -11.7 3.6 -10.5 -9.7
29.9 62.8 13.8
333.7 80 14 55.3 46.3 23.5
1043.2 -27.2 48.5 85.7 72.3 58.8
2262.5 5.2 -11.3 3.4 -10.3 -9.5
32.1 112.7 54.5
335 82.7 16.7 55.7 47.8 25
1080.4 48.6 119.9 146 130.6 109.3
2286.4 53.6 34.3 44.7 28.9 22.6
32.8 117.9 53.9
334.5 83 16.1 55.4 47.6 26.3
1082.1 56.8 127.9 148.3 138.3 118.2
2285.5 54 34.3 42.5 30.1 22.8
33.5 121.4 53.8
333.9 85.1 17 55.5 46.6 28.4
1083.9 63.6 137.2 150.1 139.1 125.9
2285.7 53.4 34 41 30.1 23.1
33.6 126 53.4
333.6 87.1 16.2 55.8 44.9 28.6
1087.8 70.7 144.1 153.2 141 131
2286.8 53 34.5 40 29.7 23.9
33.5 130.6 53.5
332.8 88.9 14.8 56.5 43.5 29.2
1090.8 76.6 150.9 158.2 145.2 137.4
2289.3 55.4 37.8 42.1 32.5 27.8
34.3 130.7 55
331.9 92.3 14.1 57.8 42 30.6
1091 77.7 153.1 157.2 142.7 138.7
2297.4 69 52.7 55 45.7 41.5
35.5 130.4 73
330.6 96.5 12 60.5 41.3 32
1091.3 77.5 153.5 158.5 143.2 139.8
2312.5 95 80.6 81.3 72.1 67.9
35.6 130.7 73.2
328.5 101.1 8.4 63.1 38.6 33.5
1090.9 76.6 153 158.7 142.8 141
2314.1 94.6 81.2 81.1 71.8 69
36.8 130.8 73.7
324.7 108.2 2.2 67.9 33.8 37.2
1090.4 75.7 152.2 159.3 142.8 142
2315.5 94.6 82.3 81.1 72.2 70.1
82.2 187.8 120.1
344.4 68.4 43 25 78.9 -9.9
1118 15.1 207.8 100.7 200.3 83.1
2338.1 44.6 125.3 32.7 115 23
107.7 190.3 132.4
343.5 -7.2 45 -50.5 91.5 -80.2
1098.1 -137.1 171.3 -40.1 175.7 -37.2
2338.8 -49.4 124.9 -53.4 119.4 -48.9
winner is: 5
