Regression analysis information for: KLH057a_3074
number of formants: 3
number of coeccicients: 5
0.8 8.7 1.7
300.4 0.1 -7.9 0.9 -1.3 1.7
1284.9 227.1 121.5 21.1 -14.9 -14.2
1929.5 -48.8 -12.8 -1.5 6 7.1
0.8 12.3 2.2
300.9 0.6 -8.3 0.9 -1.3 1.8
1328.6 293.8 149.4 25.8 -25.4 -24.1
1931 -49.7 -18.1 -1.6 5.9 8.9
0.9 13.5 8.6
301.4 0.7 -8.8 1 -1.5 1.9
1377.8 365.3 173.7 21.6 -47.1 -38.3
1938 -39.7 -13.6 7.5 7.7 11.1
0.9 22.4 27.8
302.1 0.8 -9.2 0.8 -1.6 2
1408.3 392.7 154.4 -21.8 -85.2 -47.1
1988.3 43.8 43.9 37.8 8.5 -4.6
0.9 26.5 43.2
302.7 0.9 -9.6 0.8 -1.6 2.1
1423.8 397.8 132.3 -47 -94.7 -36.6
2042 126.5 77.2 23.9 -40.8 -54.5
0.8 22.7 36.1
303.2 0.5 -9.9 1.1 -1.3 2.2
1431 394.7 121.6 -48.6 -92.1 -34.4
2033.1 108.4 83.9 55.6 0.6 -22.4
0.8 27.1 26.7
303.8 0.5 -10.6 1 -1.3 2.3
1446.3 399.5 103.2 -65 -92.9 -21.5
2067.1 146.1 71.1 3.4 -57.7 -51.1
0.8 27.2 18.8
304.6 0.3 -11 1.1 -1.2 2.3
1456.7 395.8 86.4 -71.6 -86.8 -10.7
2069 139 68.5 5.7 -49.7 -39.9
0.9 31.6 16.7
305.2 0.2 -11.5 1.1 -1.1 2.4
1469.2 395.3 67.5 -80.6 -79.2 2.6
2072.4 136.5 66.8 6.9 -46 -35.7
0.8 32.6 15.6
305.8 0.1 -11.9 1.1 -1.1 2.4
1476.6 391.6 59 -81.7 -74.5 8.1
2077.5 135.5 68.2 6.8 -44 -32.3
0.9 33.5 16.3
306.3 -0.1 -12.2 1.2 -0.9 2.4
1486.2 392.1 44.3 -87.7 -67.9 17.4
2081.8 138.9 68.6 7.5 -43.7 -30.9
0.8 30.9 16.9
306.6 -0.4 -12.2 1.4 -0.9 2.3
1487.4 387.4 47.1 -81.3 -68.5 11.5
2085.3 137.9 72.3 8.1 -43.8 -32
0.8 30.4 17.7
307 -0.7 -12.3 1.7 -0.9 2.1
1492 382.9 43.3 -78.5 -67 9.8
2089.1 137.2 75.5 9.2 -43.9 -33.6
0.8 30.6 18.2
307.4 -1 -12.3 1.8 -0.8 2.2
1498.2 380.9 38.1 -80.8 -64.4 13.8
2093.6 138.4 79.6 9.2 -43.7 -33.4
0.8 28.7 17.8
307.9 -1.3 -12.5 2.1 -0.9 2
1501.7 375.3 37.1 -73.4 -64.5 8.9
2098.4 138.9 81.7 9.6 -44.5 -33.2
0.8 29 19.5
308.4 -1.8 -12.7 2.2 -0.7 2
1513.5 373.9 24.4 -77.4 -58 16.5
2103.8 139.7 84.2 8.5 -45.9 -33.8
0.8 31.2 21.8
308.9 -2.1 -12.9 2.3 -0.7 2.2
1525.3 373.4 12.7 -84.2 -53.7 26.4
2108.1 139.8 89 10.2 -46.3 -35
0.8 28.3 20.5
309.4 -2.2 -13.3 2.5 -0.6 2.2
1534.5 372.5 2.3 -84.9 -46.7 30.9
2113.6 142.4 90 8 -47.4 -33.2
0.8 25.3 18.4
309.6 -2.8 -13.3 2.6 -0.5 2.4
1540.7 368.6 -1.7 -84.9 -44.5 34.5
2114.8 136.9 87.9 3.6 -49.4 -31.9
0.9 20.5 14.9
310 -3.1 -13.5 2.5 -0.4 2.7
1547.4 365.2 -6.9 -86 -39.2 39.3
2117.8 132.2 85.4 -2.2 -49.6 -27.2
winner is: 1
