Regression analysis information for: KLH057b_1671
number of formants: 3
number of coeccicients: 5
1.9 3.9 9.7
389.2 24.5 -5.6 7.9 -2.5 3.2
822.5 -30.9 15.9 37.2 2.6 6.4
2225 -19.6 14.7 30.9 -4.1 9
1.9 3.6 8.8
387.7 24.8 -7.3 6.9 -2.8 2.5
819 -31.6 10.9 33.8 1.2 4.6
2212 -21.8 0.4 20.9 -5.4 9.6
1.9 3.8 8.6
387.8 24.6 -7.9 7.3 -3.5 3
819.9 -31.8 10.1 35 -0.1 5.5
2213.1 -22.1 -7.4 22.3 -10.5 13.9
2 3.8 7.9
387.9 25 -8.4 7.2 -3.5 2.8
820.9 -31.2 8.6 35 0.3 5.5
2216.1 -15.5 -16.2 19.5 -11.3 14.8
2 3.6 7.2
387.9 26.1 -8.8 7.2 -3.1 2.5
821.9 -29.4 8.2 35.3 1.4 5.1
2218.5 -1.4 -23.2 17.2 -7.1 12.8
2 3.9 7.4
389 25.8 -8.9 7.2 -3.3 2.8
824.6 -29.5 8.2 35.7 1.7 5.7
2232.5 1.1 -28.8 10.2 -7.8 14.8
2 4.1 7.5
390.1 25.6 -8.9 7.2 -3.3 2.9
827.4 -29.6 7.2 36.3 2.3 5.7
2247.4 2.8 -33.3 5.4 -6.9 16.8
1.9 4.2 7.8
392.2 25.9 -8.4 7.4 -3.4 3.3
830.8 -28.7 7.2 36.9 2.5 5.8
2270.9 12 -35.2 -3.1 -8.9 18.3
1.8 4.4 9.6
394.4 26 -7.5 7.6 -3.4 3.8
833.8 -27.6 7.5 37.7 3.3 6
2291.9 19.7 -33.3 -9.6 -9.8 19.7
1.8 4.8 11.8
397.2 26 -6.5 8.2 -3.3 4.2
836.9 -26.7 6.1 38.5 4.5 5.8
2317.7 28.3 -34.4 -15.6 -8.6 20.6
1.8 5 12.4
400.8 25.5 -4.8 9 -3.9 4.6
839.1 -24.3 5.5 39.3 4.9 4.7
2343.7 35.3 -29.4 -21.3 -15.7 16.4
1.9 5.6 15.6
405.8 24.3 -3.4 10.1 -4.6 5.5
840.9 -20.8 2.3 39.9 7.1 3.3
2379.8 46.3 -34.2 -31 -17.6 18.5
2.2 6.3 18.5
412 21.4 -1 11.4 -6 7
840.4 -14.5 -2 39.9 10 0.7
2418.6 56.7 -36.2 -42.6 -22.1 18
3.1 7.6 21
419.6 16.2 2.2 12.8 -8.3 9.2
836.4 -3.5 -8.4 39.3 14.5 -4.7
2457.9 63.1 -38.6 -54.7 -27.3 16.2
4.6 9.8 24.7
428.6 9.8 6.4 14.2 -11.8 12
828.3 13.4 -18.1 36.7 22.1 -13.6
2503.8 83.3 -39.6 -71.3 -42.8 11.6
6.2 16.8 31.3
440.3 -2 13.7 13.5 -14.9 16
809.8 46 -36.2 33.3 35.6 -31
2556.8 97.9 -42.8 -95.2 -58.8 2.4
27.9 177.1 91.1
436.6 9.4 8.5 6.7 3.2 -12.4
871.1 -39.7 -26.3 114.5 -100.1 103.5
2652.5 52.7 -28.1 -63.3 -133.8 59.6
9.6 236.6 36.9
456.7 -15.9 20.2 11.2 -13.7 9.6
980.1 -195.7 -11.5 247 -305.7 279.5
2682.4 123.6 -71.7 -140.3 -88.2 -13.3
15.8 215.6 47.5
463.3 -17.7 18.3 17.2 -23.7 22
1062.3 -306.7 -87.7 405.8 -455.7 271.4
2758.6 115.9 -122.1 -144.3 -64.7 12
7.7 200.8 53.6
476.5 -35.2 31.8 4.5 -15 14.1
1229.1 -633.9 24.3 280.9 -336.6 37.8
2827.6 29.2 -105.5 -117.9 -48.3 -50
winner is: 5
