Regression analysis information for: KLH057b_2022
number of formants: 3
number of coeccicients: 5
12.1 12 21.4
423.5 -96.6 -58.1 -19.3 -40.5 15.6
781.2 3.1 8.4 3.4 -1.4 -4.6
2372.7 -118.5 43 35 -56.2 -48.9
8.6 10.4 21.3
424.2 -87.4 -52.7 -14 -33.1 22
783.4 6.1 11.7 7.2 0.7 -1.8
2365.6 -123.8 38 36 -51.6 -41.8
7.9 10 19
423.9 -86.5 -50.2 -11.4 -28.4 25
785.6 9 14.2 8.7 1.3 -1
2353.8 -137.4 34.4 40.2 -39.2 -31.4
8.5 10.3 21.3
424 -86.5 -50.9 -13.1 -29.9 25.8
785.7 8.2 13.3 8.2 0.5 -1.8
2352.6 -128.6 38.3 34 -37.1 -21.5
9.9 11.3 20.3
424.2 -89.6 -54 -16.2 -33.7 24.4
784.5 6.1 11 5.8 -0.9 -3.8
2358.6 -121.4 39.5 31.7 -41.5 -21.5
17.2 12.8 22.5
419.3 -103.1 -67.1 -29.6 -45.4 15
781.9 1 6.2 2.2 -4.2 -7
2366.9 -112.8 38.9 23.6 -41.6 -22
37.1 114.8 71.3
454.9 -41.9 -4.5 28.9 9.6 68.2
863.6 161.5 167.2 154 147 128.1
2438.5 8 154.2 130.5 60 69.1
37.7 116.9 74.7
453.7 -52.7 -12.6 20.7 2.5 65.9
859 157.2 161.9 151.2 147.2 127.1
2453.8 18.6 158.1 131.8 63.7 70.1
36.1 121.6 74
484.9 -4.7 31.9 56.9 29.1 84.7
937.5 316.7 306.8 274.1 243.8 184.4
2528.4 133.3 250.1 212.3 129.4 106.5
36.9 124.8 79.8
487.6 -12.4 26.1 52.3 25.7 85.6
932 318 304.6 275.3 246.9 186.3
2554.2 153.6 258.7 229.3 151.5 116.8
43.3 127.7 77.9
489.3 -25.2 15 41.7 22.4 90.2
920 313.2 298.9 278.7 250.2 188.9
2576 162.3 247.4 222.4 151.9 108
26.5 112.9 62
523.4 22.5 43.4 52.6 18.8 77.2
988.1 467.4 416.6 359.4 263.8 142.3
2634 231 266.9 224.4 129.5 47.5
31.9 117 66.4
530 25.9 30 41.2 13 83
969.3 460.7 419.3 376.7 277.2 151.1
2661.8 241.8 248.4 217.1 132.5 38.8
28.2 163.7 94.6
547.9 67.7 28.1 37.1 -11 63
1036.2 600.3 501.5 383.6 187.4 8.9
2715.5 298.5 240 187.6 78.2 -48.7
44.9 167 90.6
529.7 76 5 61.2 5.6 95.1
1027.8 605 514.1 389 182.4 4.6
2753.8 323.3 218.2 173.3 79.8 -51.1
80.4 326 148.5
528.6 49 40.9 58.8 57.9 59.4
1175.8 615.3 675.3 157.9 107.8 -329.9
2843 309 244.8 17.4 46.4 -209
73.8 274.7 114.4
545.4 61.4 72.1 -13.8 43.4 7.3
1371.4 630.5 711.5 -253.4 -47.2 -477.4
2881.4 194.1 239 -101.2 121.2 -186.1
74 373.5 172.3
555.4 53.6 75 -29.9 48.3 -29.3
1578.7 451.6 668 -286 -30.3 -464.1
3069.1 194.3 296.8 -51.7 164.6 -206
64.7 483.6 251.5
594.3 19 39.6 8.3 42.3 -69.2
1835.5 167.8 588.2 -25.7 -171.7 -621.5
3202.8 5.5 269.9 90.6 81.7 -268.3
96.8 311.9 168
582.2 16.1 85 -5.2 0.6 -45.9
1878.1 122 798.9 -296 -351.4 1.8
3211.9 28.1 424.7 -89.2 15.8 17.6
winner is: 3
