Regression analysis information for: KLH057a_3172
number of formants: 3
number of coeccicients: 5
7.9 6.4 2.5
428.6 12.2 -49.9 26.4 6.9 -20.7
1092.4 -57.1 -21.8 7.3 17.4 1.6
2250.6 17.7 9.3 13.4 -8.7 16.2
8.1 6.4 2.4
429.7 11.2 -50.8 26.6 8.2 -22.1
1093.6 -59.9 -21.7 7.2 19.1 0.4
2250.6 17.4 9.2 13.2 -8.7 16.1
8.2 6.4 2.5
430.1 10.2 -50.4 26.5 8.1 -22.3
1094.3 -61.6 -21.5 6.1 20.1 1.1
2250.9 17 9.7 13.4 -8.4 16.1
8 6.3 2.3
429.6 10.9 -50.8 25 10.1 -22.9
1094.2 -62.5 -22.6 3.9 21.9 1.1
2251.1 16.6 9.8 13.9 -8.5 16.1
8 6.4 2.4
430.3 10.7 -52.3 25.8 10.5 -23.4
1095.3 -62.9 -24.6 3.8 22.9 0.9
2251.4 16.2 10.2 14.2 -8.3 16.2
8.4 5.4 2.4
429.1 11 -51.2 26.1 8.5 -23.3
1093.2 -63.1 -22.5 4.4 19.1 -0.3
2251.8 16.1 10.2 14.1 -7.9 16.5
7.7 6.2 2.3
428.6 12.1 -52.6 26.6 9.3 -23.2
1091.5 -62.1 -24.2 7 19.7 -0.4
2251.5 16.1 10 14.4 -7.8 16.5
8.2 5 2.4
428.1 11.9 -51.6 26.8 7.5 -23.1
1091 -62.5 -22.8 6.1 16.5 -0.9
2251.7 15.8 10.5 14.4 -8 16.6
8.2 4.4 2.5
428.2 12.1 -52.2 27.3 6.9 -23
1090.8 -61.5 -24.6 6.2 14.9 -0.3
2251.6 15.9 10.4 14.6 -8.4 16.7
8.1 4 2.6
428.2 12.3 -53 27.1 7.1 -23.1
1091.1 -61.6 -26.7 4.7 14 0.3
2251.3 15.4 9.9 14.3 -9 16.6
8.1 3.9 2.7
428.5 12.2 -53.2 27.4 6.5 -23
1092 -60.2 -27.6 4.2 13.1 0.8
2251.5 16 10 14 -9.2 16.9
8.2 4 2.7
429 12.3 -53.9 27.2 6.9 -23
1093.2 -59.1 -29.4 2.7 12.4 1
2251.2 16.8 9.1 13.3 -9.4 16.3
8 4.1 2.7
430 11.6 -54.4 27.5 6.6 -23.2
1094.7 -58.5 -30.6 1.6 11.7 0.7
2251.6 17.1 8.6 13.3 -9.9 16.1
8 4.1 2.7
430.6 11.2 -54.5 27.9 6.4 -23.1
1095.8 -57.8 -31.2 1.6 11.5 1.1
2251.8 17.8 8.3 13.3 -9.9 16.3
8.2 4.1 2.8
431.1 11.7 -55.2 27.6 7 -24
1098 -56.3 -31.9 -0.7 10.5 0.9
2252.8 17.9 7.9 13 -11.1 16.3
8.5 4.2 2.7
431.7 11.7 -56.2 28.1 7.2 -25.2
1099.6 -55.4 -32.6 -1.8 10.6 0.2
2254.2 17.9 8.1 13.2 -11.7 16.5
8.9 4.2 2.8
432.2 12.6 -57.8 28.5 8.4 -26.9
1101.3 -53.7 -33.2 -3 11.5 0.1
2255.6 17.9 8 13.6 -11.7 16.7
9.3 4.3 2.7
432 14.5 -59.6 28.3 10.8 -29.7
1102.2 -51.7 -33.1 -3.9 12.6 -0.9
2256.9 17.7 8 14.5 -12.3 16.4
10.4 4.4 2.7
430.7 17.7 -62.4 28.2 14.1 -33.5
1102.3 -49.4 -33.8 -4.9 15 -1.2
2258.4 17.2 8.2 15.2 -11.8 17.1
12 4.6 2.8
428.1 23.9 -66.2 26.6 19.7 -40
1102.6 -44.8 -34.7 -7.6 16.4 -1.9
2260.3 17.4 8.3 15.5 -12.3 17
winner is: 10
