Regression analysis information for: KLH057a_1810
number of formants: 3
number of coeccicients: 5
10.7 2.1 3.2
470.8 16.3 -78 39.3 -31.7 6.5
982.7 -18 5.7 2.1 12.7 -7.3
2138.6 11.4 5.9 -3.3 -5.2 2.6
9.6 1.5 3.3
468.2 16.8 -74.3 39.1 -33 6.9
981.6 -18 8.4 2.2 12.5 -6.9
2139.4 11.4 6.1 -2.9 -5.3 2.2
9.3 1.5 3.4
464.1 18.1 -69.1 35.9 -32.9 9.2
978.9 -16.6 12 0.5 13.4 -5.3
2139.5 11.8 6.9 -3.3 -5.3 1.9
8.3 1.8 3.2
462.2 19 -67 35.2 -33.9 10
977.9 -16.7 14 -0.3 12.9 -4.5
2139.6 12.3 8.4 -3.8 -5.7 1.9
7.7 2.1 3.1
459.9 18.7 -65.9 33.9 -33.7 10.7
975.9 -17.7 14.4 -1.7 13 -3.8
2138.7 13.1 10.2 -5 -5.7 2.2
7.5 2.6 3.1
459.2 18.7 -64.5 33.9 -33.3 11.6
975.4 -16.9 15.6 -1.2 14 -3.1
2137.8 14.1 11.7 -5.9 -5.4 2.6
7.5 2.5 3.2
457.9 18.4 -64.5 34 -33.2 11.5
974.5 -18.3 15.5 -1.5 14.1 -3
2136.4 13.8 13.4 -5.9 -4.8 2.7
7.4 3 2.8
457.5 17.4 -64.3 33.7 -33.5 12.6
974 -19 15.3 -1.7 14.3 -2.4
2135.6 13.2 14.5 -6.9 -4.6 3.7
7.7 3 2.8
457.4 16.8 -64.6 34.1 -33.5 13.1
973.8 -19.7 15 -1.6 14.5 -2.2
2135.1 12 14.9 -6.4 -3.6 4.3
7.4 3.1 2.1
457.1 16.9 -65.9 34 -33.5 13.2
973.6 -21.1 13.8 -2.4 14.2 -2
2134.9 9.9 13.8 -7.1 -3.3 5.4
7.9 3.1 2.2
457.6 16.1 -66.3 34.2 -34.2 13.8
974 -21 13.5 -2.2 14.2 -2.1
2135.7 9.1 13.1 -7.4 -3.3 5.3
7.7 3.1 2.1
457.8 16.9 -67.5 34.7 -34.1 13.7
974.4 -21.4 13 -2.3 14.1 -2
2136.7 8.2 12 -7.3 -3.3 5.2
8 3.1 2
458.4 16.8 -68.8 35.1 -34.6 14.2
974.6 -21.7 12.3 -2.4 13.9 -2
2137.8 6.4 10.2 -7.8 -3.8 5.1
8.3 3.3 2
459.2 16.7 -70 35.9 -35 15.1
975.2 -21.3 12.2 -2 14 -1.9
2139.8 5.8 9.2 -7.3 -3.6 5.1
8.4 3.4 2.1
460 17.8 -71.9 36.8 -35.3 15.4
975.7 -21.1 12 -1.8 13.9 -1.9
2142 5.5 8 -6.9 -3.9 4.7
8.9 3.6 2.1
461 18 -73.5 38.1 -35.7 16.2
976.1 -20.5 12.2 -1.3 13.9 -1.9
2144.6 5.3 7 -6.1 -4 4.3
8.8 3.8 2.2
462.2 18.7 -75.6 39.2 -35.7 16.5
976.3 -20 12.4 -1.1 13.5 -1.9
2147.5 5.6 5.5 -5.4 -4.3 4.1
9.3 4.1 2.2
463.6 20.3 -78.4 40.6 -35.9 16.7
976.2 -19.4 13.2 -1.1 12.8 -2.1
2150.9 6.4 4.2 -5 -5.3 3.1
9.7 4.6 2.3
465.2 21 -81.2 42.4 -36.2 17.3
975.6 -18.4 14.7 -0.8 12 -2.2
2154.2 7.1 2.9 -4.3 -5.9 2.1
10.2 5.2 2.2
467 22.7 -85.2 44.9 -36.8 18.2
974.4 -17.3 17 -0.9 10.4 -2.3
2157.8 7.8 1.7 -3.3 -6.4 1
winner is: 10
