Regression analysis information for: KLH057b_0319
number of formants: 3
number of coeccicients: 5
4 30.3 25.3
424.6 -25.9 -5.6 1.6 4.7 -9.2
707.4 -28.1 42.7 29.6 32.9 33.7
2316.5 -25.8 51.6 2.8 -19.2 -9.9
3.8 30.6 22.3
424.5 -26.4 -6 1 4.9 -8.9
704.9 -34.1 37 26.9 32.9 35.2
2315.7 -27.8 49 2.1 -19.2 -8.9
4 26.4 27.8
424.2 -27.9 -8 0.5 4 -9
702.7 -40.4 29.9 21.4 28.1 30.8
2307.2 -56.7 16.1 -14 -39.9 -26.1
3.6 26.3 20.8
424.9 -29.5 -9.8 0.1 4.1 -8.3
705.6 -37.1 31.5 23.8 29 30.5
2314.1 -66.6 2.2 -2.6 -32.1 -16.6
3.8 26.4 27.2
426.5 -30.2 -10.4 0.3 3.6 -8.4
706.9 -36 31.2 24.9 29.3 29.6
2326.9 -69.3 -7.4 9.6 -35.7 -24
4.4 24.7 40.3
428.5 -31.1 -12.1 -0.6 2 -9.1
706.7 -37.1 30.3 25.7 28.6 27.4
2338.6 -84.1 -35.3 7.3 -55 -43.5
4.8 25.1 45.2
430.7 -30.9 -13.1 -1.2 1.8 -9.6
706.8 -37.4 30.9 28.2 29.5 26.6
2353.3 -77 -41.8 13.1 -53.6 -48.2
5.3 25.4 46.7
433.7 -32.3 -14 -1.8 -0.1 -9.6
705.6 -36.9 32.3 32.7 31.9 25
2368 -76.6 -51 12.6 -61.6 -50.9
5.5 27.8 44.8
438.1 -33.6 -13.5 -2.2 -0.6 -8.9
701.2 -36.5 35.6 40.5 34.9 23.4
2390.5 -63.7 -52 17.1 -56.2 -46.5
5.9 31.2 46
443.7 -37 -12.2 -2.9 -3.4 -8.1
689.6 -40.9 36.2 51.6 40.8 17.2
2411.7 -58.2 -60.3 11.2 -68.2 -53.9
7.9 41.8 46.6
449.2 -44.7 -6.4 1.6 -5.7 -8.2
664.8 -49.6 44.5 78 54.1 5.9
2440.7 -42.7 -61.2 11.6 -72.4 -52.6
14 253.9 110.4
454.9 -58.9 -7.9 -0.9 -5.7 3.1
774.8 63.9 -121.4 -179.2 -12.6 182.5
2507.8 4.1 -104 -52.2 -84.5 -2
33 381.1 165
444.3 -69.3 -8.1 7.3 -1.4 1.2
970.4 325 -169.1 -321.2 -33.3 219.7
2595.5 96.4 -86.7 -33.6 -47 -9.6
48.5 377.3 137
432.2 -40.1 -36.6 8 13.9 -15.8
1098.6 512.5 -172.6 -383.3 -32.7 199.8
2604.3 77.3 -91.4 0.8 1.8 13.9
40.3 437.7 207.2
444.6 -17.7 -12.9 6 -20.6 1.9
1414.3 474.1 57.1 -460.3 -393.5 292.3
2712.4 -50.6 -32.1 -29.7 -138.6 110.5
54.6 461.7 226.4
449.3 -21.8 -16.7 29 -60.9 42.9
1646.8 221.7 111.6 -407.5 -275.1 419.5
2755.3 -156.7 -11.2 -53.4 7.6 147.1
22.8 276.4 118.2
489.2 -95.5 54.7 -41.5 -2.5 11
1926.3 -89.1 242.8 -574.1 53 266.1
2804.2 -236.2 94.2 -165.1 186.1 -45.8
7.6 282.3 119.2
499 -100.8 38.7 -26.8 4.4 -6.8
1972.3 -82.9 225.4 -554.5 56 260.6
2761.1 -170.7 77.6 -125 141.4 -54.6
7.4 280.2 117.9
499.5 -100.6 39 -26.1 4.4 -6.7
2042.8 -79.9 132.6 -485.8 77.1 188.3
2734.5 -121.3 42 -40.1 86.6 -86.8
7.3 286.4 91.8
499.7 -101.4 38.9 -25.4 4.3 -6.6
2074.7 -38.7 123.6 -505.9 47.4 184.6
2708.5 -88.3 10 7.4 46.4 -58.3
winner is: 4
