Regression analysis information for: KLH057a_5507
number of formants: 3
number of coeccicients: 5
1.4 10.9 27.8
369.8 -22.2 -0.9 -10.6 4 -3.1
1725.5 53.1 12.7 25.7 -7.2 -2.8
2137.4 -36 -22.3 5.2 34.1 32.5
1.3 9.6 24.1
370.1 -22.1 -0.6 -11.1 3.9 -3
1725.9 53.4 12.4 24.3 -7.7 -2.7
2141.4 -29.8 -19.8 2.8 29.2 26.9
1.3 9.1 21.1
370.2 -21.9 -0.6 -11.2 3.7 -3
1726.8 53.9 12.4 22.9 -8.7 -2.8
2145.1 -23.7 -16.9 1.4 25.9 22.9
1.2 8.7 18.7
370.6 -21.8 -0.5 -11.4 3.6 -2.9
1727.6 54.5 12.5 21.9 -9.5 -2.9
2148.3 -18.8 -14.8 -0.6 22.4 19.4
1.2 8.4 16.2
370.8 -21.6 -0.5 -11.6 3.4 -3
1728.6 55.4 12.5 20.7 -10.4 -3.1
2151.7 -13.8 -12.8 -2.6 19.2 16.1
1.2 8.2 14
371.1 -21.5 -0.6 -11.7 3.3 -3
1729.8 56 12.4 19.4 -11.6 -3.5
2155.4 -9.2 -11.2 -3.8 16 12.8
1.2 8 12.5
371.4 -21.3 -0.6 -11.8 3.2 -3
1730.8 56.7 12.1 18.6 -12.1 -3.5
2158.3 -5.7 -10.7 -5.4 14.2 10.5
1.2 7.8 11.3
371.7 -21.3 -0.7 -11.8 3.1 -3.1
1732.3 57.5 12.3 17.9 -12.9 -3.6
2162.6 -1.3 -8.9 -4.8 12.5 8.3
1.2 7.7 11.1
371.9 -21.2 -0.9 -11.7 3 -3
1733.3 58 12.2 17.8 -13.6 -3.4
2164.9 0.3 -8.8 -4.2 11.5 7.7
1.1 8 9
372.3 -20.9 -1.1 -11.6 2.7 -2.9
1734.7 59.3 11.3 17.6 -14.8 -2.9
2169.6 5.3 -9.2 -4.4 8.5 5.2
1.1 7.9 8.4
372.7 -20.8 -1.3 -11.6 2.7 -3.1
1736.5 60 11 17.2 -15.5 -2.9
2174.1 8.3 -9.3 -3.2 7.5 3.5
1.2 7.6 8.5
373.1 -20.7 -1.4 -11.6 2.7 -3.2
1737.9 61.3 10.6 17.1 -15.3 -3.3
2178.5 12.1 -9.6 -2 7.7 1.1
1.2 7.5 8.4
373.4 -20.6 -1.6 -11.5 2.6 -3.1
1739.3 61.9 9.9 17.1 -16.2 -2.7
2181.8 13.8 -11 -1.1 6.3 0.7
1.2 7.5 8.3
373.8 -20.6 -1.7 -11.4 2.6 -3.2
1741.4 62.4 10.1 17.2 -16.2 -2.4
2187.2 17.1 -10.4 1.5 6.7 -0.5
1.3 7.2 8.6
374.2 -20.5 -1.7 -11.3 2.6 -3.2
1742.9 63.3 9.9 17.6 -16.4 -2
2191.1 20.1 -10.2 3.5 6.6 -1.1
1.3 6.8 9.4
374.5 -20.5 -1.9 -11.4 2.7 -3.3
1744.5 64.3 9.4 17.4 -16.1 -2.2
2195.2 22.8 -10.8 4.8 7.3 -2.2
1.3 7.3 8.5
374.8 -20.7 -1.6 -11.3 2.8 -3.3
1746.4 63.5 11.1 18 -15.8 -2.1
2199.4 24.1 -8.5 7.7 8.3 -3.5
1.3 6.6 9.7
375.2 -20.7 -1.5 -11.4 2.8 -3.4
1747.8 64.1 11.8 17.5 -15.8 -2.5
2202.7 26.8 -6.3 8.4 7.5 -5.3
1.3 6.6 10.1
375.6 -20.8 -1.4 -11.4 2.8 -3.3
1750.1 63.5 12.6 17.4 -15.5 -1.5
2207.2 27.4 -5.8 10.7 8.6 -4.1
1.3 6.5 9.9
375.9 -21 -1.3 -11.3 2.9 -3.2
1751.5 62.6 13.1 18.7 -14.4 -1.1
2210.4 26.4 -5.9 14.6 11.5 -3.5
winner is: 14
