Regression analysis information for: KLH057b_0127
number of formants: 3
number of coeccicients: 5
42.1 23.6 10.2
685.9 205.7 47 151.9 26.8 35.3
1066.5 135.6 15.4 37.2 -14 5.8
2352.3 71.1 -12.6 1.9 -13.6 6.4
41.6 23.1 11.1
675.4 210.3 57 146.7 28.5 48.5
1060.8 135.7 16.8 35.4 -14.6 14.4
2353.8 70.2 -10.8 3 -12.9 6.3
41.7 22.7 11.6
671.8 214.8 68.5 142.1 30.2 53.7
1049.8 117.5 3.3 20.1 -23.3 11.5
2354.7 68.8 -9.4 2.8 -13.2 6.9
78.3 16.8 12.2
623.3 140.8 -2.9 67.4 -30.5 5.4
1028.8 90.6 -22.7 3.3 -27.7 12.2
2354.2 67 -8.4 0.7 -15 8.3
82.4 18.1 13.3
563.9 44.2 -96.8 -10.8 -84.5 -28.8
1016.8 83 -36 1.7 -22 19.9
2352.1 68.3 -11.1 0.9 -19.7 12.1
37.6 17.9 12
546.7 40.8 -104.6 -0.3 -49.4 1.4
1014.8 96 -37.8 2.2 -19.8 8.9
2349.9 65.4 -12.9 -2.6 -20.9 13.2
30.7 17.6 11.6
546.8 50.8 -100.5 2.4 -42.9 2.4
1014.5 98.8 -36.9 3.2 -18.4 6.7
2348.3 65.2 -15 -4.8 -23.7 15
25.1 16.2 10.5
543.4 57.2 -102.2 3.5 -37.5 0.5
1015.2 101.2 -35.6 4.5 -18.5 4.8
2346.4 65.1 -17.4 -5.2 -26.2 17.7
24.3 14.8 10
542.4 59.3 -106.3 1.7 -35.4 -1.2
1015.5 101.5 -34.7 5.2 -18.2 3.7
2347.1 66 -20.1 -5.5 -25.4 19.3
25.9 13.7 9.4
541.6 61 -111 -2.2 -36.7 -5.3
1014.7 100 -33.8 6.6 -16.8 3.4
2347.9 69 -21.7 -5.9 -25.3 18.6
28.1 12 7.8
538.6 57.3 -119.6 -9.3 -40.9 -11.1
1013.6 96.4 -32.5 9.3 -14.7 5.2
2347.9 74.4 -24.5 -6.3 -24.1 15
33.9 11.6 7.4
531.9 42.4 -136.6 -23.2 -52.3 -19.8
1011 92.3 -31.8 11.7 -11.3 6.1
2350.2 77.3 -25 -6.1 -24.2 13.7
55.8 74.6 67.9
542.8 59 -121.3 -6.8 -39 -12.8
1045.5 160.9 37.3 73.3 40.2 41
2391.9 148.7 42.6 50.7 22.2 41.5
70.5 129.7 121.4
590.1 146.1 -38 70.9 22.1 22
1117.6 303.4 174.1 191 134.2 103.7
2470.2 289.8 173 160.7 111.7 99.2
72.4 160.6 135.9
624.6 200.9 -1.4 97.3 52.7 65.4
1186.8 417.8 236.3 201.8 144.5 156.2
2540.9 401.7 240.7 189 139.4 153.6
66.1 189.4 152.9
654.6 249.7 22.7 101.1 33.5 28.6
1255.9 530.7 286.9 176.5 70.3 87.8
2601 497.6 279.2 171.1 91.6 94.3
75.6 244.7 169.8
671 258.7 1.1 67.9 15.6 39.5
1286.6 567.7 262.3 103 13.9 98.6
2616.5 502.9 265.7 144.7 83.7 109
77.7 238.7 140.2
681.2 263.9 -7.8 53.9 -2.5 24.5
1315.8 621.7 272 57.9 -63.2 33.7
2606.6 476.3 254 129.4 45.8 44
65.6 188.1 105.4
693.3 277.2 3.6 65.7 0.3 15.2
1345.1 689.9 318.2 69 -90.5 -15.7
2627.1 493.5 253.9 105 6.7 -7.1
66.2 143.8 96.7
696.5 276.6 2.6 60.4 -8.1 10.9
1372.5 752 338.7 41.3 -159.5 -90.8
2669.6 540.9 252.1 48 -69.9 -67.4
winner is: 11
