Regression analysis information for: KLH057a_4746
number of formants: 3
number of coeccicients: 5
15.6 15.4 11.5
477.7 -28.3 42.6 -1.5 -47.6 -0.3
1060.5 -46.8 25.3 2.4 -0.6 6.1
2340 -24.1 -14.9 -4.1 3.3 -4.9
16.8 16 11.4
479.1 -28.1 42.8 -1.9 -47.8 -0.2
1062 -47.3 25.8 2.3 -0.9 6.5
2340.5 -24 -14.9 -4.1 3.1 -4.8
17.7 16.5 11.3
479.9 -27.3 42.8 -2.3 -47.9 -0.2
1062.9 -47.3 25.9 2.6 -1 6.8
2341 -24.2 -15 -4 3 -4.8
18.5 16.8 11.2
480.2 -26.4 42.6 -2.2 -47.8 -0.6
1063.4 -47 25.9 3.3 -1.1 7
2341.7 -24.4 -15.1 -3.8 2.8 -4.7
18.9 16.8 11.2
480.2 -25.3 42.5 -2.2 -47.6 -1.3
1063.6 -46.8 25.8 3.9 -1 7
2342.3 -24.6 -15.2 -3.7 2.6 -4.6
18.9 16.8 11.2
479.9 -24.1 42.2 -1.9 -47.2 -2
1063.4 -46 25.6 4.8 -0.7 6.7
2342.9 -25 -15.3 -3.5 2.6 -4.6
19 16.5 11.3
479.3 -23 41.8 -1.5 -46.7 -3.1
1062.8 -45.7 25.1 5.4 -0.1 6.3
2343.4 -25.3 -15.5 -3.4 2.4 -4.5
18.7 16.1 11.3
478.6 -21.5 41.5 -1 -46 -4.1
1062.1 -44.6 24.7 6.2 0.5 5.5
2343.9 -25.6 -15.6 -3.2 2.4 -4.5
18.6 15.8 11.4
477.7 -20 41.3 0.1 -45.4 -5.3
1061.3 -43.2 24.3 7.5 1.1 4.7
2344.2 -25.8 -15.6 -3 2.5 -4.6
17.9 15.4 11.5
476.8 -18.5 40.9 1.4 -44.3 -6.4
1060.4 -41.5 23.6 8.5 2 3.8
2344.6 -25.9 -15.7 -2.8 2.6 -4.7
17.4 14.9 11.6
476.1 -16.8 40.5 2.1 -43.8 -7.7
1059.5 -39.6 22.8 9.5 2.6 2.7
2344.8 -25.9 -15.8 -2.7 2.9 -5
16.7 14.3 11.8
475.5 -15 40.3 3.2 -43.3 -8.9
1058.5 -37.4 21.9 10.5 3.1 1.9
2344.8 -25.6 -15.9 -2.6 3.2 -5.2
15.8 13.6 11.7
474.8 -12.9 39.9 3.8 -42.7 -9.8
1057.3 -34.9 20.7 11 3.7 0.8
2344.8 -25.2 -16.1 -2.6 3.5 -5.4
14.9 13.2 11.6
474.4 -10.8 39.7 4.4 -42.5 -10.8
1056.3 -32.4 19.6 11.9 4.1 0
2344.8 -24.7 -16.3 -2.3 3.7 -5.6
14.1 13 11.3
474.1 -8.8 39.9 5.5 -42.1 -11.7
1055.5 -30.7 18.8 12.1 4.4 -0.6
2344.5 -23.8 -16.6 -2 3.8 -5.8
13.5 13.3 11.1
474 -7 40.2 6.1 -41.6 -12.6
1054.9 -29.7 18.2 12 4.5 -1.1
2344.1 -23 -16.9 -1.7 4 -6.2
13.1 13.5 10.9
474.8 -5 40.9 6.8 -41.7 -13.2
1054.5 -29.8 17.5 11.9 4.6 -1
2344 -22.1 -17.2 -1.6 4.2 -6.4
12.7 13.9 10.7
475.7 -2.8 41.9 7.6 -41.5 -14.2
1053.6 -31.2 16 10.8 4.4 -1.2
2344 -21.4 -17.4 -1.5 4.1 -6.6
12.5 14.3 10.7
477.1 -0.9 43.2 8.1 -41.5 -14.7
1052.4 -34.2 14.1 9.1 3.8 -1.1
2344.3 -21.1 -17.3 -1.6 4.3 -6.7
12 14.7 10.7
478.8 1.4 45.1 8.6 -41.7 -15.2
1050 -39.7 10.5 6.3 2.7 -0.9
2344.7 -21.1 -17 -1.7 4.2 -6.5
winner is: 18
