Regression analysis information for: KLH057a_0740
number of formants: 3
number of coeccicients: 5
8.4 11.9 23.9
522.5 36.1 -32.2 18 -10.2 14.5
1025.4 -14 -31.1 3.3 3.3 2.2
2197.6 4.7 -16.7 29.5 19.8 11.9
8.2 12.8 23.5
521.7 36.3 -32.8 18 -11.3 15.4
1023.9 -14.8 -33.6 2.6 1.3 2.5
2198.6 5.5 -16.8 29.4 20.2 12
8 13.3 23.4
519.6 36.2 -31.6 17.6 -12.9 15.6
1020.2 -15.7 -35 1.2 -2.2 2
2199.8 5.9 -17.1 29.9 20.7 12.1
7.7 12.8 23.4
517.8 36.7 -32 16.7 -13.4 16
1016.3 -17.2 -38.6 -2 -5.2 0.9
2200.6 5.9 -17.5 29.8 20.7 12.4
7.5 11.8 23.6
516 37.1 -31 16.5 -13.9 15.6
1012.6 -18.9 -40.5 -4.8 -8 -2.3
2200.9 6.1 -17.4 29.4 20.8 13.2
7.5 13 23.8
514.5 36.5 -31.7 15.9 -15.3 15
1007.4 -24 -47.6 -9.8 -15.4 -6.9
2200.9 5.9 -17.6 28.7 20.3 13.6
7.4 12.8 24
512.7 36.8 -32.5 16.8 -15.6 15.7
1003.1 -23.6 -52 -8.4 -18.2 -5.7
2200.5 5.6 -17.8 27.8 20.1 14.7
7.2 15.1 25.1
510 35.2 -32.6 18 -16 13.8
997.8 -26.4 -55.6 -7.8 -20.8 -9.2
2198.8 4.2 -17.4 28.7 20.6 14.8
7.7 15.6 26.1
507.8 33.9 -33.8 17 -17.6 11.4
994.8 -27 -57 -8.4 -22.3 -12
2196.4 1.4 -18.3 28 19 13
8.1 15.6 27.1
506.6 33.7 -34.8 17.4 -18.1 10.4
993.8 -26 -57.4 -7.1 -21.7 -12.6
2194.6 -0.2 -18.7 28.2 18.8 12
8.4 15.2 27.4
506.1 33 -35.4 17 -18.6 9.5
993.5 -25.5 -57.7 -6.3 -21.9 -12.6
2193.4 -1.7 -19.6 28 17.8 10.7
8.4 14.7 27.5
505.8 33.5 -35.2 17.1 -19.1 8.7
993.7 -24 -56.8 -5.8 -21.8 -13.3
2192.7 -1.6 -19 27.7 16.3 9.4
8.6 14.4 26.8
506.1 33.8 -35.2 17.6 -18.9 8.3
994.3 -23.5 -56.5 -5.1 -21.4 -13.5
2193.3 -0.9 -18.3 29.4 16.8 8.3
8.8 14.2 26.1
507 34.4 -35 17.7 -18.4 8
995.3 -22.7 -56.7 -5 -21.1 -13.7
2195.3 1.3 -18.2 30.2 17.1 7.6
8.8 14.1 25.5
507.8 35.6 -35.3 18.3 -18 8.1
996.3 -21.8 -57 -5 -20.9 -14.1
2197.1 3.4 -18.6 31 17.8 7.2
8.6 14.3 24.6
509.3 36.6 -35.1 18.8 -17 8
997.3 -21.8 -57.6 -5.3 -20.6 -14.7
2200.1 6.3 -19 31.5 19 7
8.4 14.6 23.6
511.1 37.8 -35 19.7 -16.3 8.4
998.7 -22 -58.3 -5.7 -21.1 -15.2
2203.5 8.8 -19.7 32.3 19.3 7.1
8.4 14.9 22.6
513.4 39.2 -35 20.7 -15.5 9
1000.1 -22.5 -59.2 -6.4 -21.6 -16
2207.4 11.5 -20.7 32.6 20.1 7.3
8.5 15.6 21.8
516.2 40.6 -34.6 21.6 -14.3 9.4
1001.1 -23.6 -60.4 -7.5 -22.4 -16.9
2211.9 14.6 -21.2 33.1 20.9 7.3
8.8 16.5 21.2
519.5 42.6 -34.2 22.4 -12.6 10
1002 -24.5 -62 -9.2 -23.4 -18.5
2216.6 18 -21.8 32.8 22 7.4
winner is: 5
