Regression analysis information for: KLH057b_0900
number of formants: 3
number of coeccicients: 5
1.6 3 11.2
597.2 35.6 -31.6 6.6 -9.3 -3.8
1072.9 16.8 -18.4 -13 -3.7 -10.5
2247.5 111.3 -3.3 -27.8 -7.2 1
1.6 3 11.8
594.7 34 -34 6.3 -9.1 -4.1
1070.8 13.6 -20.9 -13.9 -3.4 -10.5
2255.2 107.4 -2.8 -27.1 -7 0.1
2 3.2 12.2
591.5 30.7 -37 5.1 -10 -4.5
1067.5 9 -24.9 -15.2 -3.9 -10.6
2264.3 102.8 -4.7 -26.6 -4.6 -2.1
2.2 3.3 12.6
588.4 28.7 -39.4 4.3 -10.4 -5.1
1064.4 5.7 -27.8 -16.1 -3.7 -10.8
2272.2 98.4 -6.6 -25.8 -3.5 -2.7
2.4 3.4 13.3
584.7 25.8 -41.8 2.9 -11.3 -5.5
1060.4 1.5 -31.2 -17.2 -3.9 -10.7
2281.1 94.3 -11.2 -23.9 -0.9 -5
2.6 3.4 14.1
580.7 22.5 -44 1.1 -12.3 -6.2
1055.7 -2.7 -34.3 -18.6 -4 -10.6
2289.2 90.9 -17.3 -22 2.1 -7.1
2.5 3.1 15.1
577.5 21.3 -45.4 0.2 -12.9 -6.7
1051.9 -4.3 -36.2 -19.2 -3.8 -10.7
2294.1 90.8 -23.6 -18.6 3.3 -7.5
2.8 3.2 16.8
574.4 18.9 -46.9 -0.7 -13.8 -7.2
1047.9 -7 -38.1 -19.1 -3.7 -10.6
2297 93.3 -32.4 -14.8 3.9 -8
2.6 2.8 18.7
571.8 16.8 -48.1 -1.8 -14.4 -7.4
1044.4 -9.1 -39.3 -19.7 -3.7 -10.3
2297.7 97.2 -40.8 -11.1 3.9 -7.8
2.2 2.2 20.6
569.5 15.9 -48.7 -2.1 -14.2 -7.5
1041.4 -10.3 -39.7 -19.6 -2.7 -9.9
2294.6 106.1 -50.9 -6.5 3.9 -6.8
2.5 2.2 22.3
567.5 14.3 -49.2 -3.2 -14.7 -7.9
1038.5 -11.1 -39.9 -20 -2.3 -10.1
2288.7 115.4 -58.1 -7.7 7.2 -9
1.9 1.6 23.9
565.2 12.4 -50.1 -3.9 -14.7 -7.8
1035.7 -13.1 -39.6 -20.1 -1.5 -9.5
2281.7 119.8 -61.6 -11.2 11 -8.8
2.2 2 29.5
563.7 12 -49.6 -3.3 -13.5 -7.6
1033.2 -13.1 -38.7 -18.9 0.6 -9.3
2265.5 136 -62.6 -16.5 23.4 -8.7
1.9 1.8 28.8
563.2 12.1 -49.5 -3 -14 -7.6
1032.1 -12.4 -38.8 -18.2 -0.3 -9.4
2256.6 149.3 -69.5 -9.7 16.8 -7.6
1.8 1.7 28.3
562.7 12 -49 -3.2 -13.6 -7.6
1031.6 -12.6 -37.5 -18.8 0.2 -9.7
2250.9 147.1 -55.9 -21.2 23.6 -9.4
1.6 1.9 28.8
562.3 10.9 -48.8 -2.9 -13.4 -7.3
1031.1 -13.8 -36.9 -18 0.4 -9.5
2249.8 137.9 -46.5 -20.4 22 -8.6
1.6 1.9 25.6
562.5 11.2 -47.7 -2.9 -13.7 -7.1
1031.1 -13.8 -35.5 -18.4 -0.5 -9.4
2245.9 133.4 -25.9 -27.5 12.2 -2
1.5 2 24.1
562.3 10.5 -47.8 -2.7 -13.4 -7
1031.6 -14.6 -35 -18.3 -0.3 -9.5
2249.8 120 -21.2 -24.5 11.1 -3.1
1.6 2.1 23.8
562.9 9.9 -47.9 -3 -13.6 -6.8
1032.7 -15.1 -34.9 -18.5 -0.5 -9.4
2261 107.8 -20.5 -28 13.7 -5.1
1.6 2.1 23.3
564 10.6 -46.9 -2.8 -13.5 -6.8
1034.1 -15.7 -34.2 -19.2 -1 -9.8
2273.5 94.9 -12.7 -30.6 13.6 -5.3
winner is: 1
