Regression analysis information for: KLH057a_4879
number of formants: 3
number of coeccicients: 5
3.9 10.4 5
422.8 4.6 -23.4 -10.3 -11.2 -5.8
1528.8 74.4 -8.3 44.3 23.4 3.9
2193.3 7.1 30.7 23.9 11.1 7.9
3.5 9.6 4.6
422.6 3.9 -24 -11.1 -11.6 -6
1530.4 74.8 -7.9 42.1 23.1 3.5
2194.8 7.7 31.3 23.6 11.7 7.9
2.9 9.2 4.7
421.9 1.9 -25.4 -12.3 -11.9 -5.7
1532.6 74.7 -6.9 40.6 23.1 3.3
2197 9 33 23.5 12.3 7.8
2.7 8.1 4.1
421.4 0.8 -26.1 -13.5 -13.2 -6.3
1533.7 75.3 -4.7 38.7 21 2.1
2198.5 10.7 35.7 23.8 11.9 8.1
2.5 7.8 4.1
421.2 0.3 -26.6 -14.6 -13.4 -6.3
1535.4 76.3 -3.6 34.9 20.9 2.2
2199.7 12.4 37.6 21.3 12.8 8.8
2 7.1 4.6
420.4 -2.1 -28.2 -16 -14.2 -6.4
1537.2 75.1 -1.6 33.5 20.4 0.9
2202.2 14.1 41.3 21.9 13.6 9
1.9 6.7 4.5
420.6 -2.5 -28.2 -16.3 -14.3 -6.4
1539 73.8 -0.7 31.4 20.2 1.2
2203.7 13.3 42.5 20.9 12.9 9.8
1.7 6.5 4.6
420.5 -3.9 -29.1 -17.3 -14.9 -6.3
1541.6 72.5 -0.2 28.8 19.2 1.4
2206.5 13.9 44.7 20.3 12.7 11.4
1.4 5.4 4.7
420.4 -5.4 -29.7 -17.6 -14.8 -5.8
1542.7 67.9 0.5 28.2 20.4 2.6
2207.9 10.7 45.4 20.7 12.2 12
1.5 5.9 4.4
421.1 -5.7 -29.7 -17.9 -15.1 -6.1
1546.2 66.2 0.9 26 19.9 1.7
2211.1 9.2 45.3 20.6 11.3 12.2
1.4 5.5 4.6
421.3 -7.1 -30.5 -18.4 -15.1 -5.8
1548.8 61.8 -0.5 24 20.9 2.8
2213.8 6.4 44.2 20.6 11.5 13.4
1.5 6 4.3
422 -7.5 -30.4 -18.4 -15.1 -5.9
1552.2 58.7 -0.8 22.3 21.5 2.4
2216.7 3.5 43.2 21 11 13.8
1.4 5.8 4.6
422.5 -8.4 -31.1 -19 -15.2 -5.7
1555.4 54.3 -3.5 18.2 21.8 3.7
2219.3 0.1 40.1 18.9 10 14.9
1.4 5.9 4.1
422.5 -10.5 -32.5 -19.9 -15.2 -5.3
1554.1 41.3 -11.9 11.9 22.8 6.4
2214 -17.9 24.8 8.1 3.5 12
1.4 6.1 4.8
423.9 -10.1 -32 -19.5 -14.8 -5.2
1561.6 44.2 -8.8 13 25.9 6.8
2223.5 -9 32.6 16.8 10.1 17
1.5 7.3 5.1
424.5 -11 -33 -20.1 -14.7 -5.1
1565.5 39.9 -13.5 8.1 27.2 7.1
2224.9 -14.3 25.7 12.3 8.6 16
1.6 8 4
425.4 -11.4 -33.7 -20.5 -14.6 -5
1570.3 37 -17.7 4.3 28 7
2227.5 -18.4 19.4 9.3 6.4 14.3
1.6 8.8 6.1
426.8 -11.2 -33.9 -20.6 -14.3 -4.9
1578.1 38.6 -18.8 2.7 30.9 8.8
2235.8 -12.4 22.4 14.4 11.2 18.9
1.7 9.8 6.1
427.8 -11.6 -34.7 -21.1 -14.2 -4.8
1585.1 37.8 -22.5 -1.2 32.3 8.1
2240.5 -12.9 18.7 13 11 18.3
1.7 10.5 4.7
428.9 -11.9 -35.4 -21.7 -14.2 -4.8
1591.6 35.3 -28.2 -6.8 32 6.5
2243.4 -17.5 10.9 8.5 7 14.7
winner is: 14
