Regression analysis information for: KLH057a_3355
number of formants: 3
number of coeccicients: 5
12.1 4.6 15.6
516.8 -39 10.4 -16.9 -7.8 -13.8
1092.1 -67.4 -18 -24.4 2.5 -3.6
2190.3 -32.7 38.8 -23.8 -8.7 -7.3
12.4 4.9 15.8
514.4 -39.8 10.9 -14.4 -9 -12.2
1090.7 -68 -18 -23 2.1 -2.2
2192.3 -32.8 38.7 -25.3 -7.6 -7.2
11.5 4.4 16.3
510.6 -39.2 12.6 -16.3 -7.6 -10.8
1087.7 -67.4 -16.8 -24.8 3 -0.4
2194.1 -33.3 39 -26.1 -8.2 -6.1
11.4 4.4 16.6
507.8 -39.1 13.2 -16.2 -7 -10.4
1085.5 -67.4 -16.6 -25.2 3.6 0.4
2195.3 -33.3 39.6 -26.9 -8.1 -4.9
10.9 4 17.2
505.1 -39.3 15 -16.1 -7.2 -9.6
1083.1 -67.5 -15 -25.8 3.5 1.9
2194.4 -32 42.3 -29.4 -9 -1.8
10 3.9 15
502 -38.7 15.9 -16.5 -6 -10.4
1079.9 -66.9 -14.3 -26.5 4.8 1.9
2191.4 -28.8 45.9 -35.3 -7.4 3
10 3.9 16.5
500.7 -39.4 16.5 -15.6 -5.9 -10.5
1078.8 -67.9 -13.6 -25.8 4.8 1.9
2189.5 -27.4 48.1 -36.3 -7.2 4.1
9.9 4.4 16.3
499.3 -40.6 16 -15.7 -6 -10.8
1077 -69.5 -14.5 -26 4.7 1.4
2186.3 -26.7 48.9 -38.6 -6.5 4.9
9.8 4.3 16.5
498.8 -41.4 15.7 -15.4 -6.2 -11.4
1076.5 -70.6 -15 -25.7 4.4 0.6
2185.2 -27.2 47.6 -37.3 -6.4 2.7
9.9 4.2 16.4
498.4 -42.2 15.9 -15.1 -6.6 -12.1
1076 -71.7 -14.8 -25.6 3.9 -0.2
2182.7 -28.8 48.9 -36.3 -7.8 -0.2
9.5 4.2 16.4
498.4 -43.2 15.5 -15.1 -6.1 -12.2
1076 -72.8 -15.4 -25.4 4.4 -0.3
2182.8 -31 46.2 -35.3 -5.1 -1.4
9.8 4 15.6
498.9 -43.7 15.3 -14.2 -6.8 -12.3
1076.5 -73.3 -15.6 -24.7 3.8 -0.6
2183.7 -32.8 44.3 -31 -7.9 -3.8
10 3.9 15.7
498.9 -45.2 16 -14.1 -7.2 -12.8
1076.4 -74.7 -15 -24.6 3.3 -1.2
2180.7 -38.3 49.5 -29.7 -13.4 -7.4
10.1 3.9 15.8
500 -46.4 15.6 -13.3 -7.3 -13.4
1077.4 -75.8 -15.3 -23.7 3.4 -1.8
2185.2 -43.4 46 -24 -12.6 -10.9
10 3.9 15.5
500.9 -46.7 15.6 -12.9 -7.5 -13.1
1078.4 -75.9 -15.3 -23.6 3.2 -1.6
2188.7 -44.2 44.3 -22.8 -12.6 -9.2
10.2 3.7 16
502.5 -48.2 15.6 -12.4 -7.6 -14
1079.7 -76.7 -15.2 -23.2 3.4 -2.2
2194.6 -48.9 42.5 -18.2 -12.4 -13.4
10.4 3.6 16.7
504.3 -49.1 15.3 -11.9 -7.7 -14.6
1081.2 -77.1 -15.5 -23 3.5 -2.6
2202.1 -51.4 37.4 -15.3 -11.4 -16.1
10.6 3.5 17.2
506.5 -50.3 15 -11.1 -7.7 -15.2
1082.8 -77.5 -15.6 -22.8 3.6 -2.8
2210.9 -54.8 31.5 -11.2 -9.5 -18.8
10.7 3.4 17.2
508.6 -51.2 14.5 -10.8 -7.6 -16
1084.1 -77.6 -15.9 -22.8 3.9 -3
2220 -56 24.6 -8.6 -6.3 -20.9
11.1 3.5 18.1
511.5 -52.3 13.7 -9.7 -7.7 -16.9
1085.8 -77.6 -16.3 -22.9 4.2 -3.1
2232.1 -58.2 14.3 -3.5 -2.6 -24.9
winner is: 6
