Regression analysis information for: KLH057a_2785
number of formants: 3
number of coeccicients: 5
4.9 39.5 68.4
377.4 11.3 7.6 8.7 14.5 14
1731.1 29.2 -32.4 -28 -19.5 37.4
2076.7 -75.2 141.7 -6.8 -72.4 158.9
4.8 34.1 59.1
377.3 11.1 7.4 8.5 14.3 13.9
1735 29.5 -39.1 -25.8 -13.1 34.5
2081.1 -75.7 126.1 -18.4 -73.5 155.5
4.8 26 58.3
377.3 11.1 7.5 8.6 14.4 13.9
1745.6 22.6 -56.2 -10.8 -8.4 19.5
2096 -60.7 120.1 -20.4 -63.9 153.1
4.7 16.9 75.6
377.4 11 7.4 8.6 14.4 13.7
1754.3 16.2 -70.7 2.9 -5.1 5.2
2121.8 -33.4 114.7 -16.6 -49.3 143.3
4.6 14.2 82
377.4 11 7.4 8.8 14.5 13.7
1756.5 13.5 -73.3 7 -7.4 2.4
2144.8 -24.8 94.1 0.4 -25.4 125.2
4.6 12.3 73.6
377.5 11.1 7.4 9 14.7 13.6
1757.7 11 -74.1 9.7 -10.2 1.8
2181.6 -49.4 42.2 51.8 -16.6 85.7
4.5 12.4 67.6
377.6 11.3 7.5 9.1 14.8 13.5
1757.6 11 -73.4 9.3 -10.5 2
2202.2 -60.3 4.8 75.7 4.5 57.2
4.5 12.4 57.5
377.7 11.5 7.5 9.2 14.9 13.4
1757.7 10.7 -72.9 9.1 -10.5 2.4
2217.4 -71.3 -16 98.2 6.6 35.5
4.5 12.5 42.6
377.8 11.7 7.6 9.2 15.1 13.3
1758 10.8 -72.3 8.9 -10.5 2.8
2232 -80.9 -37.5 120.4 11.9 11.5
4.6 12.7 31.6
377.9 11.8 7.5 9.3 15.2 13.2
1758.5 11.2 -71.7 8.8 -10.1 3
2241.3 -85.9 -49.2 132.9 15.3 -2.4
4.6 12.9 32
378 12 7.6 9.4 15.5 13.1
1758.9 11 -70.9 9.4 -9.4 3.1
2241.9 -86.9 -47.7 133.9 16.8 -1.4
4.7 13.2 32.4
378 12.2 7.5 9.4 15.7 13
1759.1 11.8 -71.2 10 -9 3.4
2242.2 -85.2 -47.9 134.2 17.8 1.2
4.7 13.2 31.9
377.9 12.3 7.5 9.4 15.9 12.9
1759.6 12.4 -71.3 10.3 -8.2 3.7
2243.6 -84.3 -48.4 134.9 19.4 2.9
4.7 13.5 31.7
378 12.5 7.5 9.4 16.1 12.8
1760 12.5 -71.1 10.3 -7.7 2.8
2244.7 -84.1 -48.2 134.7 19.8 1.8
4.8 13.5 31.4
377.9 12.5 7.4 9.3 16.1 12.7
1760.1 13.2 -71.1 10.4 -6.9 2.5
2246 -83.5 -49.3 135 21.7 2.2
4.7 13.7 31.1
378 12.8 7.6 9.2 16.2 12.7
1760.5 13.9 -70.8 9.4 -6.4 2.3
2247.6 -82.2 -49.5 134.2 22.1 1.5
4.7 13.6 31.3
378 12.9 7.6 9.1 16.2 12.6
1761 14.6 -70.8 8.4 -6 1.3
2248.6 -81.1 -49.8 132.2 22.8 -0.1
4.8 13 30.6
378 12.9 7.6 9 16.1 12.6
1760.9 15.5 -70.2 7.7 -5.9 0.5
2248.4 -80.1 -48.4 131.3 22.5 -1.5
4.8 12.6 30.4
378 13 7.7 9 16.2 12.5
1760.5 15.6 -70.4 6.7 -4.7 -0.7
2247.5 -79.6 -48.2 129.5 23.9 -4.6
4.8 12.4 29.7
378.1 13.1 7.7 8.9 16.2 12.4
1761.2 16.2 -70.1 5.5 -4.6 -1.2
2248.9 -78.8 -48 127.1 24.3 -5.3
winner is: 20
