Regression analysis information for: KLH057a_3433
number of formants: 3
number of coeccicients: 5
4.4 12.1 8.9
406.2 48.7 -53.2 4.4 -15.8 2.8
986.2 -97.8 -37.8 -37.2 -5.3 -7.4
2035.7 -41.7 -15 -17.1 13.9 -2.6
4.5 12.4 9.8
403.9 46.6 -54.4 3.2 -15.7 1.6
979.1 -101.5 -41.6 -41.7 -3.1 -13
2032.2 -45.4 -16.3 -18.4 12.7 -5.7
4.3 12.4 10.6
402.2 46.3 -53.9 2.5 -14.6 1.7
972.5 -98 -39.9 -45.8 2.8 -14
2028.2 -47.7 -15.1 -17.5 13.3 -7.2
4.4 12.4 10.4
401.6 47.2 -52.9 2.6 -14.3 1.1
970.5 -94.2 -37.7 -46.3 4.8 -16
2025.8 -47.5 -11 -15.2 13.1 -9.3
4.1 12.2 10.2
401.3 47.6 -52.6 2.3 -13.7 1
969.2 -91.6 -36.5 -48.5 8.1 -17.8
2024.6 -47.9 -8.4 -15.1 14.4 -10.9
4 11.9 10
401.4 48.1 -52.7 1.6 -12.8 1.1
968.3 -88.8 -36.4 -52 12.4 -18.7
2025.4 -46.9 -8.8 -17.6 16.8 -10.9
3.9 12.5 10.2
402.1 49.1 -52.6 1.9 -12 1.1
970.4 -87.8 -36.4 -51.7 13.8 -19.1
2028 -45.8 -8.6 -17.8 19.8 -10.2
3.7 12.9 10.1
403 49.8 -52.9 2.3 -11.4 1.3
971.9 -86.1 -38 -51 15 -19.6
2030.6 -42.9 -10.4 -18.1 22.2 -9.5
3.8 13.3 10.4
404.2 51 -53 2.4 -11.1 1.2
973.9 -83.8 -39.9 -50.4 15.3 -20.2
2033.9 -39.5 -13.1 -18.9 23.6 -8.9
3.7 13.9 10.7
405.3 52.2 -53.3 2.6 -10.6 1.4
976.5 -82.9 -41.2 -50.2 15.4 -19.8
2037.6 -37.2 -15.8 -20.2 24.9 -6.8
3.7 14.4 11.3
406.9 53.5 -53.3 2.9 -10.4 1.3
978.6 -81.8 -42.7 -49.6 15.2 -20.3
2041.3 -34 -17.6 -20.9 25.7 -6.2
3.7 14.6 11.8
408.6 55.1 -53.5 3.1 -10.3 1.4
982 -82 -43.7 -49.8 14.8 -20.4
2046.1 -32.2 -19.7 -22.8 26.7 -4.6
3.6 14.6 11.5
410.2 56.5 -53.3 3 -10.6 1.3
984.6 -82.4 -43.8 -50.8 13.9 -20.6
2050.2 -30.8 -19.8 -25.3 26.1 -3.6
3.7 14.5 11.4
412.1 57.9 -53.2 3.1 -10.5 1.6
986.5 -82.7 -45.3 -51.3 13.3 -19.7
2054.2 -28.7 -21.9 -26.3 26.7 -1.3
3.6 14.3 11.1
413.9 59.6 -53 3.1 -10.5 2.1
989.3 -84.2 -45.5 -52.6 12.5 -19
2058.6 -27.8 -22.5 -28.9 26.8 1.1
3.7 14.1 11
416 61.3 -52.8 2.8 -10.7 2.8
991.1 -85.6 -46.1 -54.2 11.6 -17.6
2062.7 -26.7 -23.2 -31.6 26.6 3.8
3.8 14.1 11.3
416.9 60.4 -54.6 0.6 -12 2.7
993.8 -87.2 -45.6 -55.5 11.4 -16.6
2065.7 -28.8 -25.8 -36.6 25.5 4.9
4 13.9 10.9
418.8 61.6 -54.5 -0.1 -13.6 3
996.7 -89.4 -44.5 -56.8 9.7 -15.4
2069.3 -28.8 -24.9 -40.1 23.1 7.2
3.6 14.1 11.5
420.8 62.4 -54.8 -0.9 -14.7 3
998.8 -91.6 -44.2 -57.6 9.3 -14.7
2072.8 -29 -25.4 -42.2 22.9 7.6
3.6 14.5 12.4
423.5 65 -54.5 -1.8 -15.4 3
1000.8 -94.1 -44.7 -60 8.9 -14.4
2077.1 -28.2 -25.8 -45.8 23.1 8.4
winner is: 1
