Regression analysis information for: KLH057a_2578
number of formants: 3
number of coeccicients: 5
3.4 15 4.3
321.5 2.9 -10.7 6.5 -2.1 -0.7
1522.2 12.7 -123.7 33.3 -37.2 -2
2080.6 3.5 -51.1 15.8 -0.2 -1.2
3.1 15.8 4.3
321.2 2.9 -12.1 7.1 -2.4 -0.3
1522.6 15.9 -124.7 34.5 -38.3 -0.4
2081.1 4.1 -51.1 15.2 -0.2 -0.9
2.7 15.7 4.3
320.4 1.7 -12.3 7.2 -2.9 -0.7
1524.1 15.4 -124.4 33.3 -37.8 -0.9
2082 4.6 -51.6 14.8 0.1 -0.5
2.7 18.9 4.3
319.1 1.1 -13.1 7.7 -3.7 0
1522.9 21.4 -129.6 37.9 -41.5 3.4
2082.8 5.7 -52.5 14.6 0.2 -0.2
2.2 19.7 4.4
317.8 0.3 -13.4 7.6 -3.7 0.5
1522.8 23.2 -132.5 40.1 -43 5.5
2083.7 6 -53.3 14.8 0.3 0.2
2.2 23.1 4.6
316.1 -0.2 -13.2 7.2 -4.7 0.4
1520.8 26.6 -139.6 44.7 -48.4 9.5
2084.6 6.2 -54.7 15.4 0 0.8
1.9 26.1 4.7
314.5 -0.5 -13.1 7 -5.4 0.4
1517.8 31.2 -147.2 49.4 -53.1 13.6
2085 6.9 -56.2 15.9 -0.2 1.4
1.7 26.5 4.6
312.7 -1.2 -12.1 6.8 -6.3 0.4
1514.6 28.6 -153.2 51.5 -55.2 16.2
2085 6.2 -57.6 16.8 -0.2 2
1.8 27.3 4.5
311.5 -1 -10.8 6.2 -6.8 0.4
1514.5 27.4 -153.6 51.9 -56.2 14.7
2085.3 5.9 -57.7 17.4 -0.7 1.5
1.7 26.3 4.3
310 -0.5 -10.1 5.6 -6.8 0.5
1509.6 29.4 -159.3 56 -58.5 15.9
2084.4 5.8 -58.4 18.7 -1.4 1.4
1.7 26.6 4.6
308.4 -0.7 -9.4 4.2 -6.8 1.2
1502.1 17 -166.1 52.2 -61 16.1
2082.4 3 -58.9 19.2 -2.2 1.7
1.6 21.8 4.4
307.3 -1 -9 4.1 -6.6 1.3
1490 5.8 -169.7 56.2 -57.5 18.9
2077.8 -1.1 -57.1 22.2 -1.4 1.9
1.6 20.7 4.7
306.2 -0.5 -8.4 3.5 -6.5 1.4
1479.4 3.8 -171.2 57.6 -61.2 17.7
2073.3 -2.2 -54.6 23.8 -3.6 1.2
1.6 19.3 5
305.8 -0.5 -8.2 3.1 -6.3 1.2
1474.3 -1.5 -167 55.6 -59.6 12.5
2070.7 -4.1 -51.5 24.5 -3.9 -0.9
1.5 16.2 6.1
305.1 -0.2 -8 2.6 -6.2 1.2
1464 -0.3 -166.9 51.1 -61.1 10
2066.3 -3.7 -48.9 22.6 -5.8 -1.2
1.5 14.9 6
305.1 -0.2 -7.9 2.4 -6.2 0.9
1462.3 -0.7 -162.7 49.3 -60.9 2.9
2065.3 -3.9 -47 22.6 -6.4 -3.6
1.5 15.6 5.5
304.7 0.1 -7.7 1.9 -5.9 0.7
1455 5 -159.4 39.4 -55.9 -3.9
2062 -1.2 -45 18.4 -4.9 -5.2
1.5 14.6 5.4
304.7 0.5 -7.6 1.8 -5.8 0.6
1454.6 13.1 -157.6 37.7 -52.6 -6.1
2061.8 1.7 -44.6 17.1 -3.8 -5.6
1.5 14.8 5.2
304.7 0.5 -7.4 1.5 -5.6 0.5
1454.5 15.9 -152.4 30.2 -49 -10
2061.4 3.5 -43 13.9 -2.8 -5.9
1.4 14.6 4.5
304.8 0.6 -7.2 1.4 -5.6 0.5
1458.3 19.1 -148.2 27.7 -48.7 -10.2
2062.6 4.9 -42.2 12.6 -2.9 -5.2
winner is: 20
