Regression analysis information for: KLH057a_1896
number of formants: 3
number of coeccicients: 5
9.3 16.8 3.6
575.2 81.2 -51.6 0.2 -7.4 7.7
1215.1 -323.8 -40.1 -69.5 -2.9 -26.2
2141.1 -6.2 17.1 19.1 9.5 4.7
9.5 17.9 3.6
579.1 83.5 -50.4 3.4 -4.4 8.7
1219.3 -325.1 -39.4 -67.2 -1.6 -25.5
2141.9 -5.9 17.4 18.9 9.8 4.9
9.5 17.8 3.6
582.2 84.7 -49.6 6.1 -1.9 9.6
1222.1 -327.2 -39.5 -65.8 -1 -25.5
2142.9 -5.8 17.7 19 10.1 5.1
9.9 15.4 3.5
583.6 83.8 -50.7 6.8 -1.5 9.1
1222.5 -334.1 -44 -68.9 -4.6 -28.9
2143.8 -6.1 17.6 19.1 10.2 5.2
9.8 16.6 3.5
585.6 84.8 -49.6 9.3 0.5 10.4
1223.8 -337.4 -44.9 -68.3 -4.2 -27.9
2144.8 -6.4 17.7 19.3 10.4 5.4
10.5 15.4 3.5
585.7 82.5 -51 9.1 0 9.4
1222.6 -344.4 -48.9 -71 -6.6 -29.5
2145.6 -6.9 17.8 19.3 10.4 5.4
10.6 14.9 3.5
585.5 81.5 -51.3 9.6 -0.1 9.8
1221.1 -351.1 -53 -73.7 -9.3 -30.7
2146.3 -7.6 17.6 19.4 10.5 5.6
11 13.6 3.5
584.3 79.3 -52.2 9.2 -0.8 9.8
1219.2 -356.1 -55.7 -75.8 -11.5 -31.8
2146.6 -8.3 17.5 19.6 10.5 5.7
11.4 13.6 3.5
582 75.4 -55.2 7.2 -3.4 8.3
1219.1 -357 -55.6 -74.7 -11.8 -31
2146.7 -9.2 17 19.6 10.2 5.8
12.3 13.9 3.5
578.4 70.2 -59.9 3.2 -7.8 4.9
1220 -354.6 -53.1 -71.3 -10.1 -28.6
2146.4 -10.2 16.2 19.5 9.7 5.5
11.2 13.1 3.7
576.3 68.7 -60 3.1 -7.9 5.8
1218.8 -352.8 -52 -69.8 -10 -27.4
2146 -10.4 16.1 20 9.5 5.9
11.1 12.7 3.7
573.2 65.7 -61.8 -0.3 -11.4 4.4
1219.2 -348.8 -48.1 -67.8 -9.4 -24.9
2145.3 -10.9 15.8 19.7 8.6 5.9
10.2 11.6 3.6
571.7 64.7 -62.7 -1.6 -12.3 4.8
1218.7 -345.5 -46.7 -66.7 -9.6 -23.9
2144.7 -10.7 15.5 19.7 8.3 6.4
10.1 11.9 3.9
570.6 65.6 -61.4 -2.6 -13.4 4.7
1216.5 -342.6 -45.1 -67.3 -9.2 -23.4
2143.9 -9.7 16.1 19.2 8.1 6.3
10 12 3.8
570.3 66.4 -60.4 -3.1 -14.1 4.6
1216.2 -341.5 -44 -67.9 -9.7 -23.2
2143.5 -9.4 16.6 18.9 7.7 6.3
10 12.6 3.8
571.1 67.9 -58.9 -2.4 -14.1 4.8
1215.4 -341.8 -44.5 -68.5 -10.3 -23.4
2143.5 -8.8 17.1 18.9 7.5 6.4
10.4 13 3.7
572.2 70 -57.5 -1.8 -14 4.7
1214.9 -342.4 -45.5 -69.3 -10.7 -23.6
2143.7 -8.2 17.4 18.8 7.4 6.2
10.7 13.5 3.7
574.2 73.7 -55 -0.4 -12.8 5.2
1214 -344.7 -48.1 -72 -12 -25.1
2144 -7.5 17.7 18.6 7.7 6.1
10.4 13.2 3.7
576.5 77.2 -52.5 1.5 -11.4 6.2
1212.7 -348.4 -51.2 -74.7 -13.8 -26.8
2144.7 -7 18.1 18.7 7.9 6
10 12.9 3.8
579.1 80.8 -50 3.2 -10.4 6.6
1212 -352.9 -54.4 -77.5 -15.8 -28.4
2145.5 -6.8 18.3 18.8 8.1 5.9
winner is: 13
