Regression analysis information for: KLH057a_2956
number of formants: 3
number of coeccicients: 5
7.6 5.8 9.8
452.3 -41.8 -33.3 -54.4 23.7 -12.8
956.2 -146.7 -16.6 -4.4 11.2 8.4
1996.3 45 -30.8 19.2 8.7 -8.7
7 6.6 9.8
449.6 -40.4 -29.4 -54.4 25.5 -10.7
954.3 -146 -13.9 -2.7 12.9 9.5
1996.2 45.4 -30.8 19 9.2 -8.8
7.7 6.5 9.6
445.5 -37.3 -29.3 -57.7 26.9 -10.1
949.9 -143.3 -14 -5.6 14 9.3
1994.5 47.8 -32 18.6 9.2 -8.9
7.4 6.6 9.9
443.3 -36.2 -27.5 -57 27.2 -11.2
947.8 -141.9 -13 -4.3 14.8 7.8
1992.4 50.6 -33.1 18.1 10.3 -10.1
7.4 6.2 9.6
442.4 -35.3 -25.7 -57.2 28.1 -10.4
946.8 -140.7 -11.4 -4.5 15.8 7.7
1991.3 52.7 -32.4 17 11.7 -10.3
7 6.4 9.3
440.2 -37.2 -25.1 -54.3 31.1 -10
945.2 -141.5 -10.3 -3 17.3 6.9
1989.9 53.6 -32.2 16.5 13.9 -10.8
7.1 6.3 8.9
439.6 -38.1 -23 -52.5 31.3 -10.5
945.5 -141.9 -9.2 -2.4 16.9 6.8
1989.6 53.3 -31.1 16.6 14.5 -10.6
7.3 6.2 8.6
439 -37.9 -20.7 -50 32.1 -11.4
945.1 -142 -7.9 -2 16.5 6
1989.6 53.3 -28.9 17.6 14.8 -10.2
7.5 6.1 8.1
439.9 -37.8 -19.8 -49.8 32.1 -11.4
945.8 -142.8 -7.7 -2.4 16.1 6.1
1990.6 52.2 -27.4 17.3 14.9 -9.7
7.9 6 8.2
441.6 -37.9 -18.7 -49.8 31.9 -11
947 -143.9 -8.2 -3 15.8 6.6
1992.2 50.9 -26.3 17.6 14.8 -9.5
7.9 6.3 8.1
442.5 -37.6 -18.7 -49.3 32.1 -11
947.2 -145.3 -8.4 -3 15 6.1
1994.3 48.7 -25.7 18.9 13.5 -8.4
8.3 6.3 8.1
444.6 -38.1 -18.4 -50.3 31.4 -10.7
948.3 -146.9 -8.7 -3.4 15 7.1
1996.7 46.1 -24.9 19.1 12.5 -7.9
8.7 6.6 8.2
446.4 -38.3 -18.2 -50.9 30.8 -10.6
948.8 -148.4 -8.6 -3.5 15 7.3
1999.1 43.3 -24.2 19.5 11.2 -7.2
9.3 7.2 8.4
447.5 -39.3 -19.6 -51.4 31.3 -10.4
949.2 -148.4 -7.7 -3.4 15.4 7.1
2001.4 40.3 -24.1 20.5 9.7 -6.2
9.7 7.3 8.6
450.6 -38.3 -19.7 -52.7 30.4 -10.6
948.9 -150.4 -8 -3.6 16.5 8.4
2004.2 38 -23.8 21.3 8.5 -5.7
10.1 8.1 9.1
453.4 -36.2 -20.2 -53.7 30.5 -11
946.3 -154 -8.4 -3.5 17.6 8.4
2006.3 37.3 -23.7 21.9 8.3 -6
10.6 8.4 9
456.3 -34.5 -20.7 -56.5 29.5 -10.9
944.1 -156.7 -7.4 -1.9 20.3 9.4
2008.1 36 -23.4 21.8 7.6 -5.6
11.3 8.9 9.6
460.6 -30.1 -20.5 -59.6 28.4 -11.3
938.9 -163.7 -8.5 -1.3 23.1 11.1
2009.9 35.7 -23.6 22.1 7.8 -6.3
12.4 10.3 9.7
465.9 -24.6 -20.8 -63.3 27.4 -12.3
930.3 -174.3 -10.2 -0.2 26.7 11.9
2012.3 34.3 -22.9 22.8 7.1 -5.8
13.6 10.9 10
472.3 -17.1 -21.2 -69.6 23.2 -14.3
920.1 -187.1 -10.4 4.9 34.9 16.8
2013.6 33.7 -22.9 22.7 7.2 -6.3
winner is: 9
