Regression analysis information for: KLH057b_1116
number of formants: 3
number of coeccicients: 5
4 13.8 11.2
388.4 18.3 -8.5 -7.6 -10.4 -6.2
1064.3 -199.1 22.6 -50.6 1.3 -17.3
2054.7 43.3 -21.8 -31.5 -11.4 -15.8
4 13.6 10.8
388.6 18.6 -8.4 -7.2 -10.3 -6.1
1065.5 -197.9 21.2 -48.8 0.1 -17.8
2056.4 44.9 -21.5 -29.7 -10.8 -16
3.9 13.6 10.6
388.9 18.8 -8.3 -6.9 -10.2 -6.1
1066.9 -196.3 19.6 -47 -0.8 -18.7
2058.6 47.3 -21.1 -27.4 -9.9 -16.4
3.8 13.9 10.2
389.2 19.5 -8.2 -6.4 -10 -5.9
1068.4 -192.5 16.1 -44.8 -2.4 -19.3
2061.1 51.5 -20.6 -24.5 -9 -16.1
3.7 14.2 10
389.8 20.1 -7.8 -5.9 -9.8 -5.8
1071.7 -190.9 14.1 -44.2 -4.6 -19.3
2064.6 55.3 -19.6 -22.3 -8.5 -15.7
3.6 14.7 9.8
390.4 20.7 -7.5 -5.4 -9.6 -5.6
1075.5 -190.5 12.9 -44.4 -5.7 -20.5
2068.5 58.8 -18.3 -20.1 -7.5 -15.7
3.6 14.9 9.9
391.2 21.4 -7 -4.8 -9.3 -5.6
1080.6 -190 11.7 -45 -6.5 -21.9
2073 62.8 -17 -18.1 -6 -16
3.6 15.6 9.6
392.1 22.2 -6.5 -4.3 -9 -5.4
1085.7 -190.9 10.3 -46.7 -7.9 -22.6
2077.4 65.9 -16.3 -16.7 -4.8 -15.6
3.5 16.6 9.4
393 22.6 -6.5 -4 -8.9 -5.4
1092.2 -191.1 7.6 -49 -9.2 -22.7
2081.8 68.3 -17.2 -16.7 -4.2 -15.2
3.5 17.7 9
394.1 23.7 -6 -3.3 -8.6 -5.2
1099.3 -191.5 5 -51.3 -10.5 -23.6
2086.8 72 -16.6 -15.4 -2.7 -14.4
3.4 19 9
395.7 25.2 -4.9 -2.3 -7.8 -4.8
1106.3 -192.9 2.2 -54.9 -11.6 -25.5
2092.5 76.8 -14.6 -13 0 -13.4
3.4 20.5 9.1
397.6 27 -3.6 -0.9 -6.8 -4.1
1114.8 -196.7 -0.2 -59.4 -13.3 -27.2
2097.9 80.9 -12.6 -10.5 2.8 -12.1
3.6 22.3 10
399.7 29 -2 0.5 -5.7 -3.3
1123.3 -201.4 -2.8 -66.1 -15.2 -28.7
2102.9 84.8 -10.6 -8.4 5.7 -10.8
3.9 26.5 10.9
402.4 31.3 -0.2 2.4 -4.2 -2.2
1131.9 -210.7 -9.4 -75.3 -19 -33.1
2106.9 87.2 -9.7 -5.7 8.7 -9.7
4.7 33 13.5
403.2 29.4 -2.4 0 -7.2 -5.5
1140.9 -225.1 -16.5 -87.5 -23.9 -39
2109.5 89.8 -7.9 -1.8 12.1 -8.3
4.1 66.4 45
409 36.7 4.8 7 -1 0
1180.9 -182.7 38.6 -37.6 35.5 15.5
2133.7 138.3 40.2 49.5 62.3 37.9
3.8 99.2 79.2
413.1 39.4 7.6 9.4 0.5 1.1
1217.1 -154.5 91.5 11.1 100.3 68.1
2155.8 190.5 91.2 105.9 114.4 83.9
14 142.3 100.8
411.3 33.4 11.5 22.3 14.7 9.3
1260 -132.2 128.5 29.1 142 104
2166.5 217.4 80.6 75.9 74.9 69.7
2.9 197 193.5
422.2 43.2 12.4 14.6 2.9 3
1329.8 -95.2 90.9 -105.9 22.5 35.3
2227.6 327.8 90.6 4.6 -26.9 27.4
2.7 241.7 224.2
427.1 43.6 14.4 17.6 3.1 4
1392.2 -34.8 107.8 -152 3.1 2.7
2276.6 431.2 118.9 -39.7 -106.4 -27.8
winner is: 4
