Regression analysis information for: KLH057a_3308
number of formants: 3
number of coeccicients: 5
11.1 27.2 35.8
324.4 33.4 11 -1.2 11.8 -12.9
1890.5 -114.5 -25.8 22.2 9.8 32.7
2329.5 -168.1 -45.9 43.2 5.9 37.6
11.2 13.3 21.1
324 33 11.1 -0.9 11.9 -13
1902 -98.8 -24.8 8.4 -11.4 15.2
2342.7 -149.5 -43.9 29.3 -17.4 16.8
11.2 13.3 18.4
323.6 32.7 11.1 -0.5 11.8 -13.5
1903.1 -98.8 -25.1 7.8 -10.9 16
2347.5 -145.3 -44.9 23.5 -23.5 14.2
11.3 13.3 18.9
323.1 32.2 11.2 -0.1 11.7 -13.8
1904.1 -98.9 -25.5 7.5 -10.5 16.6
2349.1 -145.7 -45.7 23.3 -23.2 14.6
11.2 13.4 19.3
322.8 32.1 11.3 0.2 11.6 -14.1
1904.7 -99.4 -26.1 7 -10.3 17
2350.1 -147.3 -47.2 22.7 -23.3 14.9
11.2 13.5 19.5
322.5 32 11.3 0.5 11.4 -14.5
1905.4 -99.7 -26.5 6.5 -9.9 17.5
2351.2 -148.9 -48.3 22.3 -23.1 15.1
11.2 13.6 19.8
322.2 31.9 11.4 0.7 11.2 -14.5
1905.7 -100.2 -26.9 6 -10.2 17.6
2351.9 -151.2 -49.1 21.5 -23.6 14.6
11.1 13.7 19.8
321.9 31.9 11.4 0.9 11.1 -14.7
1905.8 -100.6 -27.3 5.5 -10.4 17.8
2352.4 -152.9 -49.7 21.1 -24.1 14.9
11.1 13.9 19.8
321.7 31.9 11.5 1.1 11 -14.8
1905.6 -100.9 -27.9 4.9 -10.9 17.9
2352.2 -154.9 -51 20.2 -25 15
11.1 14.2 20.2
321.5 31.9 11.7 1.4 11.1 -14.9
1905.3 -100.7 -27.9 4.7 -11.9 17.9
2351.9 -155.2 -50 20.3 -26.5 14.9
11 14.1 19.5
321.4 32 11.8 1.4 10.9 -14.9
1904.8 -100.4 -28 4.5 -12.2 18.1
2352.1 -155.1 -49.9 20.5 -26.5 15
11.1 14.1 19.3
321.3 32 11.9 1.6 11 -15
1904.9 -99.5 -28 4.7 -12.3 18.3
2352.5 -153.2 -48.6 21.4 -25.9 15.6
11.1 14.2 18.7
321.3 32 12 1.8 11.1 -15.1
1904.7 -98.9 -28 5.4 -12.1 18.6
2352.7 -151.4 -47.5 22.5 -25.4 15.9
11.2 14.3 18.1
321.3 32.1 12.1 1.9 11.1 -15.2
1905.2 -98.1 -27.5 5.9 -11.5 18.7
2353.5 -149.2 -45.9 24 -24.2 16.5
11.2 14.3 17.4
321.4 32.1 12.2 2 11.2 -15.3
1905.8 -97.4 -27.1 6.6 -10.6 18.4
2354.8 -146.6 -44.8 25.5 -22.4 16.5
11.2 14.1 16.9
321.5 32.1 12.2 2.1 11.2 -15.4
1906.8 -96.9 -26.5 7.3 -9.4 18.1
2356.6 -144.1 -43.6 26.9 -20 15.8
11.3 14.3 16.7
321.5 32.1 12.3 2.3 11.3 -15.6
1907.4 -97.1 -25.5 9.3 -8 17.5
2358.4 -142.6 -42 30.2 -17.7 15.5
11.3 14.1 16.1
321.7 32.1 12.4 2.4 11.5 -15.6
1908.7 -97.1 -24.9 10.6 -6.5 17
2360.8 -141 -41.1 32.6 -14.9 14.8
11.4 13.9 16.1
321.8 32.2 12.4 2.5 11.5 -15.8
1910.1 -97.2 -23.4 12.3 -5.2 15.8
2363.9 -139.8 -39.5 35.7 -12.9 13.8
11.4 13.6 15.7
322 32.2 12.5 2.6 11.7 -15.8
1911.7 -97.3 -22.8 13.8 -3.7 15.2
2367.1 -138.6 -38.7 39 -10.4 13.1
winner is: 20
