Regression analysis information for: KLH057a_0187
number of formants: 3
number of coeccicients: 5
16.9 30.2 32.1
431.8 44.5 -61.9 26.2 -9.3 10.6
1387.7 -64.1 11.2 8.3 -1.9 38.1
2030.9 -30.4 -13.4 -0.7 12.3 9
16.9 30.3 31.5
431.2 44.4 -62.2 25.7 -9.4 10.4
1387.5 -65.9 10.2 7.1 -2.3 38.3
2032.5 -31.5 -13 -1.4 11.3 11.1
15.8 30.2 57.8
429.7 45 -62.5 24.4 -8.9 9.6
1386.6 -68.5 9 5.2 -3 39.2
2012.3 1.8 -29.4 -11.2 39.6 -27
15.6 29.9 49.9
429.2 44.6 -62.8 24 -9.3 9.5
1385.7 -71.6 6.8 3.7 -4.2 38.8
2017 -5.8 -26.9 -10.6 33.9 -18.6
15.2 28.9 40.9
428.8 44.3 -62.2 24.2 -9.8 9.4
1384.8 -73.1 7.2 3.2 -4.2 37.9
2022.3 -15.2 -23.2 -9.6 27.4 -9
15 27.4 34.6
428.4 43.8 -62 24.6 -10.5 9
1384 -74.4 6.9 3.9 -5.6 36.1
2026.2 -23.3 -19.6 -9.2 22.8 -2.4
14.7 27.6 29.7
428 43.9 -61.3 24.7 -10.9 9.2
1378.3 -67.7 6.5 0.2 1.5 27.4
2030.1 -30.7 -15.4 -8.3 17.9 4.9
14.6 24.4 20.5
428 43.6 -60.9 25 -11.5 9.7
1383.4 -76.4 10.6 4.2 -7.9 36.7
2047.4 -59.2 -3.5 1.4 -7.2 36.6
14.6 22.9 19.5
427.8 43 -60.2 25.7 -11.8 9.5
1383.1 -78.2 13.5 6.1 -8.6 35.5
2046.3 -61.9 -0.7 3.8 -5.6 34.5
14.3 21.8 20.6
427.7 43.3 -59.9 25.8 -11.8 9.4
1382.7 -77.8 15.7 5.8 -7.7 34.9
2046.3 -62.3 1.2 3.1 -5.1 33.4
14.1 20.2 20.4
427.9 43.4 -59.6 26.2 -12.3 9.5
1384 -77.5 18.5 7.2 -9.4 35
2047 -62.4 3 3.8 -5.5 32.9
14.1 19.3 20
428.3 43.8 -59.5 26.7 -12.7 9.5
1386.6 -77.4 20.4 9.5 -11.2 34.6
2048.6 -62.2 4.7 4.3 -6.8 32.4
14 19.1 20.1
428.6 44.1 -59.6 26.9 -13.1 9.4
1388.5 -76.8 21.4 10.9 -12.3 33.9
2049.8 -61.7 5.6 4.3 -7.4 31.6
13.9 18.5 19.9
429 44.8 -59.7 27.3 -13.5 9.6
1391.5 -75.6 23.2 11.9 -12.6 33.3
2052.2 -60.9 6.8 3.6 -7.9 31.5
13.6 17 19.4
429.3 45.9 -59.9 27.4 -13.5 9.4
1393.8 -72.7 24.4 12.1 -11.7 31.8
2054.4 -59 7.2 2.3 -7.8 31.2
13.6 16.9 19.4
430 46.5 -60.3 27.7 -14 9.5
1397.5 -70.9 25.5 12.7 -11.4 30.8
2057.4 -57.9 7.8 0.8 -7.8 31.1
13.4 16.9 19.7
430.7 47.5 -60.8 28.2 -14.3 9.4
1401.8 -68.7 25.2 14.9 -11.7 29.3
2060.4 -55.5 7.1 0.1 -8.1 30.5
13.4 16.7 19.7
431.4 48.8 -61.7 28.6 -14.7 9.4
1407 -66.5 25 16.6 -11.6 27.8
2064.5 -53.9 6.6 -1.7 -8.3 30.2
13.4 16.2 19.5
432.1 50.1 -62.6 28.8 -15.2 9.2
1411 -63 24.2 16.6 -10.3 24.8
2067.7 -51.2 5.3 -4.1 -7.8 29.5
13.6 16.7 19.7
432.9 51.6 -63.8 29.2 -15.8 9.5
1416 -61 22.9 16.5 -10 23.1
2071.8 -49.6 4 -7 -8.2 29.6
winner is: 19
