Regression analysis information for: KLH057a_3396
number of formants: 3
number of coeccicients: 5
14.1 4.4 0.7
534.9 -3.9 -45 21.4 -24.6 17.1
1228.6 -6.1 10.7 -2.8 -2 1.8
2016.5 -3.5 -28.4 -3.6 7.5 -2.3
14.6 5.4 0.6
531.3 3 -45.7 21.7 -24.8 18.8
1227.8 -3 11.2 -2.3 -2.4 3.4
2018.9 -2.6 -28.5 -2.4 8 -2.7
13.4 5.5 0.6
526.1 10.7 -48 21.3 -23.1 16.3
1225.5 2.1 10.7 -2.5 -1.1 2.5
2020.8 -2.1 -28.5 -1.2 8.3 -2.4
12.5 6.2 0.3
520.6 18.7 -46.5 18.9 -21.5 15.4
1221.3 8.6 13.7 -5.5 0.3 2.8
2022.2 0 -27.7 -1.1 9.2 -2.2
9.5 4.8 0.5
514 29.1 -50.8 19.7 -20.2 11.7
1214.4 20.4 10.3 -5.1 2 0.8
2022.1 3.3 -27.1 -1.5 10.2 -1.9
9.2 4.7 1.1
511.2 31.7 -48.5 18.3 -19.8 11.3
1210.2 25.6 14.3 -8.1 3 1
2020.7 6.4 -23.8 -3.2 11.1 -0.5
8 3.4 1.1
508.1 35.9 -47.3 19 -20.2 10.1
1204.5 32 17.1 -7.9 2.1 -0.3
2017.6 10.3 -18.3 -5.1 10 1
7.8 2.8 1.2
505.9 37.2 -45.9 19.2 -20.6 8.8
1200.1 36.2 20.6 -7.4 1.4 -1.9
2012.9 13.3 -10.1 -6.1 7.5 1.6
7.3 1.9 1.3
504.7 39 -45.6 19.9 -20 8
1196.9 40.1 20.5 -5.8 1.8 -3.5
2009.6 15.5 -6.2 -5.5 6.9 1.1
6.6 1.4 1.7
503.5 42.2 -46.1 20.2 -18.9 7.1
1194 45.9 18.9 -5.4 3.7 -5.5
2007.1 20.2 -5 -6.4 8.9 0.4
6.3 1.8 2.1
503.3 43.3 -45.8 20.6 -18.7 6.7
1193.1 49.5 18.7 -4.5 3.9 -6.3
2006 23.8 -3.1 -5.8 9 -0.1
6.1 1.9 2.2
503.4 44.6 -46 21.1 -18.5 6.4
1193.5 50.6 19 -3.3 4.3 -6.4
2006.7 25.3 -2.7 -4.5 9.6 -0.6
5.8 2.2 2.5
503.3 46.1 -46.1 21.5 -17.9 6
1192.7 54 17.7 -2.4 5.1 -7.3
2006.1 28.9 -3.7 -3.6 11.2 -1.9
5.8 2.2 2.7
504 46.4 -46.2 22.3 -18 6.1
1194.3 55 17.2 -0.8 4.8 -7.1
2008.5 30.1 -5.1 -0.6 11.6 -2.1
5.6 2.3 2.9
504.9 47.2 -46.4 22.8 -17.8 5.7
1196.9 54.9 17.3 0.1 5.2 -7.5
2012.7 30.3 -7.2 1.5 12.8 -3.2
5.8 2.4 3
506.5 46.7 -46.1 23.3 -18.1 6.1
1199.8 54.4 17.2 1.1 5.4 -7.6
2017.2 29.8 -9.3 3.9 13.6 -3.9
5.7 2.5 3
508 46.8 -45.9 23.8 -17.9 6.1
1202.6 53.8 16.8 1.8 5.5 -7.8
2021.6 29.2 -11.8 5.9 14.5 -4.5
5.6 2.5 2.8
509.4 47.7 -45.8 24.3 -17.5 6.2
1205.5 53.3 16.9 2 5.9 -7.9
2026.1 29.2 -13.9 6.6 15.9 -5
5.9 2.5 2.8
511.1 47.2 -45.6 24.5 -17.8 6.3
1208.5 53.2 17 2.4 6.3 -8
2030.6 29.4 -15.3 8 17.2 -5.4
5.9 2.6 3.2
511.5 46.7 -44.7 24.7 -18.3 6.6
1209.1 51.8 18.8 2.4 5.5 -7.9
2030.4 27.7 -12.3 8.3 15.2 -5.3
winner is: 10
