Regression analysis information for: KLH057a_2242
number of formants: 3
number of coeccicients: 5
5.6 5.2 11.3
368.8 50.7 -27.5 0.4 2.4 -0.9
757.7 2.8 53.2 -12.6 4.6 13.5
2329.5 34 -11.1 16.2 2.4 15.1
5.8 5.2 9.7
370.2 52.4 -26.5 -0.5 1.5 -1.6
760.7 6.2 56.6 -11.7 4 13.2
2330.5 31.7 -8.3 14 6 13.2
5.7 5 9.1
370.9 52.6 -26.6 -1.3 1.6 -1.7
761.1 6.4 56.6 -13.3 4.2 12.2
2331.7 29.4 -5.6 12 8.1 11.4
5.8 4.7 8.2
373.4 54.6 -26.5 -1 2.2 -2.4
766.7 13.4 61.8 -8.4 7 13.4
2331.5 27.1 -4.1 10.6 8.2 10.4
5.8 4.7 8.5
372.5 54.1 -25.2 -1.9 1.1 -2.9
764.8 10.4 60.8 -11.1 4.4 11.8
2332.3 26.4 -2.4 7.8 10.9 10.2
5.9 4.1 8.1
373.9 55.8 -24.8 -1 1.6 -2.5
768.9 17.7 66.2 -6.3 8 14
2331.8 27.1 -2.4 7.9 10.9 9
6.1 5.1 7.9
374.9 55.8 -25.7 -2.1 1.7 -3
768.8 15.1 63.7 -8.5 5.5 12
2333 24.9 -0.5 6.8 11.3 8.4
6.1 4.4 7.7
375.1 55.8 -25.1 -1.4 1.9 -2.6
770.1 17.3 65.9 -6.7 7.3 13.3
2333.2 24.3 0.9 5.8 12.5 8
6 5.2 7.6
377.3 57.3 -26.3 -2.1 0.9 -3.5
772.3 19.3 66.5 -6.1 6 12
2334.9 23.7 -0.4 7.9 10.2 7.9
6.2 5 7.3
376.4 55.9 -25.9 -2.2 -0.7 -4.2
770.7 14.6 63.5 -8.2 3.6 11.6
2335.7 20.9 0.8 8.4 8.1 8.2
6.4 5.7 7.6
377.7 56.6 -25.6 -1.9 -1.1 -4.5
772.8 17.1 65.3 -7 3.8 11.4
2337.8 18.3 2.9 8.6 7.3 8.2
6.7 5.3 7.7
378.7 55.7 -27 -2.1 -0.4 -3.8
772.8 15.4 64.7 -6.9 3.5 12.4
2340.7 13.9 3.3 9.1 6.8 9.1
6.9 5.1 7.4
378.9 54 -27.9 -2.1 -0.7 -3.4
772.6 14.2 63.6 -7.4 2.9 13.1
2343.2 8.2 5.4 8.7 6.2 9.2
7.1 5.8 7.4
381.2 54.6 -29.3 -2.5 -1.7 -3.8
773.1 15.3 64.7 -6.6 3.1 13.4
2347.1 4.6 6.6 8.2 5.5 8.8
7.4 6.2 7.4
383.1 54.4 -31.4 -2.6 -1.6 -3.8
772.9 15.4 65.7 -5.8 2.4 14.2
2350.9 -0.1 6.9 8.3 5.2 9
7.7 7.1 7.3
385.5 54.8 -32.6 -3 -2.7 -3.5
772.4 16.8 67 -4.2 3.2 15.1
2354.6 -3.9 9 7.5 5 9.2
8.1 8.3 7.1
389 55.7 -35.2 -3.3 -3.8 -3.8
770.4 17.7 69.5 -2.6 3.9 16.6
2359.1 -7.7 9.7 7.4 4.3 9.2
8.9 9.4 7
390.3 54.1 -38.1 -2.9 -4.1 -3.9
769.1 19.2 71.6 -2.7 3.7 17.5
2361.1 -11.4 9.1 8.1 3.3 10
9.4 10.2 7
393.3 55 -40.5 -3.3 -3.8 -3.2
767.2 19.8 75.4 -2.1 4.6 17
2363 -11.4 8.4 9 2.8 11.1
9.4 11.3 6.9
397.4 58 -43 -4.8 -5.3 -4.2
762.3 18.7 78.3 2 6.4 19.6
2366.3 -13.3 9.7 7.8 2.9 10.7
winner is: 6
