Regression analysis information for: KLH057b_0183
number of formants: 3
number of coeccicients: 5
1.7 7.1 2.5
426 -60.7 -20.4 -0.4 -0.2 -2
1586.7 -15.6 -73 -1.8 -19.5 13.6
2186.6 44.2 -11 -7 -9.3 -5.2
1.7 6.2 2.6
425.3 -60.1 -19.9 -0.3 -0.4 -2
1584.2 -9.6 -74 -0.2 -20 13.5
2186.3 48.8 -10.6 -6.7 -9.2 -5.8
1.7 5.8 3
424.7 -59.8 -19.4 -0.3 -0.5 -2
1580.8 -3.8 -74.2 0.3 -20.7 14.3
2185 53.6 -9.5 -7.3 -9.2 -5.6
1.7 5.7 3.4
424.3 -59.6 -19.1 -0.1 -0.6 -1.9
1575.6 2.2 -75 1.8 -23.2 15.5
2181.9 57.2 -8 -7.7 -10.3 -5.6
1.7 5.5 3.5
424 -59.5 -18.9 0 -0.6 -1.9
1571.3 7.5 -75.5 3.1 -24.3 16.1
2179.2 60.6 -6.7 -7.7 -10.4 -5.6
1.7 6.1 3.4
423.7 -59.4 -18.6 0.1 -0.5 -1.9
1568.3 10.6 -73.8 2.6 -24.4 17.7
2177.1 63.5 -4.4 -8.8 -10.1 -4.5
1.7 6.3 4
423.6 -59.3 -18.4 0.1 -0.7 -1.9
1564.5 13.2 -70 2.6 -27.7 19.4
2173.9 64.9 0.4 -9.3 -12.4 -3.7
1.8 6.4 3.7
423.4 -59.5 -18.4 0.2 -0.5 -1.8
1563.8 13.2 -69.4 3.9 -26.2 19.8
2173.3 64.8 1.1 -7.4 -10.6 -3.3
1.8 7.7 3.9
423.6 -59.4 -18.3 0.3 -0.5 -1.8
1565.6 12 -68.3 4.2 -25.6 20.8
2174.7 64.8 1.7 -6.5 -9.9 -2.7
1.8 8.8 4.2
423.8 -59.3 -18.4 0.3 -0.4 -1.7
1568.7 10.2 -68.1 4.6 -25.4 21.7
2177.1 64.1 1.4 -5.6 -9.6 -2.2
1.8 9.6 3.9
423.8 -59.5 -18.4 0.4 -0.3 -1.6
1571.6 6.9 -68.6 5.8 -23.3 23.1
2179 62.3 0 -3.6 -7.5 -0.4
1.8 10.7 4.2
424.2 -59.4 -18.5 0.4 -0.2 -1.7
1577.1 3.7 -68.1 4.9 -21.7 22.5
2183.2 62.2 -0.6 -3.3 -6.8 -1.1
1.9 12.6 4.6
424.5 -59.3 -18.5 0.5 -0.3 -1.6
1582.5 1.9 -69.4 7 -22.9 25.2
2187.7 62.6 -1.8 -1.7 -7.5 0.3
1.9 13.5 5
424.8 -59.4 -18.6 0.5 -0.2 -1.7
1589.8 -2.6 -69.8 7.9 -22.4 24.9
2193.2 62.5 -3.3 -0.2 -8.2 -0.3
1.9 14.9 5.3
425.3 -59.4 -18.8 0.5 -0.2 -1.6
1599.2 -8.3 -70 7.8 -21.6 25.6
2199.6 62.4 -5.1 0.8 -8.4 -0.2
1.9 16.6 5.7
425.8 -59.5 -18.7 0.6 -0.2 -1.7
1609.5 -15.4 -68.2 7.2 -20.1 26.7
2206.1 63 -6.4 2.2 -8.7 0.5
1.9 18.6 6.5
426.4 -59.5 -18.8 0.5 -0.1 -1.7
1622 -23.9 -66.7 6 -19 26.6
2213.6 64 -9 3.5 -10.1 -0.1
2 21.2 7.6
427.1 -59.5 -18.9 0.5 -0.1 -1.8
1636.1 -33.6 -64.7 4.2 -17.6 27.2
2221.2 65.9 -12.2 5.2 -11.3 -0.4
2 23 8.6
427.7 -59.6 -18.9 0.5 -0.1 -1.8
1651.2 -45.1 -59.9 0.9 -16 27.9
2228.6 68.9 -15.5 7.5 -13.8 0.4
2 27.5 11.3
428.5 -59.7 -19 0.4 0 -1.8
1669.3 -61.3 -52.2 -3.9 -12.3 29.2
2235.1 73.3 -20.8 12 -16.1 1.4
winner is: 2
