Regression analysis information for: KLH057a_5878
number of formants: 3
number of coeccicients: 5
1.9 5.9 3.6
355.6 20.1 -13.1 -1.9 -3.2 -3.2
1509.8 -124.4 -21.7 9.4 24.5 -7.6
2143.3 3.6 19.1 -7.4 -0.1 7.3
1.9 6 3.6
355.7 20.6 -13.5 -1.8 -3.2 -3
1511.7 -124.2 -22.4 8.5 25.9 -8
2143.5 3.3 19.9 -7.3 0.2 6.7
1.8 6.1 3.5
355.8 20.9 -14 -1.7 -3.4 -2.7
1513.1 -123.5 -22.9 8.6 26.5 -8.3
2144.1 3.6 20.4 -7.3 0.6 6.4
1.7 6.4 3.5
356 21.4 -14.3 -1.5 -3.5 -2.6
1515.4 -122.9 -23.4 8.4 27 -7.7
2144.9 4 20.7 -7.2 0.8 6.1
1.6 7 3.6
356.2 21.9 -14.7 -1.3 -3.8 -2.3
1517.6 -121.9 -23.7 8.8 27.4 -7.3
2146.2 5 21.4 -7 1.2 5.8
1.5 7.5 3.5
356.4 22.1 -15.1 -1.3 -3.9 -2.1
1519 -120.9 -24.2 10.3 26.2 -6.5
2147.4 6.3 21.2 -6.9 1.2 5.9
1.5 7.7 3.3
356.7 22.5 -15.2 -1.2 -3.9 -2
1521.4 -119.2 -24.9 10.9 25.9 -5.3
2148.8 7.8 21.6 -6.5 1.1 5.9
1.5 8 3.1
357 22.5 -15.4 -1.2 -4.2 -1.9
1523.1 -118.3 -25.3 12.4 24.7 -4
2149.9 9.3 21.7 -6.2 0.9 6.1
1.5 8.2 3.1
357.3 22.7 -15.4 -1.2 -4.3 -1.7
1525.6 -117.8 -24.5 14.2 24 -2.2
2151.5 10.9 22.3 -5.4 1.1 6.7
1.5 8.5 2.8
357.4 23.2 -15.3 -1.1 -4.3 -1.6
1527.5 -115.1 -25.3 15.7 23.1 -0.5
2152.8 13 22.8 -4.6 0.7 7
1.6 8.5 2.9
357.8 23.3 -15.4 -1.2 -4.4 -1.6
1529.5 -113.9 -23.1 16.6 23.2 -0.5
2154.6 15.2 24 -4.1 1.3 7.2
1.6 8.5 2.8
358 23.6 -15.2 -1.1 -4.5 -1.6
1531.9 -112.9 -22.2 17.5 23.1 0.9
2155.9 16.8 25.1 -3.4 1.3 7.4
1.6 8.4 3
358.3 23.9 -15 -1.1 -4.5 -1.5
1534.3 -111.6 -20.1 18.6 22.8 1.8
2157.6 18.9 26.6 -2.7 1.6 7.7
1.6 8.6 3
358.6 23.9 -15.1 -1 -4.7 -1.4
1536.6 -110.6 -18.9 20.2 22.5 2.9
2159.2 20.8 27.5 -2.1 1.8 8
1.6 8.2 3.1
358.8 24.3 -14.8 -0.9 -4.6 -1.4
1539.1 -109.4 -17.3 20.9 23.2 4.1
2160.4 22.4 28.9 -1.2 2.3 8.4
1.6 8.1 3
359.1 24.3 -14.8 -0.8 -4.7 -1.3
1541.7 -109.2 -14.8 22.8 22.1 5.3
2162.1 24.1 30 -0.5 2.5 8.7
1.7 8.2 3.1
359.4 24.5 -14.8 -0.9 -4.7 -1.3
1544.4 -109.1 -13.7 23.4 22.1 5.8
2163.5 25.4 30.6 -0.4 2.5 8.6
1.7 8.2 3.3
359.5 24.7 -14.5 -0.7 -4.8 -1.3
1545.9 -109 -12.5 24.6 21.3 6.4
2164 26 31.6 0.4 2.3 8.6
1.7 8.2 3.3
359.9 24.8 -14.4 -0.6 -4.8 -1.3
1549.5 -108.9 -9.7 26.2 22.4 6.8
2166 27.7 33.1 1.4 3.3 8.5
1.6 8 3.5
360.1 25 -14.1 -0.5 -4.7 -1.3
1552.1 -109.7 -6.1 26.3 22.9 7.1
2166.9 28.4 35 2 3.7 8.2
winner is: 1
