Regression analysis information for: KLH057a_4165
number of formants: 3
number of coeccicients: 5
4.1 6.2 4.5
353 29 -1 12.5 -9.4 5.7
1492 196.6 -43.8 21.9 10.2 -1.7
2125.9 102 1.4 10.6 0.4 -2.5
3.9 6.1 4.4
353 28.9 -1.2 12.7 -9.4 5.8
1492.8 195.2 -44.1 21.5 10.1 -1.4
2127.5 101.5 1.1 10.5 0.5 -2.5
4 5.9 4.2
353.2 28.5 -1.2 12.6 -9.3 5.8
1495.3 192.8 -44.8 22.4 9.8 -1.5
2129.7 100.5 0.3 10.8 0.5 -2.6
4 6 4.4
353.2 28.6 -1.4 12.9 -9.4 5.9
1495.6 193 -46.6 23.9 8.7 -1
2130.7 100.7 -1.1 11.8 -0.1 -2.2
3.9 6 4.3
353.4 28.3 -1.4 12.9 -9.4 5.9
1497.1 191 -47.2 24.1 8.4 -1.3
2132.2 99.6 -2 11.7 -0.3 -2.5
4 5.7 4.1
353.4 28 -1.2 12.8 -9.3 6
1498.1 189 -47.3 24.7 8.5 -0.5
2132.9 98.5 -2.5 11.8 0.2 -1.9
3.9 5.4 3.7
353.3 28.3 -1.5 13.2 -9.3 5.9
1497.8 189.6 -48.9 25.4 8 -0.8
2132.9 98.7 -4.2 12.3 -0.3 -2.2
3.9 5.7 3.7
353.3 28.3 -1.5 13.2 -9.5 5.8
1498.1 191.2 -49.8 27.5 7.9 -1.4
2133.2 100.3 -4.9 14 -0.2 -2.6
3.9 5.2 3.5
353.5 28.2 -1.3 12.9 -9.4 5.9
1499.7 189.2 -47.7 24.9 8.4 -0.9
2134.4 99.3 -3.7 11.6 0.3 -2.3
3.9 5.5 3.3
353.5 28.1 -1.3 13.1 -9.5 5.9
1500.7 188.5 -46.2 25.1 8.7 -1.4
2135.4 99 -2.5 11.9 0.7 -2.6
3.9 5.5 3.3
353.6 27.8 -1.1 13 -9.5 5.9
1501.8 185.5 -45.6 25.8 8.4 -0.9
2135.5 96.8 -2.2 12.4 0.9 -2.3
3.9 5.7 3.3
353.7 27.8 -1.2 13.2 -9.4 6
1502.3 186.2 -45.9 26.4 10 -0.4
2136.1 97.5 -2.5 13.5 2.8 -1.4
3.9 6 3.6
353.9 27.6 -1 13.2 -9.5 5.9
1504.8 183.9 -42.8 26.7 9.2 -1.1
2137.8 96.7 0.2 13.9 2.1 -2.5
4 6.1 3.8
354.2 27.3 -0.7 13.1 -9.7 5.9
1507.8 181.7 -39.9 28.2 8.4 -1.1
2139.7 96.1 2.9 15.4 1.8 -2.8
3.9 6.4 4.1
354.5 27.1 -0.8 13.2 -9.7 6
1511.7 179 -38.9 28.1 8 -1.1
2142.9 95.5 3.1 14.9 1.8 -2.8
3.9 6.6 4.4
355 26.8 -0.6 13.1 -9.8 6
1516.7 176.5 -36.3 28.9 7.5 -1.2
2146.6 95.7 4.9 15.5 1.6 -3.1
3.9 7.1 4.7
355.4 26.5 -0.5 13.1 -9.9 6.2
1521.9 173.5 -32.6 29.3 7.1 -0.7
2150.3 95.8 7.3 15.9 1.8 -2.8
3.9 7.9 5.3
355.7 26.3 -0.3 13.2 -10.1 6.2
1526.4 171.6 -27.8 29.1 6.4 -0.8
2153.6 97.1 10.7 16.1 1.3 -3.1
4 8.2 5.5
356.2 26.1 -0.1 13 -10.2 6.3
1532.9 168.7 -22.9 29.2 6.6 -0.8
2158 98.5 13.5 16.6 1.7 -3.2
4 8.9 6
356.7 25.9 -0.1 13.2 -10.4 6.4
1540.3 165.2 -18.4 29 6.6 -0.9
2162.9 100.3 15.5 16.8 2.2 -3.4
winner is: 9
