Regression analysis information for: KLH057a_0801
number of formants: 3
number of coeccicients: 5
4.8 11.4 27
298 -1 -4.2 -4.2 -5.1 2.9
2011.2 1.4 -57.7 5.7 -16.1 -4.3
2467.9 56.9 8.3 -0.3 -6.3 24.9
4.8 11.5 26
297.1 -0.7 -4 -4.7 -4.7 2.3
2015 1.3 -59.9 7.2 -17.4 -2.5
2473 58.9 6.1 1.9 -8.1 24.7
4.9 12 25.2
296.2 -0.4 -4 -5 -4.7 2.1
2019 0.6 -61.9 8.1 -16.8 -1.9
2478.3 59.5 3.8 3.1 -6.4 23.1
4.8 12.6 25
295.5 -0.3 -3.9 -5.3 -4.6 1.8
2022.1 0.7 -63.7 9.1 -17.2 -1.1
2482.5 61.1 2.4 4 -7 22.2
4.8 13.4 25.1
294.8 -0.1 -3.8 -5.4 -4.6 1.5
2026.1 0.8 -66.5 9.3 -16.2 0.7
2487.9 62.8 0.2 4.7 -5.4 22.1
4.7 13.9 24.3
294.1 0.1 -3.8 -5.5 -4.8 1.4
2029.7 0.2 -68.8 9.8 -14.8 1.6
2492.1 62.1 -2.9 4.6 -2.5 21.9
4.6 15.6 25.6
293.2 1 -3.9 -5.5 -5 1.4
2034.6 -2.3 -72 11.3 -13.5 0.6
2498.9 59.4 -6.1 6 1 18.7
4.6 16.2 25.7
292.6 1.4 -4.2 -5.3 -5.3 1.3
2037.9 -3.1 -73.8 10.5 -12 2.3
2502.6 58.2 -7 4.3 3.6 20.2
4.5 17.2 25.8
292.1 1.8 -4.3 -5.2 -5.4 1.3
2040.6 -4.1 -75.6 10.5 -11.4 1.9
2506.3 57.2 -8.2 3 5.5 19.9
4.5 18.2 26.5
291.6 2.4 -4.6 -5 -5.7 1.2
2043.1 -6.1 -77.7 9.9 -10.3 1.4
2509.5 54.3 -8.3 2 8.8 19.8
4.5 19.1 27.5
291.3 2.7 -4.6 -4.9 -5.8 1.1
2045.2 -7.8 -80.7 9.9 -9.2 1.5
2511.7 52.7 -10.3 2 11.1 20.1
4.5 20 28.4
291 3 -4.7 -4.8 -5.9 1.1
2046.3 -9.6 -82.2 10.1 -8.7 1
2513 50.5 -10.4 1.4 12.3 20.3
4.4 21.5 30.1
290.6 3.5 -5 -4.6 -6.1 1
2047.6 -12.6 -83.8 9.5 -8.8 -0.2
2515 46.2 -8.4 -0.1 14.3 20.1
4.4 22.7 32
290.3 4 -5.3 -4.5 -6.2 0.9
2048.7 -15.5 -84.3 10.1 -8.6 -0.6
2516.7 41.8 -5.5 -1 15.3 20.2
4.4 24.4 33
290.2 4.2 -5.3 -4.5 -6.2 0.8
2049.8 -17.1 -85.2 11.1 -9.4 -1.4
2516.6 41 -4 -1.2 14.8 20.7
4.4 26.5 35.4
290 4.5 -5.4 -4.5 -6.2 0.8
2050.6 -19.4 -86.4 11.8 -10 -3.9
2516.3 40.1 -0.6 -4.5 16.2 19.9
4.4 28.1 37.1
289.9 4.8 -5.5 -4.4 -6.3 0.8
2051.6 -20.8 -87.3 12 -11.6 -5.3
2517.2 37.5 4.2 -7.3 13.9 20.2
4.5 28.8 37.4
289.9 4.9 -5.5 -4.4 -6.3 0.8
2052.7 -20.3 -87.7 12.9 -12.2 -6.6
2517.2 37.6 7.8 -10.3 12 21.3
4.5 29.3 37.8
289.9 5 -5.5 -4.4 -6.4 0.7
2053.3 -18.9 -87.6 12.9 -12.7 -7.5
2517.6 38.7 9.9 -13.1 11.3 20.8
4.5 29.5 37.6
289.8 5.2 -5.5 -4.4 -6.4 0.7
2053.6 -16.5 -87.5 13.5 -13.9 -7.4
2518.2 39.8 11.2 -13.8 9.4 19.8
winner is: 3
