Regression analysis information for: KLH057b_0418
number of formants: 3
number of coeccicients: 5
2.1 5.5 28.7
382.7 -50.6 2.1 1.2 0 0.3
766 -43.9 14.9 12.2 -6.6 17.8
2232.8 -102.3 -101.8 -54.6 -27.2 23.2
2 4.9 24.2
382.3 -49.6 2.9 1.6 -0.2 0.1
765.3 -40.9 16.9 13.4 -6.6 16.6
2243.4 -80.8 -89.1 -50.5 -30.9 20.2
2 4.8 22.1
381.9 -49.5 3.7 1.4 -0.5 -0.5
764.5 -40.5 18.4 12.7 -7.5 14.8
2250.4 -66.3 -80.2 -53.2 -37.8 14.2
2 4.9 22.8
382.3 -48 5.2 2.6 -0.4 -0.9
767.2 -33.5 24.6 17.9 -4.6 15.6
2281.2 -5.4 -33.3 -26.9 -28.8 15.4
2 4.4 15.1
381.8 -47.6 6.4 2.4 -1 -1.8
766.5 -32.1 26.3 17.3 -5.8 13.2
2284.3 13.7 -8.6 -23.3 -33.5 12.9
2.1 4.1 11.4
382.4 -47.4 6.6 2.2 -1 -2.2
768.3 -30.4 27.2 17.5 -5.8 12.7
2296.7 32.4 5.8 -12.3 -27.9 9.3
2.2 4 6.2
383.4 -46.5 7.6 2.5 -0.9 -2.8
771.6 -25.4 31.3 20.5 -4.5 12.9
2302.9 39.2 16.4 -3.5 -25.4 4.6
2.3 3.6 5.6
384 -46.2 8 1.9 -1 -3.6
773 -23.9 32 19.6 -5.5 11.1
2304.8 36.7 15.1 -5.1 -21.7 2.9
2.4 3.6 4.6
385.2 -45.1 8.5 2.3 -1 -4.2
777.3 -17.5 36.8 23.7 -3.2 12
2309 34 8.3 -0.6 -20 -3.4
2.5 3.1 4.9
386.4 -44 9.3 1.9 -0.7 -4.8
780.9 -11.3 41.2 26.2 -1.7 11.9
2309.9 35.8 9.5 -5.7 -15.7 -5.1
2.7 3.6 5.3
387.7 -43.7 10 1.2 -0.6 -5.7
784.5 -6.6 44.8 27.9 -1.4 11.4
2317 32 7.2 -7.2 -12.2 -9
2.9 4.1 5.9
389.1 -44.2 11.2 1.1 -0.2 -6.6
787.5 -3 47.9 31.2 -0.8 12.2
2322.9 24.5 9.8 -3.5 -13.4 -14.6
3.1 5.4 6.8
390.3 -45.9 10.7 -0.7 0.2 -7.6
785.1 -9.3 41.4 26.6 -5.2 10.1
2333.4 17.9 2.2 -4.6 -7.4 -18.4
3.4 6 7.8
392 -46.9 11.4 -1.9 1 -8.6
786.7 -7.8 41.9 27.9 -5.6 11
2344 10.7 -2.5 -3.7 -3.5 -23.7
4 7 9.2
394.3 -49.6 12.2 -3.4 2.8 -10
786.5 -8.2 39.5 29.7 -7.4 12.7
2356 0.2 -8.2 -0.8 2.4 -28.8
4.8 8.8 10
396.7 -52 12.9 -5.8 4 -11.5
786.1 -8.2 37.3 30.8 -10 14.3
2368.4 -9 -13.9 -0.9 5.4 -32.4
6.3 11.1 10.7
399.7 -55.7 14.8 -8.6 6.5 -13.7
785.1 -6.5 34.5 34.2 -12.9 17.4
2380.3 -20.1 -17.2 0.5 9.2 -36.1
7.7 13.6 11.7
402.7 -60.8 16.1 -12.1 9.4 -15.7
782.4 -5.9 29.1 37.5 -17.5 20.9
2391.8 -32.2 -23.1 0.3 14.5 -38.5
8.4 15.9 11.9
405.3 -64.1 16.5 -14.4 11 -17.1
780.9 -3.8 26.7 40.6 -21 23.4
2402.5 -42.7 -28.5 0.6 18.1 -41.5
8.7 17.9 11.8
408.5 -67.1 16.4 -16.2 12.6 -17.3
779 -1 24.7 45.2 -24.6 26.1
2414.8 -52.9 -34.2 1.7 22.3 -42.2
winner is: 10
