Regression analysis information for: KLH057a_5041
number of formants: 3
number of coeccicients: 5
1.6 1.8 7.4
361.7 -21.8 17.2 4.1 2.9 1.8
981.7 66.6 17.8 40.1 16.6 13.1
2264.7 -35.5 -43.2 -8.6 -8.8 -23.1
1.8 1.9 6.6
361.8 -21.8 17.8 4.4 2.8 2
981.5 67.1 20.4 40.7 15.9 13.9
2266.9 -31.3 -39.9 -5.6 -5.2 -21.6
1.7 1.9 6.7
362.1 -21.5 18 4.6 2.8 2
982.9 68 20.9 41.8 16.1 13.5
2267.7 -29.1 -37.7 -4.2 -4.4 -20.9
1.7 2 5.9
362.5 -21.6 18.1 5 2.7 2
984.1 68.1 21.2 43.1 15.9 13.4
2269.5 -25.3 -34.1 -1.9 -2.4 -19
1.7 2 5.6
362.8 -21.8 18.1 5.3 2.6 1.9
985.2 67.5 21.1 44.2 15.7 12.6
2270.7 -23.8 -31.8 -0.4 -1.7 -17.8
1.7 2.1 5.1
363.3 -22 18.2 5.4 2.5 1.9
987 67.1 21.1 45.1 15.7 12.3
2271.9 -22.8 -29.9 0.7 -1.4 -16.9
1.7 2 4.9
363.5 -22.4 17.9 5.3 2.4 1.8
987.4 65.8 19.6 44.6 15.5 11.9
2272.4 -23.2 -29.8 0 -1.9 -16.9
1.7 1.8 5.3
364 -22.4 18.2 5.4 2.4 1.8
989.4 65.9 20.1 45.4 15.4 11.3
2274.2 -22.6 -28.3 0.5 -2.5 -17.1
1.7 1.8 5.3
364.3 -23 17.9 5.3 2.2 1.6
990.3 64.4 18.9 45.2 15 10.3
2274.2 -25.3 -29.5 -1.2 -4.1 -18.1
1.7 1.6 4.7
364.7 -23.2 18.2 5.1 2 1.8
991 64.3 19.4 44.6 14.6 10.8
2276.2 -24 -27.2 -0.8 -3.4 -17.1
1.8 2.1 4.8
364.8 -24.3 17.9 4.9 1.8 1.6
991.2 60.6 17.7 44 13.7 10.2
2272 -35.6 -35 -7.5 -8.8 -20.5
1.8 2.1 4.2
365.5 -24.6 18 5.1 1.9 1.6
993.1 60.7 17.6 44.8 14.4 10.1
2276 -32.3 -30.6 -4.5 -6.1 -18.4
1.8 1.9 4.5
366.2 -24.9 18.2 5.1 1.8 1.5
995.1 60.7 17.6 45 14.4 9.4
2278.8 -31.3 -28.4 -4.3 -5.9 -18.6
1.9 1.9 4.4
367 -25 18.4 5.1 1.8 1.5
997.4 60.8 17.7 45.7 14.6 9
2281.6 -30.6 -26.6 -3.6 -5.6 -18.3
1.9 1.8 4.7
367.7 -25.4 18.8 4.8 1.8 1.5
999 61.1 18.1 45.4 14.7 9.1
2285.2 -28 -23 -3.1 -4.8 -17.8
1.9 1.6 5.1
368.6 -25.7 18.9 4.8 1.6 1.3
1001.3 61.2 17.8 45.7 14.3 8.2
2287.7 -28.4 -22.6 -3.7 -6 -18.7
1.9 1.6 4.8
369.5 -25.7 19.2 4.7 1.6 1.4
1003.3 62.2 18.1 46 14.8 8.4
2291.6 -24.3 -18.9 -2.1 -4.7 -17.5
2 1.6 4.9
370.7 -26.1 19.7 4.5 1.6 1.2
1005.4 63.1 18.3 46.2 15.2 8.1
2296.9 -19.8 -13.7 -0.2 -2.9 -16.8
1.9 1.3 5
371.5 -25.5 20 4.4 1.4 1.3
1007.5 65.1 19.1 46.8 15.4 8.1
2301.3 -13.2 -9 2.2 -2 -15.9
2 1.4 4.9
372.9 -25.3 20.6 4.3 1.6 0.8
1009.7 66.8 19.5 47.9 16.5 8
2308.3 -4.3 -1.2 6.6 1.6 -14.8
winner is: 10
