Regression analysis information for: KLH057a_2728
number of formants: 3
number of coeccicients: 5
8.9 29 118.5
574.6 9.7 -20.9 2 -23 5.8
1199.5 57.8 -1.9 2.4 22.2 -67.6
2115.6 -40.2 112.6 177.5 28.2 -143.3
9.7 27.2 101.6
574 9.4 -21.7 0 -23.4 5.9
1203.3 61.6 -5 -6.8 20.3 -67.1
2139.4 -18.5 91.3 138.5 8.7 -128.2
9.8 31.5 81.7
572.1 10.7 -23.4 -2.1 -23.5 4.6
1199.9 70.7 -11 -12.4 22.9 -71.8
2166.6 2.6 65 95.5 -6.8 -102.2
9.7 35.7 55.3
569.9 12.8 -25.4 -3.9 -24.3 4.6
1195.1 80.8 -18.4 -15.7 23.9 -74.5
2195 23.2 31.9 50.9 -10.2 -64.7
10.1 41.6 39.5
565.9 17.5 -29.3 -4.2 -25.2 5.2
1186.1 95.8 -27.9 -18.9 26.5 -79.9
2219.8 46.4 -12.5 12.5 10.2 -25
9.6 45.4 16.5
563.4 20.2 -31.8 -4.7 -27.1 6.7
1181.6 103.1 -34.2 -19 21.4 -77.9
2236.4 53.4 -23.4 -10.5 2 -3.1
10.1 47.1 11.5
561.3 21.8 -33.2 -4.8 -28.3 9.3
1178.7 105.4 -34.6 -21.6 18.9 -74.2
2241.1 54.5 -24.6 -14.5 0.1 1.2
9.6 47.4 11.4
559.6 23.1 -34.4 -5.6 -29.3 11.8
1176.7 107.2 -36.4 -24.5 15.9 -68.9
2241.6 56.1 -24 -13.2 1.1 0.1
9.3 47.6 11.3
558.3 24.1 -35.3 -5.7 -30.7 14.6
1175 108.2 -36.8 -25.7 11.6 -62.4
2241.8 57.1 -24 -13 1.3 -1
9.1 46.3 11.5
557.1 24 -35.9 -5.6 -31.3 16.9
1173.6 106 -36.3 -27.2 11 -57.4
2242.3 58.4 -24 -13.5 0.6 -1.8
9 45.9 11.8
555.6 24.2 -35.4 -5.9 -32.9 19.9
1169.3 106.2 -33 -28.1 4.9 -49.7
2243 58.3 -24.5 -13.7 -0.4 -2.1
9 44.4 12.1
555.1 23.7 -35 -5.6 -33.1 21.7
1167.6 103.9 -31.6 -28 5.1 -44.5
2243.3 58.2 -24.5 -14.8 -1.8 -2.1
9.2 40.4 12.5
553.6 23.5 -34.8 -5.3 -33.4 24.3
1162 103 -31.5 -26 4.6 -35.5
2243.8 58.5 -24.1 -15.4 -3.1 -1.8
9.4 36.8 12.6
553.2 23 -34.1 -5.6 -32.4 25.4
1159.3 103 -31.3 -25.4 8.1 -31.2
2243.9 58 -23.8 -16.4 -3.9 -0.7
10 34.6 12.4
552.9 22.9 -34.4 -4.8 -32.2 26.5
1156.9 103.7 -34.4 -21.3 9.7 -27.7
2244 57.5 -23.8 -16.9 -3.6 0.4
10.4 29.9 12.5
552 23.6 -34.8 -3.2 -32.1 26.2
1152.4 107 -37.3 -13.5 9.4 -28.5
2243.6 57.1 -24.5 -16.6 -3.3 1.3
11.5 26.7 12
552.4 23 -34.3 -2.1 -31.8 26.5
1152.1 107.2 -37.6 -7.7 10.6 -29
2243.9 56.3 -24.5 -15.7 -2.7 1.9
12.5 25.4 11.8
552.8 22.1 -33.3 -1.2 -32 26.6
1151.8 106.3 -36.3 -3.2 10.1 -30.2
2244 55 -23.8 -14.4 -2.7 2.2
13.4 24.2 11.6
553.9 21.2 -32.6 -0.6 -31.8 26.9
1153.7 106.9 -37.2 0.8 9.6 -30.3
2244.7 54.4 -23.3 -12.6 -2.6 2.3
14.4 23.7 11.4
554.7 20.8 -31.9 -0.1 -31.3 26.6
1155.1 108.2 -37.6 4 10.3 -32
2245.3 54.4 -22.5 -10.9 -2.1 1.5
winner is: 19
