Regression analysis information for: KLH057a_2547
number of formants: 3
number of coeccicients: 5
18.3 16.6 20.2
333.9 34.1 -11.2 25.6 -13.2 0.5
1089.5 -26.5 32.9 -38.1 21.2 -6.3
2109.9 48 4.9 -34.5 10.3 21.3
18.2 16.2 20.9
333.7 34.3 -11.2 25.6 -13 0.2
1089 -24.6 32.6 -37.7 20.2 -4.8
2108.2 51.3 5.6 -36.8 10.6 22.7
18.3 15.5 20.6
333.9 34.3 -11.1 25.7 -13.1 0.2
1089.3 -24.5 32.4 -37.8 20.6 -6
2107.8 51.7 4.1 -36.6 10.3 21.4
18.4 15.6 21
334.1 34.6 -10.9 25.7 -12.9 -0.2
1091 -24.9 34.2 -38.6 21.2 -6.7
2108.4 54 5.9 -38.4 11 19.6
18.7 15.7 19.7
334.6 34.7 -10.8 26 -12.8 -0.3
1094.5 -27.9 36.7 -39.2 21.5 -6.2
2111.6 52.7 7.6 -39.3 10.7 20.1
18.9 16.3 19
335.3 34.9 -10.4 26.3 -12.6 -0.3
1097.7 -30.5 39.3 -39.5 22 -6
2114.4 51.4 9.4 -39.5 11.2 20.3
19.3 17.5 18.5
335.7 34.8 -10.4 26.8 -12.4 -0.6
1102.3 -35 42.2 -39.7 22.2 -5.2
2119.8 48.4 10.4 -37.6 9.7 20.3
19.7 17.7 17.8
336.2 34.9 -10.1 27.6 -12.1 -0.8
1105.3 -36.7 43.9 -40 24.2 -7
2123.3 48.4 10.3 -37 11 18
20.3 19.5 17.3
336.7 34.7 -9.8 28.6 -11.7 -1
1110.5 -41.8 47 -40.1 24.4 -6.2
2129.8 45.2 10.7 -35 9.3 18.3
21 21.5 17.7
336.8 34.2 -9.4 30.3 -11.1 -1.2
1115.3 -46.6 49.6 -39.7 24.4 -5.2
2136.9 41 10.4 -31 5.6 19.3
22 21.5 18.2
336.8 33.8 -8.9 32.3 -10.2 -1.4
1118.5 -49.2 51 -39.9 26.5 -7.5
2142.3 39.7 8.8 -29.1 4.6 17.6
23.3 22.6 18.1
336.1 32.4 -8 35.3 -8.7 -1.3
1122.5 -53.5 52.6 -39 26.8 -7.1
2149.2 35.7 7.6 -24.6 0.8 18.6
25 23.1 18.7
334.9 30.8 -6.8 39.2 -6.7 -1
1125.8 -57.4 54.2 -38.5 28 -7.9
2155.7 33.8 6.6 -20.8 -1.8 18.1
27.9 23.4 19.1
332.4 27.7 -4.7 45.6 -3.2 -0.4
1128.2 -61.3 55 -38 29.9 -9.6
2161.5 32 4.6 -17.7 -3.9 17
32.8 24.3 19.5
327.5 22.3 -1.6 55 3.1 1.3
1131.1 -66.8 56.7 -37 30.2 -9.2
2167.6 29 3.1 -14.2 -6.7 18
69.9 105.2 61.9
360.5 66.3 -10 -1.3 -67.8 -33.9
1174 -15.7 45 -109.1 -53.1 -51.4
2201.9 67 -7.6 -64.1 -69.3 -11.1
87.1 136.9 82.4
375.1 84.5 -18.2 -31.1 -98.5 -36.3
1197 2.2 32.8 -151 -89 -52.6
2223.4 83.2 -18.8 -93 -98.4 -11.1
90.6 139.4 82.2
369.1 79.9 -12 -22.1 -97.9 -38.2
1198.1 -5.6 34.4 -151 -90.6 -50.9
2228.7 81.4 -19.3 -90.6 -100.8 -9.2
122.2 183.9 115.5
403.6 116.4 -45.2 -97.6 -144.3 -4.5
1241.4 32 -7.5 -241.6 -138.2 -14.3
2264.9 113 -51.9 -155.8 -137.6 18.9
129.4 186.9 116.6
394.2 112.1 -34.4 -89.8 -151.5 -4.7
1240.3 23.6 -7 -242.8 -140.5 -14.4
2269.5 112.4 -53.3 -154.2 -139.5 19.7
winner is: 5
