Regression analysis information for: KLH057a_4888
number of formants: 3
number of coeccicients: 5
8.8 4.5 25.9
500.9 -13.8 -65.2 26.8 -9.7 0.6
1343 19.8 27.7 2.3 8.5 8.7
2312.1 -17.6 -2.4 35 -2.4 26.9
9.2 4.6 24.2
500.2 -13.3 -65.2 25 -9.6 1.1
1343 19.2 27.5 1.3 8.5 8.3
2315.2 -18.7 -0.9 33.6 -0.4 25
9.4 4.5 22.9
499.9 -12.8 -64.6 23.1 -8.8 1.7
1343.4 19.1 27.8 0.2 9.1 7.9
2317.7 -19.9 -0.1 32.1 0.4 22.8
9.6 4.5 24.7
499.2 -12 -64.5 20.9 -8.1 2.6
1343.3 18.6 27.8 -1.3 9.6 7.3
2318.6 -22.5 -3.5 30.5 -4.1 22.4
9.8 4.5 22.6
498.5 -11.8 -62.7 20.5 -8.2 2.8
1343.5 18.2 28.9 -1.8 10 7
2319.7 -20.5 -3.5 31.2 -2.7 21.5
9.9 4.5 22.4
497.8 -11.7 -61.8 18.8 -8.1 3.7
1343.4 18.1 29.3 -3 10.4 7
2320.7 -20.8 -3.7 29.7 -2.4 20.2
10 4.6 20.8
496.7 -11.7 -60.2 18 -7.9 5.4
1343.2 17.1 30.5 -3.8 11 7.4
2320.9 -20.9 -2.8 30.6 0.5 21.4
9.9 4.6 19.5
496.6 -11.9 -58.9 17.2 -7.9 5.5
1343.4 16.9 31.5 -4.4 11.4 7.3
2321.5 -20 -0.6 30.1 3 20.9
10.1 4.5 19.5
496 -11.5 -57.1 15.6 -8.4 6.9
1343.5 16.5 33.2 -5.9 11.6 7.8
2320.1 -18.7 1.1 26.3 4.3 21.1
9.9 4.3 19.9
496.1 -11.1 -56.2 15.7 -8.8 7.4
1343.7 16.6 34.3 -5.5 11.7 8.5
2318.2 -19.3 1.8 25 5 21.3
10 4.6 19.9
496.8 -11.3 -55.8 15.6 -8.7 7.4
1344.6 16.4 35.4 -5.8 12.5 8.3
2318.7 -19.7 3.5 23.3 4.6 19.9
9.7 4.8 19
497.5 -11 -55.6 15.5 -9.1 8.1
1345.5 16.2 36.3 -5.7 12.5 8.9
2319.4 -19.9 3.8 22.1 3.2 20.6
9.6 5.1 18.1
498.3 -11 -55.7 15.8 -9.2 8.2
1346.4 16.2 36.9 -5.5 12.7 8.9
2320.8 -19.7 3.6 21.9 1.5 19.5
9.7 4.8 18.1
499.2 -11.3 -55.6 15.8 -9 8.5
1347.2 16.6 37.3 -5.3 12.7 9.3
2322.3 -18.3 4.2 20.5 0.3 19
9.8 5 17.3
500.2 -11.4 -55.9 16.4 -8.8 8.9
1348.5 16.4 38 -5 13 9.6
2325.6 -17.8 3.2 20.3 -1.7 18.6
9.9 5 16.5
501.1 -12.5 -56.3 17.1 -8.1 9.2
1349.7 16.4 38.4 -4.7 13.2 9.8
2329.6 -17.6 2.2 20.3 -3.7 17.3
10 5.1 15.5
501.9 -13.7 -56.6 18.4 -7.3 9.8
1351.1 16 39.2 -4.2 13.6 10.2
2334.4 -18.2 1 20.7 -5.7 16.7
10.1 5.1 15.3
502.4 -15.3 -57.2 20 -6.1 10.9
1352.5 15.7 39.9 -3.4 13.7 10.8
2339.3 -18 -0.6 22.3 -8.1 15.9
10.4 5.2 14.7
502.3 -18.2 -57.4 22 -3.9 12
1353.8 15.2 41 -3.1 14.5 11.1
2344.7 -18.4 -1.5 22.3 -9.1 14
10.6 5.3 13.9
501.2 -22.4 -57.6 25.1 -1 13.9
1355.2 14.6 42.3 -2.3 15.1 11.7
2351 -19 -3 23.2 -11 12.9
winner is: 20
