Regression analysis information for: KLH057a_0140
number of formants: 3
number of coeccicients: 5
2.6 22.3 24.1
349.6 -3.9 21.1 -0.5 7.8 -1.4
1650.5 -116.9 -96.1 -17 -17.2 8.2
2127.1 -35 1 23.9 -17 6.9
2.4 22.4 23.6
349 -3.3 20.7 0 7.4 -1.4
1652.7 -118.2 -95.4 -18.8 -16.7 7.5
2129.8 -34.4 1.7 22.6 -18.2 6.1
2.1 22.2 22.9
348.4 -2.8 20.6 0.6 7.1 -1.9
1654.4 -119.4 -95 -20.1 -17.2 6.7
2132.7 -33.8 2.2 21.1 -20.4 6.1
2.1 22.8 22.4
347.4 -1.3 19.6 1 6.8 -2
1656.8 -122.1 -93.7 -21.6 -17.9 6.4
2135.2 -34.7 2.5 21.5 -22.9 5.9
2 23.2 22.5
346.4 -0.4 19.8 0.5 6.7 -1.7
1657.8 -123.2 -93.5 -21.8 -19.6 5.8
2137.4 -35.1 2.6 22.4 -26.5 6.1
1.9 23.6 22.8
345.6 0.2 19.6 1 6.6 -2
1657.8 -124.2 -93.4 -21.7 -21.1 6.4
2138.5 -35.1 2.4 22.1 -30.4 7.5
1.9 24.3 23.1
345.2 0.6 19.6 1.1 6.6 -2
1656.9 -123 -93.6 -20.4 -23 6.9
2137.7 -34.3 2.1 23.6 -32.1 7.3
1.9 24.7 23
344.9 1.1 19.5 1.1 6.5 -2.1
1655.3 -121.4 -94 -18.9 -25.5 7.3
2136.7 -32.8 2.3 24.9 -34.5 6.7
1.9 24.7 23.2
344.7 1.4 19.5 1.2 6.6 -2.1
1653.7 -118.9 -94.5 -17.3 -27.2 8.1
2135.2 -30.6 2.2 25.8 -35.2 5.8
1.9 24.4 23.6
344.4 1.6 19.4 1.4 6.6 -2
1650.4 -113.3 -97.6 -13.1 -30.5 9.9
2132.4 -27.8 0.8 28.6 -35.7 5.2
2 23.8 26.4
344.3 1.8 19.3 1.4 6.8 -1.9
1647.7 -113 -100.1 -12.3 -28.5 11.5
2128.6 -28.8 -2.2 29.2 -31.3 7
2 22.1 25.2
344.2 1.9 19.3 1.5 6.8 -1.9
1645.7 -108.7 -101 -9.5 -29.9 11.6
2127.7 -26.8 -1.3 31.2 -31.2 6
2 20.8 23.9
344.2 2.1 19.4 1.5 6.9 -1.9
1643.5 -104.5 -100.2 -8.2 -30.2 11.2
2126.4 -24.1 0.5 31.4 -29.9 5.2
2.1 20.1 23
344.3 2.4 19.5 1.5 6.9 -1.9
1643.8 -103 -99.6 -7.6 -29.4 11
2127.4 -22.3 1.7 31.3 -29.1 5.1
2.1 19.5 24
344.5 2.4 19.6 1.5 7 -1.8
1644.9 -102.3 -97.2 -9.2 -28.9 11.3
2128.8 -21 2.5 29.3 -29.6 5.6
2.2 18.6 24.6
344.6 2.6 19.7 1.5 7 -1.7
1646.7 -101.4 -97.5 -9.3 -26.6 11.1
2131 -19.6 2.4 28.7 -28.8 6.1
2.2 17.8 24.5
344.9 2.8 19.8 1.5 7.1 -1.8
1651 -101.8 -96.3 -11.2 -24.9 9.5
2135.3 -17.5 3 27.4 -30.3 5.2
2.2 17.5 24.8
345.2 2.9 19.9 1.5 7.2 -1.7
1655.9 -102.5 -93.9 -12.9 -22.5 8.7
2139.6 -16.2 4 26.8 -31.3 4.8
2.3 18.1 25
345.6 3.1 20.1 1.5 7.2 -1.7
1661.4 -103.9 -91.4 -14.5 -20.8 7.9
2144.8 -14 5 25.7 -33.7 4.2
2.2 18.6 25.4
346 3.3 20.3 1.5 7.3 -1.8
1668.4 -105.4 -89.1 -17.1 -17.6 5.9
2150.5 -11.7 5.5 24.6 -35.4 2.3
winner is: 17
