Regression analysis information for: KLH057a_1706
number of formants: 3
number of coeccicients: 5
12.8 6.8 6.1
537.8 -43.9 -51 -30.3 -23.2 -8.4
914.7 -58.6 -31.5 -20 -9.5 -2.5
2173.7 -28.4 0.5 3.6 18 -3.9
11.9 5.8 6.2
533 -42.7 -47.7 -30.1 -23.4 -9.9
910.3 -56.4 -29.8 -20.2 -8.8 -4.2
2173.9 -28.5 0.5 3.3 18 -3.7
10.3 5.5 6.3
527 -44.2 -45.4 -29.8 -21.4 -8.5
906 -56.1 -28.7 -20 -7 -3.4
2173.4 -28.4 0.8 2.8 18.4 -3.5
9.3 5 6.4
523.2 -42.8 -41.3 -28.1 -22.3 -10
903.4 -54.5 -27 -19 -7.5 -4.6
2172.9 -28 1.4 2.4 18.6 -3.5
8.7 4.5 6.5
520.3 -43 -39.6 -26.3 -21.4 -9.8
901.9 -53.9 -26.6 -17.9 -7 -4.6
2172 -27.9 2 2.4 19 -3.3
7.9 4.6 6.4
518.3 -44.1 -39.4 -24.6 -20.3 -8.5
901.4 -53.6 -26.7 -16.6 -6.7 -4
2171.1 -28.2 2.3 2.9 19.4 -2.9
7.5 4.5 6.2
517.7 -43.9 -39 -23.8 -20.4 -9.1
901.5 -53.3 -26.8 -16.3 -7 -4.5
2170.6 -28.2 2.6 3 19.3 -3.1
7.2 4.4 6.1
517.4 -44.1 -38.6 -22.5 -19.9 -8.8
901.7 -53.3 -26.9 -15.8 -7 -4.5
2170.1 -28.4 2.9 3.8 19.5 -3.1
6.8 4.3 5.8
518.2 -44.1 -38.9 -21.7 -20.1 -8.4
902.4 -53.3 -27.1 -15.6 -7.3 -4.6
2170.4 -28.6 2.7 4.2 19.2 -3.1
6.4 4.3 5.6
519.3 -43.5 -39 -20.8 -19.9 -8.8
902.9 -53.4 -27.5 -15.7 -7.6 -4.9
2170.7 -28.4 2.5 4.6 19.2 -3.4
6 4.3 5.3
520.7 -43.6 -39.4 -19.8 -19.5 -8.7
903.3 -53.8 -27.7 -16 -7.7 -5.1
2171.3 -28.6 2.1 5.1 19.3 -3.6
6.2 4.4 5.3
522.8 -44 -40.3 -18.9 -19.9 -8.8
903.7 -54.2 -27.8 -16.3 -8 -5.1
2172.3 -28.9 1.5 5.5 19.1 -3.5
5.9 4.6 4.9
525.6 -43.6 -41 -17.5 -19.9 -9
903.5 -55 -28.1 -17.4 -8.4 -5.5
2173.6 -28.9 0.9 5.8 19 -3.7
6.3 4.9 4.9
528.8 -43.8 -41.6 -16.5 -20.4 -9
902.8 -56.1 -28.3 -18.6 -8.4 -5.4
2175 -29.1 0.5 6 18.6 -3.8
6.8 5.5 4.8
533.1 -43.5 -42.7 -14.8 -21.2 -9.9
901.3 -57.5 -28.5 -20.7 -8.4 -5.2
2176.5 -29.1 -0.1 6.1 18.3 -4.1
7.5 6.4 4.8
537.7 -43.7 -43.5 -13.1 -22.4 -10.9
899 -58.9 -28.5 -22.9 -7.9 -4.5
2178 -29.3 -0.5 6.2 17.9 -4.5
8.9 8.7 4.8
544.6 -43.1 -44.1 -9.9 -24 -11.8
894.1 -61.9 -29.5 -27.4 -7.3 -3.8
2179.9 -29.5 -0.9 6.3 17.4 -4.6
11.1 11.7 4.9
552.8 -43.4 -45.3 -5.9 -26.8 -14
887.7 -64 -29.4 -32.8 -5.1 -1.4
2181.8 -29.8 -1.4 6.2 17 -4.7
15 17.8 5
564.3 -42.1 -46.2 0.2 -30.5 -16.7
876.5 -69.1 -30.8 -41.5 -2 2
2183.6 -30 -1.8 6.2 16.4 -4.9
21 26.2 5
580 -36.5 -43.6 7.2 -35.1 -20.1
859.1 -80.4 -36.6 -52.8 2 6.4
2185.5 -30.1 -2.1 5.7 15.9 -4.8
winner is: 13
