Regression analysis information for: KLH057a_4109
number of formants: 3
number of coeccicients: 5
4.6 13 20
363.5 16.5 18.6 -2.1 2.4 -5.1
1563.3 -254.6 -62.8 -6 -47.8 -14.2
2021.5 -22.3 -8.4 20.9 -11.6 17.8
4.6 12.6 20.7
363.5 16.6 18.9 -2.3 2.4 -5
1564.2 -254.2 -62.5 -6.9 -48.5 -14.6
2022.1 -21.8 -8.1 19.4 -11.9 15.4
5.1 12.4 23.6
363.4 16.7 18.8 -2.4 2.2 -5.1
1564.1 -254.6 -62.3 -8.3 -48.8 -15
2026.7 -29.2 0.6 10.8 -5.5 9.2
5.3 12 25
363.3 16.7 19 -2.3 2.1 -4.8
1564.5 -254.2 -62.2 -9 -49.2 -15.2
2029.8 -36.1 6.6 3.4 -1.7 4.4
5.5 12.3 24.9
363.3 17 19.4 -2 2.3 -4.7
1564.8 -253 -60.1 -8 -48.5 -15.2
2032 -37.3 12.9 1 2.5 2.6
6 12 25.1
363.2 17.4 19.5 -1.8 2.1 -4.6
1564.8 -252.6 -58.4 -9 -48.4 -15.1
2035.7 -42.1 22.2 -6.1 8 -0.2
6.5 11.9 26
363.1 17.7 19.3 -1.4 1.6 -4.1
1565.4 -252.3 -57.4 -9 -48.6 -15.6
2039.2 -49.3 28.4 -11.6 10.8 -4.1
7.1 11.8 25.8
363.1 18.4 19.1 -0.8 1.3 -3.6
1566 -252.4 -55.8 -9 -47.9 -15.4
2043.5 -54.4 35.4 -14.5 14.5 -4.5
7.4 11.8 26.8
363.1 18.7 19 -0.6 0.9 -3.5
1566.6 -251.8 -55.1 -9.1 -48.3 -15.7
2044.9 -54.9 36.5 -14.7 14.2 -5.9
8.3 11.5 26.4
363.1 19.6 18.7 0.4 0.5 -2.5
1568.9 -250.8 -54.3 -8.6 -46.4 -15.4
2051.4 -62.3 45.3 -19.4 20.1 -8.2
9.6 11.5 26.9
362.9 21.1 17.7 1.6 -0.6 -1.4
1570.2 -250.2 -53.3 -8.7 -45.8 -15.4
2056 -64.5 50.8 -20.5 23.1 -9
11.2 11.4 26.2
362.7 22.7 16.9 3.2 -1.6 0
1573.1 -248.5 -52.5 -8.1 -44.7 -16.2
2062.4 -68.7 57.6 -23 26.4 -11.4
13.4 11.4 26.3
362.4 24.8 15.7 5.3 -3.1 1.6
1576.1 -246.7 -51.8 -7.3 -43.4 -16.7
2068.6 -70.7 62.5 -22.8 28.3 -12.6
13.7 11.7 24.8
362.6 25.1 15.7 5.6 -3.3 1.5
1578.6 -246.5 -51.7 -7.6 -43.2 -17.3
2074.6 -74.9 66.3 -23.6 28 -12.6
13.5 11.7 25.5
363.1 25.1 16.4 6 -2.8 1.4
1582 -244.6 -52.3 -6 -41.6 -17.2
2079.7 -76 68 -20.9 28.4 -12.1
12.7 11.9 25.7
363.7 24.6 17.8 6 -1.8 0.3
1585.1 -243.2 -52.2 -5.3 -40.6 -17
2086.5 -77.1 72 -18.4 28.5 -11.1
13.7 12.3 25.3
363.7 25.3 18.3 7.7 -1.9 0.4
1589.3 -240.2 -52.3 -3.9 -39.3 -17.2
2092.7 -76 74.3 -14.6 27.4 -10.2
16.7 12.9 25.4
362.7 27.4 17.4 11.5 -3.3 2.1
1594.2 -236.8 -52.7 -2.4 -37.8 -18
2099.7 -76.1 77.2 -11.5 26.9 -11.2
23 13.7 25.4
360.1 32 14.4 18.4 -7.3 5.9
1599.3 -234.5 -52.6 -1.2 -36.2 -18.9
2109.1 -77.9 82.7 -8.2 26.4 -11.4
22.9 15 24.4
359.9 30.8 17.2 20.6 -5.8 4.1
1605.3 -230.4 -53.6 1.2 -34 -19.6
2117.5 -77.5 85.9 -2.1 24.3 -10.7
winner is: 1
