Regression analysis information for: KLH057a_2908
number of formants: 3
number of coeccicients: 5
6.3 15.9 22.5
377.6 69.4 -49.3 -15.3 -2.3 -15.9
1333.1 -188.4 -78 -23.3 -0.2 3.8
2044.3 145.3 -81.5 66.8 -37.4 49.5
6.4 15.8 22.7
377.4 69.9 -49.2 -15.2 -2.2 -16
1333.7 -188.5 -77.6 -23.8 0.3 2.9
2045.6 143.7 -80.3 65.2 -35.9 48.4
6.8 15.6 22.8
376.7 71.1 -50.6 -13.8 -3.3 -14.9
1334.2 -189.3 -76.2 -24.2 1.8 2.8
2047.5 140.5 -77.7 62.7 -33.6 47.2
7.2 15.9 22.9
376 72.4 -51.1 -13.2 -4.2 -14.2
1334.2 -189.8 -74.7 -26 1.6 2.5
2048.7 138 -74.5 59.4 -31.6 45.8
8 15.8 23.3
374.8 75 -53 -11 -6.1 -12.5
1335.2 -190.6 -72.8 -26.3 2.1 2.7
2050.9 134.2 -70.9 56.6 -29.7 45
9.4 15.7 24.2
373.1 77.9 -56.1 -8.1 -9.2 -10.3
1335.2 -192.7 -70.8 -27.1 1.1 2.4
2053.6 128.8 -65 53.2 -28.3 44.5
12.8 15 23.1
371.2 86 -61 0.7 -15.6 -3.5
1338.3 -189.5 -67.6 -26.8 0.4 4
2056.1 122.3 -61.7 51.9 -32.3 49.5
57.6 23.7 40.7
391.6 40.6 -20.5 -43.1 22.5 -41.1
1340.8 -206.1 -61.1 -37.2 5.8 -5.2
2075.1 86.4 -24.9 18.5 -0.4 19.6
120.6 35 57.4
443.3 -63.1 77.9 -137.2 106.6 -117.6
1351.4 -228 -42 -56.3 21.2 -21.2
2105.7 26.2 31.2 -32.7 43.3 -18.6
121.5 35.1 54
442.3 -60.7 75.9 -135.6 105 -116.6
1352.3 -230 -42.4 -57.4 19.6 -21.2
2108.8 20.6 35.1 -35.6 43.5 -18
122.7 33.9 49.8
440.8 -57.3 72.5 -132.5 102.3 -114.6
1352.9 -229.7 -43.2 -55.6 18.3 -19.6
2112.4 15.7 38.1 -36.7 43.5 -16.4
116 45.4 37.9
492.1 -158.7 167.1 -219.4 176.1 -176.3
1368.8 -259.9 -15.9 -81.9 41.4 -41.9
2132.8 -22.3 70.2 -62.1 60.7 -25.2
127.2 19.8 39.5
468.1 -107.4 124.1 -181 151.5 -163.9
1348.9 -206.1 -59.4 -34 0.2 0.6
2126.5 -8.9 55.3 -50.4 51.4 -20.4
106.1 20.6 29.6
468 -108.2 118.2 -170.9 130 -132.1
1348.1 -213.4 -62.5 -34.6 -3.4 0.5
2139.7 -29.6 72.9 -60.7 56.2 -18.4
96.7 17.2 27.9
461.9 -95.3 107.5 -162.8 125.4 -131.8
1348.2 -209.4 -66 -30.6 -5.6 1.3
2141.1 -28.9 70.8 -58.4 54.7 -17.6
84.5 30.6 21.8
487.3 -141.9 146 -188.6 135.9 -125.4
1358.9 -226.8 -52.5 -39.2 -1.7 3.9
2150.3 -42.3 80.2 -64.4 57.4 -15.4
87.2 17.2 20.9
461.9 -93.2 105.4 -161.4 124.4 -132.4
1352.5 -211.1 -66.2 -29.8 -5.4 1.8
2152.5 -42.4 78.7 -63.4 57.2 -15.5
75.8 17.2 20.5
472 -110.7 120.6 -171.9 129.5 -131.4
1354.9 -210.8 -66.8 -28.9 -5 1.7
2155.1 -43 77.4 -62.9 57.5 -15.9
74.1 17.2 20
474.6 -114.6 123.5 -174.5 130.7 -131.9
1356.8 -211.6 -67.8 -28.5 -5.1 1.9
2157.6 -43.7 76.1 -62.7 57.8 -16.3
77.2 46.1 56.5
494.7 -147.3 153.9 -193 142 -131.4
1378.3 -237.9 -40 -43.1 2.8 10.4
2182.1 -87 108.5 -86.6 68.5 -11.9
winner is: 1
