Regression analysis information for: KLH057b_0837
number of formants: 3
number of coeccicients: 5
1.5 1.5 4.7
434 -10.5 -16.6 -7.9 -4.1 -2.1
1228.9 -46.9 13.5 5.6 7.7 -0.7
2116.9 108.1 -5.9 -58.4 24.8 -10.1
1.6 1.8 5.9
432.6 -10.1 -16.2 -7.5 -4.3 -1.9
1222.6 -44.3 14.5 4.8 8 -0.3
2110.1 117.6 -3.8 -62.8 26.3 -10.6
1.7 1.5 6.7
431.1 -11.1 -16.8 -7.5 -4.6 -1.8
1214.6 -46.5 11.4 2.7 5.9 -0.9
2102.1 124 -6.6 -64.8 24.7 -10.3
1.7 1.6 7
430.6 -10.5 -16.2 -6.9 -4.6 -1.6
1211.3 -43.7 13.6 4.8 5.4 0.2
2096.5 131 -3.3 -63.9 22.3 -8.3
1.7 1.6 6.4
430.1 -10.7 -16.2 -6.5 -4.6 -1.5
1208.2 -43.3 12.8 6.5 4.1 0.8
2091.8 135 -4.5 -59.7 18.1 -7
1.6 1.7 5.5
429.5 -11.7 -16.8 -6.5 -4.7 -1.4
1204.5 -47.6 9.6 7 2.9 2.1
2087.2 132.1 -9.8 -56.3 16.1 -4.3
1.7 1.5 5.1
429.5 -11.5 -16.3 -6.1 -4.8 -1.4
1204.8 -48 12.5 9.4 2.2 2.4
2086.4 130.3 -2.8 -53.3 14 -4.5
1.7 1.9 3.7
429.6 -11.8 -16.5 -5.8 -4.9 -1.3
1206.4 -49.1 11.8 11.8 0.5 3.4
2089.1 129 -6.2 -47.9 10.9 -3
1.6 2 3.7
430 -12.2 -16.6 -5.7 -5 -1.3
1209.5 -52.6 10.8 13.4 -0.4 3.5
2094.3 123 -7.9 -46 10.4 -2.8
1.8 2.3 3.2
430.5 -12.2 -16.9 -5.4 -5.2 -1.2
1214.1 -55.6 9.9 16 -1.3 4.2
2101.4 118 -8.6 -43.6 9.5 -2.4
1.7 2.6 3.1
431.2 -12.4 -17 -5.2 -5.1 -1.2
1219.1 -57.5 8.9 18.7 -2.1 4.3
2109.4 116.2 -12.8 -41.3 9.5 -1.5
1.8 2.9 2.8
432 -12.2 -17.2 -5 -5.3 -1.1
1224.5 -59.1 7.9 21.5 -3.4 5.3
2117.3 113.7 -14.3 -39.5 8.5 -0.8
1.7 3.3 2.6
432.8 -12.1 -17.6 -4.9 -5.2 -1.2
1230.2 -60.9 5.2 23.3 -2.9 4.3
2126.4 111.4 -19.3 -39.7 10.4 -1.6
1.7 3.7 2.8
433.8 -12.4 -18.1 -4.7 -5.2 -1.3
1236.9 -63.6 3 26.1 -3.6 3.7
2136.9 107.6 -24.8 -38.1 10.9 -2.8
1.7 3.8 2.8
435.1 -12.1 -18.2 -4.5 -5.3 -1.2
1245.9 -67.8 2.1 28.3 -4.2 4
2149.7 102.3 -26.2 -38.4 11.5 -2.8
1.7 4.4 2.9
436.5 -12.3 -18.6 -4.4 -5.3 -1.3
1256.1 -71.6 1.8 31.9 -3.9 3.7
2163.8 97.6 -28.8 -38.3 13 -2.6
1.7 4.7 2.9
438 -12.4 -18.8 -4.2 -5.2 -1.2
1266.8 -77.5 1.9 34.8 -4.1 3.7
2178.2 89.9 -30.2 -37.2 13.9 -3.1
1.7 5.2 3
439.9 -12.2 -19.2 -4 -5.1 -1.2
1279.5 -84.3 -0.7 38.3 -3.7 3.1
2195.1 81.4 -34 -37 14.9 -3.1
1.7 5.9 3.2
441.6 -12.8 -19.7 -4 -5.1 -1.2
1291.9 -92.8 -1.2 41.2 -3.8 2.3
2212.5 69.3 -37.9 -34.9 15.4 -4
1.8 6.3 3.2
443.9 -12.4 -19.7 -3.8 -4.9 -1
1306.1 -99 -1.2 44 -2.7 2.7
2233 57.6 -39.5 -33.5 15.1 -3.2
winner is: 8
