Regression analysis information for: KLH057a_2149
number of formants: 3
number of coeccicients: 5
6.2 19.9 8.9
411.2 6.5 -29.6 -11.5 -10.3 0.4
892 -23.8 15.8 -53.6 0.1 0.9
2223.9 -20.6 0.2 8.9 -0.3 3
6.2 19.2 8.8
411.1 6.8 -30.2 -11.3 -10.7 0.1
891.2 -22.2 13.8 -52.3 -1.5 0.1
2225.4 -22.1 1.8 7.4 0.7 2.4
5.7 17.1 8.1
411 7.1 -30.7 -11.2 -10.6 -0.7
890.7 -20.6 12.3 -52.8 -0.8 -3
2226.5 -22.6 2.2 7.1 0.2 3.1
5.5 15.7 7.9
410.4 6.4 -32 -11.8 -11 -1.6
888.7 -23.3 9.2 -54.4 -1.4 -5.8
2226.9 -23.3 1.7 6.8 -0.5 3.2
5.1 14.2 7.7
410.6 6.3 -32 -11.5 -10.9 -1.4
889.2 -23.7 9.1 -54.1 -0.8 -5.4
2227.2 -23.1 1.4 6.5 -0.7 3.1
5.1 14.7 7.7
410.2 6.3 -32.6 -11.3 -11.1 -1.6
886.6 -21.2 5.4 -51.4 -2.7 -4.9
2227.1 -23.6 1.2 6.4 -0.9 2.8
5.1 14.4 7.8
410.2 6.5 -32.9 -11.4 -11.1 -1.9
886.7 -20.7 5 -51.5 -3 -5.5
2227 -23.5 0.4 5.9 -1.4 2.3
4.8 14.2 7.8
410.3 6.3 -33 -11 -11.1 -2
886.5 -20.6 4.4 -50.2 -3.4 -5.7
2226.8 -23.2 0.3 6.3 -1.4 2.1
4.8 13.9 7.7
410.5 6.1 -33.4 -10.8 -11.3 -2.3
887 -20.6 3.8 -49.6 -3.8 -6.4
2226.5 -23.4 -0.5 6.5 -1.9 1.2
5 14.6 7.4
410.9 6.3 -33.4 -10.4 -11.1 -2.5
888.4 -20.8 4.2 -49.3 -3.9 -6.3
2227 -23.1 -0.3 7 -1.6 0.8
4.9 14.9 6.9
411.4 6.2 -33.9 -10.3 -10.9 -2.9
889.4 -20.8 3.5 -49.6 -3.3 -7.2
2227.5 -23 -0.7 7.2 -1.4 0.2
5 15.3 6.5
412.2 6.3 -34.2 -9.9 -10.8 -3
891.4 -21.1 3.6 -49.7 -3.4 -6.7
2228.6 -23 -0.9 7.2 -1.2 0.3
5.1 15.4 6.4
412.9 6.5 -34.6 -9.3 -10.5 -3.2
892.9 -20.5 3 -49.6 -3.2 -6.5
2229.8 -22 -1 7.8 -0.5 0.7
5.1 15.5 6
413.8 6.7 -35.1 -9.1 -10 -3.6
894.6 -20.5 2.8 -50.7 -2.7 -7.1
2231.1 -21.2 -1 7.7 0.1 0.7
5.3 16 5.7
415.2 7.1 -35.6 -8.5 -9.6 -3.8
896.8 -20.3 2.9 -51.4 -3 -6.5
2233.3 -20.4 -0.8 7.9 0.6 1.5
5.2 15.9 5.6
416.8 7.2 -36.5 -7.8 -9.2 -4.2
898.9 -20.7 2.6 -52.7 -3.2 -6.4
2235.5 -19.6 -0.8 7.9 1 2.3
5.4 16.2 5.3
418.8 7.6 -37.5 -7 -8.8 -4.8
900.9 -20.7 2.9 -54.2 -3.8 -5.8
2238 -18.7 -0.9 7.7 0.9 2.9
5.6 16.6 5.1
421.2 8.2 -38.5 -6 -8.5 -5.3
902.8 -20.9 3.7 -56 -5 -4.7
2240.7 -17.9 -0.8 7.5 0.8 3.6
5.6 16.6 5.3
423.8 8.6 -39.8 -4.9 -8.1 -6.4
903.7 -21.4 4.5 -58.9 -6 -4
2243.4 -16.8 -0.6 7.2 0.8 4.2
5.6 16.8 5.5
426.7 9.7 -41.5 -3.9 -7.8 -7.2
904.1 -21 5.5 -61.3 -7.6 -2.2
2245.8 -15.5 -1.2 6.7 0.3 4.8
winner is: 9
