Regression analysis information for: KLH057b_0133
number of formants: 3
number of coeccicients: 5
2.7 3.9 2
600.2 71.5 -34.7 19.2 -8.1 0.5
1190.4 -84.7 34.4 -5.4 -9.2 -8.2
2239.1 -29.2 -9.9 4.3 -7.4 -1.8
2.6 3.8 1.9
600 72.8 -32.8 18.7 -8.1 0.8
1191.6 -85.1 36.5 -5.9 -8.5 -8.2
2240.6 -28.2 -7.7 4.1 -7.3 -1.9
3.1 3.7 2
600.1 74 -29.9 17.7 -8.5 1.2
1192 -85 39.6 -8.3 -7.8 -8.6
2241.5 -26 -2.7 2.4 -7.4 -2.2
3.6 3.8 2.9
596.5 77.7 -24.1 15.5 -8 2
1190.1 -81.9 41.9 -10.1 -5.1 -9.8
2234.4 -18 7.7 -2.9 -5.3 -1.7
3.5 4.3 2.9
597.9 79 -22.7 15.5 -8.2 1.8
1192.2 -82.6 43.7 -10.9 -4.7 -10.6
2236.7 -15.9 11.4 -3.4 -5.8 -2.7
3.7 4.6 3.2
599.1 79.1 -21.9 16.9 -7.9 1.5
1193.4 -83.6 44.3 -10.6 -4.4 -11.2
2237.7 -15.9 13.3 -0.6 -5.1 -4.2
3.6 4.6 3.1
600.4 78.3 -21.7 18.5 -6.5 2.5
1195.8 -86.7 45.8 -10.6 -3.4 -10.6
2240.1 -19.5 14 2.4 -2.4 -2.1
3.5 4.5 2.9
603.7 77.3 -22.9 19.3 -6.1 2.9
1198.3 -89.1 47.6 -11.7 -3.6 -10.4
2245.5 -22.2 12.4 3.1 -2 -1.4
3.7 4.7 3.4
607.2 79.1 -23.7 20.4 -5.5 3.1
1200.5 -89.8 48.4 -11.5 -4.8 -10.5
2251.2 -19.7 11.3 4.8 -2.3 -1.7
3.6 4.7 3.3
612.1 79.5 -25 21.3 -5.3 3.6
1204 -92.9 51.5 -12.3 -5.1 -10.6
2259.5 -20.7 10.4 5.5 -3.3 -1.6
3.7 4.4 3.7
618.7 79.5 -27.1 22.7 -5.8 3.5
1206.5 -95.8 55.4 -14.2 -6.5 -10.1
2268.6 -21.8 9 6.2 -5.3 -2
3.8 4.6 4.1
627.4 80.9 -30.1 25 -5.3 3.8
1208.6 -100.5 62.2 -17.1 -8.3 -9.8
2279.5 -22.1 8.2 7 -6.3 -1.9
4.1 5 4.7
639.5 81.4 -35.5 28.7 -4.3 3.4
1207.9 -104.6 72.6 -21.9 -11.5 -8.2
2291.1 -22.8 6.8 7.9 -7.7 -2
4 6.2 5.5
655.7 81.2 -43.4 34.8 -3.5 2.4
1202.1 -108 88.6 -31.2 -16.7 -5
2302.2 -23.2 6.2 8 -9.6 -1.5
4.8 8.8 6.7
676.6 81.9 -51.4 43.2 -5.3 2.8
1190.2 -112 114.8 -45.8 -22.7 0.9
2313.5 -22.8 7.7 7.2 -11.9 -0.1
21.8 16 8.9
689.9 85.8 -31.5 40.8 -31.1 23.4
1172.7 -115.1 140.6 -66.4 -21.1 2.8
2322 -21.6 13.1 3 -16.6 3.3
45.2 194.8 153.5
762.7 62.7 -107 119.2 -8.6 -45.2
1341.6 -217.1 -190.9 157.6 159.8 -299.8
2492.1 -101.5 -281.9 210.7 128.1 -245.1
35.4 158 103
822.6 63.9 -133.9 138.9 -5.7 -15.9
1449.1 -296.8 -337.4 231.1 200.9 -277.9
2576.4 -107.9 -392.5 212.8 202 -179.4
22.7 178.6 113.7
860.9 79.2 -149.1 108.7 -7.8 21.1
1592.1 -400.3 -394.2 234 136.8 -27.1
2603.4 -63.6 -414.9 100 226.2 -38.6
31.6 152.3 70.1
865.2 74.2 -132.1 117.1 -17.4 10.1
1649.2 -507.7 -305.9 244.7 59 82.1
2589.7 -106.3 -359.7 154 143.6 -75.1
winner is: 2
