Regression analysis information for: KLH057b_1513
number of formants: 3
number of coeccicients: 5
4.8 7.5 16.5
401.4 13.1 -10.9 0 -5.9 5.6
1719.7 8.8 -2.4 16.4 -14.9 2.5
2214.5 103.2 102.2 6.6 24.8 -31.8
4.8 7.5 14
401.3 12.9 -11.3 -0.1 -5.9 5.7
1719.2 9.2 -3.1 17 -14.7 3
2210.3 101.2 83.7 16.1 30 -18.9
4.7 7.4 14.9
401.6 12.5 -11.7 -0.4 -5.7 5.6
1719.2 8.8 -3.8 16.5 -14.8 2.7
2215.8 91.9 68.4 6.2 36.8 -21.2
4.8 7.3 13.3
401.6 12.4 -12.3 -0.6 -5.8 5.7
1718.5 8.4 -5.4 16.5 -14.8 2.9
2209.9 73.8 42.2 -6 39.4 -18.2
4.9 7.2 9.8
402 12.3 -12.4 -0.6 -5.6 5.9
1718.9 7.5 -5.6 16 -14.4 3
2222.9 59.4 41.9 -13.3 46.5 -13.7
4.9 7.2 10.5
402.3 12 -12.5 -0.9 -5.4 5.9
1719.4 6.4 -5.6 15 -14.3 2.8
2235.6 47.4 44.7 -25.9 48.1 -12.9
5 7 10.9
402.9 12.4 -12.6 -1 -5.4 6
1720.6 6.5 -5.3 14.4 -14 2.5
2258.8 47.8 50.4 -37.3 52.1 -17.1
4.9 7.1 15.6
403.6 12.3 -12.6 -1.1 -5.2 5.9
1722.7 6.4 -4.3 13.9 -14 2.1
2289.3 51.8 60.3 -43.1 53.6 -21.4
4.9 6.9 20.4
404.5 12.5 -12.6 -1.2 -5.2 5.9
1725.5 6.4 -3 13.2 -14.1 1.6
2329.2 56.6 75.1 -55.4 52.2 -28.6
4.9 6.7 27.8
405.4 13 -12.6 -1.1 -5.4 6
1728.5 7.4 -1.7 13.4 -14.1 1.4
2371.4 71.5 92.2 -61.9 47.1 -35.9
5 6.5 34.9
406.5 13.3 -12.4 -1.2 -5.3 5.9
1731.5 7.7 -0.1 12.9 -14.2 0.7
2413.7 88.3 109.7 -70.6 40.7 -49.5
5 6.2 38.9
407.4 14 -12.4 -1.2 -5.4 5.9
1734.2 9.1 1 13.1 -14.1 0.3
2449.1 109.8 119.8 -76.7 37.1 -57.3
5.1 6.1 40.8
408.4 14.5 -12.2 -1.1 -5.6 5.9
1737.2 9.5 2.3 13.5 -14.4 0.1
2481.4 114.5 128.9 -77.8 30.6 -57.5
5 5.7 37.5
409.4 14.7 -11.9 -1.2 -5.7 5.6
1740 9.8 3.7 13.6 -14.8 -0.4
2508 115.6 132.6 -79.7 25.1 -59.7
4.9 5.2 35.1
410.2 15.1 -11.9 -1 -6 5.5
1742.5 10.2 4.9 14 -14.8 -0.8
2532.2 111.2 139.6 -81.5 23 -58.3
5 4.9 32.3
411.2 15.1 -11.8 -1 -6 5.3
1745.2 9.8 5.9 13.9 -14.8 -1.3
2557 106.4 135.6 -82 23 -59.6
4.9 4.3 29.6
411.9 15 -11.9 -1 -6.1 5.4
1747.6 9 6.7 14.2 -14.8 -1.5
2579.6 96 134.4 -78.9 20.1 -56.9
4.9 3.9 27.1
412.6 15.1 -12.1 -0.8 -6.3 5.4
1749.8 8.8 6.9 15 -14.9 -1.6
2601.9 89.4 128.3 -74.2 17.7 -52.7
4.9 3.5 25.3
413.3 14.7 -12.2 -0.9 -6.4 5.4
1751.9 7.8 7.6 15 -15.1 -1.8
2622.7 78.4 125.7 -70.5 12.3 -50.4
4.8 3.2 23.7
413.9 14.6 -12.5 -0.9 -6.5 5.4
1754 7.5 7.8 15.2 -15.1 -1.6
2643.9 73.8 115.3 -67.9 12.6 -45.4
winner is: 5
