Regression analysis information for: KLH057a_4194
number of formants: 3
number of coeccicients: 5
2.4 13 9.4
363.5 54.7 -11.7 10.9 -1.3 5.1
1600.9 -360.5 -93.9 -5.4 -34.4 5.5
2251.6 -167.2 104.5 23 -12.9 0.2
2.3 13 9.4
363.5 55 -11.7 10.7 -1.2 5
1602.7 -359.8 -94.1 -5.7 -34.7 5.9
2252.7 -166.6 103.1 24.5 -14.5 1.9
2.3 13.2 9.7
363.6 55.1 -11.8 10.4 -1.2 4.9
1603.2 -360.6 -94.3 -7 -35.1 5.7
2253.7 -166 102.6 24.9 -15.5 3.1
2.2 13.1 9.9
363.5 55.3 -11.8 10.4 -0.9 4.8
1604.7 -360.3 -94.2 -7.6 -34.7 5.7
2254.8 -166.1 101.7 25.7 -16.2 4.2
2.2 13.4 10.3
363.5 55.5 -11.9 10.2 -0.9 4.6
1605.5 -360.7 -94.1 -8.8 -35 5.1
2256 -166.7 102.2 25.5 -16.6 4.3
2.2 13.7 10.6
363.4 55.4 -12.3 9.9 -1 4.4
1605.4 -362.1 -94.8 -10.9 -35.2 4.1
2257 -167.3 102.4 24.5 -16.3 4.5
2.1 13.3 10.9
363.2 55.5 -12.4 9.9 -0.7 4.5
1605.6 -361.8 -94.7 -11 -33.8 4.2
2257.5 -168.4 102.7 24.2 -15.7 4.6
2 13.9 11.6
363.3 55.5 -12.6 10 -0.6 4.4
1605.3 -362.4 -94.6 -11.8 -32.6 4.1
2258 -168.5 103 23.2 -14.7 4.6
2.1 14.1 11.9
363.2 55.5 -12.8 10 -0.5 4.4
1604.4 -361.1 -96 -11.7 -32.6 4.6
2257.8 -168.2 102.6 22.6 -13.9 4.8
2.1 13.9 12.1
363.2 55.6 -12.8 10 -0.2 4.5
1605.8 -361.3 -95.7 -12.6 -30.1 3.9
2258.5 -168.8 102.1 22.2 -11.8 4.6
2.1 13.8 12.3
363.5 55.8 -12.9 10.1 0 4.5
1605.7 -360.5 -96.8 -11.9 -29.2 3.7
2258.8 -167.8 101 22.4 -10.7 4.1
2.1 13.8 12.5
363.6 56.2 -13 10.1 0.1 4.5
1606.3 -357.3 -99.5 -10.5 -29.4 3.3
2258.9 -165.6 97.8 24.2 -10.6 3.6
2.1 13 11.8
363.8 56.3 -13.1 10.2 0.2 4.4
1607.3 -356.8 -100.6 -10.7 -27.1 1.6
2259.4 -164.9 95.8 24 -7.8 1.3
2 12.8 11.5
364.2 56.7 -13.2 10.3 0.3 4.4
1608 -354.8 -102.9 -10 -26.5 1.4
2259.5 -162.1 92.8 24.9 -7.1 0.2
2.1 12.1 10.5
364.6 57.1 -13.1 10.4 0.5 4.5
1611.1 -353.6 -103.3 -10.9 -25 -0.4
2261.4 -161.9 91.6 24.7 -4.7 -2
2.1 12.1 10.8
365 57.3 -13.2 10.4 0.5 4.4
1613.5 -354 -105.1 -11 -24.9 -0.5
2263.8 -162.2 89.8 25.3 -4.7 -2.4
2.1 12 10.9
365.3 57.3 -13.4 10.4 0.4 4.2
1616.9 -354.7 -107 -11.3 -24.9 -1.3
2266.8 -163.5 87.9 25.8 -4.4 -3.3
2.1 11.9 11.1
365.5 57.4 -13.4 10.6 0.6 4.2
1621.7 -355.3 -108.4 -11.8 -24.9 -1.8
2270.9 -165.8 86.7 26.5 -4.3 -3.8
2.1 11.8 11.4
365.7 57.4 -13.1 11.1 0.9 4.3
1626.1 -356.8 -109.9 -11.6 -24.6 -1.4
2275.2 -168 85.8 27.4 -4.2 -4
2.3 11.9 11.7
365.6 57.2 -12.6 12 1.4 4.6
1631.9 -358.4 -111.7 -11.8 -24.1 -1.1
2280.2 -171.3 84.7 28.7 -3.9 -4.1
winner is: 2
