Regression analysis information for: KLH057b_1585
number of formants: 3
number of coeccicients: 5
1.9 9.6 19.4
388.3 -3.1 -12.8 16.7 -14.8 3.9
906.4 -115.5 -4.2 -29.6 15.9 -13.2
2257.5 22.4 -12.7 -28.3 -15.4 -20.3
2.4 10 12.7
388.4 -2.3 -12.6 17.4 -14.4 4.5
906.5 -114.6 -4.7 -29.4 15.7 -12.3
2260.7 34.1 -4.4 -20 -9 -9
3 10.6 9.3
389.1 -0.8 -11.5 18.7 -13.5 5.6
907.2 -111.9 -4.3 -27.8 16.2 -11.1
2271.1 58.8 11.2 0.5 5.8 10.8
3.4 11.1 16.9
389.7 0.2 -11.2 19.4 -13 6.1
908.8 -109.7 -3.6 -26.9 16.5 -9.8
2278.5 72.9 13.2 7.9 8.8 21.2
3.6 11.4 18.1
390.2 0.6 -11 19.6 -12.8 6.4
910.3 -108.5 -3.2 -27.2 16.5 -9.2
2284.7 77.2 10.8 3.6 7 23.6
3.7 11.4 20.9
390.8 0.8 -10.9 19.6 -12.8 6.7
911.4 -108.1 -3.7 -28.1 15.7 -9
2292.6 80.6 6.2 -0.1 5.9 25.2
3.8 11.7 22
391.4 1 -11 19.8 -12.7 6.8
913.2 -107.5 -3.5 -28.5 15.7 -8.4
2300.2 80.6 1.5 -2.7 4.7 25.5
3.8 11.8 23.6
392.2 1.2 -10.8 19.8 -12.7 7.2
914.7 -106.6 -3.5 -28.9 15.7 -7.9
2310.2 83.3 -1.7 -7 5.3 26.5
4 12.2 26.3
393.2 1.8 -10.5 20.3 -12.5 7.5
917.1 -105.3 -2.8 -28.8 15.8 -6.9
2321.7 86.3 -5 -6.8 4.8 26.7
3.7 11.8 28.5
394.1 1.7 -10.9 20.1 -12.9 7.2
919.2 -105.9 -3.3 -30.9 14.5 -7.2
2333.5 85.9 -9.4 -12.8 2.8 23.8
3.6 12 32.9
395.4 2 -10.6 20.2 -12.9 7.8
921.3 -105.4 -3.2 -31.7 14.4 -6.8
2347.5 86.9 -12.6 -15.6 3.5 22.9
3.6 12.2 37.2
396.8 2.3 -10.7 20.5 -12.9 7.9
923.8 -105.4 -3 -32.9 14.1 -6.4
2361.6 86.5 -15.9 -18.4 4.4 21
3.6 12.5 42.1
398.4 2.7 -10.5 20.9 -12.8 8.4
926.2 -105.5 -2.9 -34.1 13.9 -6
2376.8 85.9 -18.9 -20.2 6.7 19.5
3.8 12.9 48
400.5 3.3 -9.8 21.4 -12.6 9.3
928.4 -105.3 -2.7 -35.2 14 -5.7
2393.5 87.3 -19.8 -21.5 10 19.1
3.8 13.2 54
402.6 3.9 -9.5 21.8 -12.7 9.9
930.6 -106 -2.7 -37.3 13.6 -5.9
2409.8 86.5 -20.1 -25.4 12.2 16.6
3.8 13.6 59.7
405 4.1 -9.2 22.3 -12.9 10.9
932 -106.5 -3.4 -39.1 13.4 -6.3
2426.4 84.9 -23.2 -28 15.2 15.5
3.6 14.3 65.1
407.4 4.1 -9.3 22.5 -13.7 11.3
933 -107.2 -3.9 -41.1 13.1 -7.1
2441.3 81.2 -27.8 -31.1 14.3 9.8
3.8 15 68.9
410 3.8 -9.7 22.9 -14.5 12.3
933.6 -107.9 -4.5 -43.5 13 -8.3
2455.3 77.5 -33.5 -33.8 13.8 7
3.9 16.7 74.5
412.6 3 -9.8 23.1 -15.6 13.3
933.7 -107.6 -4.2 -44.9 14.6 -9.3
2469 70.1 -37.6 -36.2 15.4 1.6
4.5 18.7 77.6
416.1 2.2 -9.4 24.1 -17.6 14.7
932.2 -107.1 -4.9 -47.9 16.2 -12.1
2482.4 66.3 -40 -36.9 14.6 -4.7
winner is: 3
