Regression analysis information for: KLH057a_1244
number of formants: 3
number of coeccicients: 5
2.2 4.6 11
372.3 14.6 -27.3 2.1 -10.1 5.1
901.6 44.8 0.6 -22.8 -8.1 -5.4
2109.9 13 -35.2 -34.3 5.9 -14.1
2.5 3.6 9.2
373.9 13.9 -25.1 1.3 -9.8 4.4
900.6 48.3 1 -21.1 -6.9 -6.9
2108.8 18.9 -37.4 -30.1 3.3 -12.5
2.5 3.8 9.4
374 13.6 -25.1 1.3 -9.7 4.4
901.8 47.8 0 -20.4 -7 -6.9
2108 16.4 -39.5 -30 2.8 -12
2.5 3.7 9.6
374 13.9 -25.1 1.3 -9.8 4.4
901.8 48.9 0.8 -21.2 -6.9 -6.7
2106.4 16.7 -39.4 -31.6 2.5 -11.3
2.4 3.4 9.1
374.2 13.9 -25 1.3 -9.6 4.3
904.1 48.7 0.7 -20.3 -5.4 -7.7
2108.2 16 -38.8 -31.2 4.5 -12.1
2.6 3.3 8.7
374.6 13.8 -24.8 1.4 -9.7 4.3
906.9 50.1 2.3 -18.8 -5.1 -8.4
2111.5 18.5 -34.9 -29 5.1 -12.8
2.2 3.9 10.3
373.2 15.1 -26.8 2.2 -9.7 4.6
911 48.6 3.7 -20.3 -2.7 -10
2115.6 14.4 -30.6 -33.1 10.5 -16.7
2.3 3.6 9.9
373.7 15.1 -26.6 2.4 -9.5 4.6
915 51.5 3.6 -18.1 -1.9 -10.5
2120.1 19.7 -29.2 -29.7 11.4 -16.8
2.4 3.6 9.7
374.3 15.1 -26.5 2.6 -9.5 4.7
919.9 51.8 3.3 -15.6 -0.6 -11.2
2126.1 20.3 -27.5 -27.4 12.5 -17
2.6 3.4 9
376.5 14.4 -24.3 2.3 -9.1 4.2
924.5 55.9 2.6 -9.4 0.5 -10.7
2132.3 29.2 -26.9 -19 11.9 -13.6
2.5 4.7 10.5
375.7 15.3 -26.1 3 -9 4.7
930.4 55.2 3.6 -11.1 3.7 -13.1
2138.1 24.9 -22.6 -23.8 16.9 -18.2
2.8 4.5 9.4
378 14.5 -24 2.7 -8.7 4.3
935.6 58.6 2.1 -4.4 5.3 -11.9
2144.3 32.1 -22.6 -16 16.4 -14.2
2.9 5.2 9.5
378.9 14.5 -23.7 3 -8.4 4.4
941.7 60.4 2.4 -1.3 7.5 -12.3
2150.7 33.7 -19.7 -14.1 18 -14.1
2.9 6.1 9.7
380 14.2 -23.5 3.2 -8.2 4.5
948.7 61.8 1.9 1.9 10.1 -13.1
2157.5 34 -17.4 -12.8 19.8 -14.4
3 6.7 9.4
380.8 13.8 -23.6 3.2 -8.3 4.5
953.8 59.9 -1.3 3.3 11.4 -14.1
2162.3 31.2 -17.5 -13.7 19.9 -14.7
3.1 7 9.2
381.9 13.7 -23 3.4 -8 4.8
960 63.5 0.9 6.4 13.2 -13.4
2168.2 33.9 -13.4 -12.1 20.9 -13.6
2.9 9.3 9.3
381.4 14.7 -24.9 4.4 -8.3 5.4
967.3 63 -0.7 4.4 14.5 -18.3
2174.2 29.4 -11.2 -17.3 21.7 -17.8
3 10 9.3
382.6 14.6 -24.6 4.6 -8.2 5.6
973.4 64.7 -1.1 6.5 16.9 -18.5
2179.6 29.8 -8.7 -17.4 22.6 -17.4
3 10 8.8
383.8 13.5 -24.4 4.4 -8.5 6
978.3 63.1 -3.8 7.1 16.5 -19.5
2184.1 26.6 -8.4 -18.8 21.4 -17.3
3.3 9.4 8.4
387 11.4 -22 3.3 -8 5.7
985.5 66.1 -6.6 15.5 20.2 -16.7
2190 30.9 -7.8 -13.5 22.1 -14
winner is: 6
