Regression analysis information for: KLH057a_4121
number of formants: 3
number of coeccicients: 5
1.6 2.2 3.9
361.5 62.3 -2.1 8.8 -8.6 -2.9
1166.9 -53.8 -15.5 -5.2 4.5 0.6
1967.3 -21.7 -9.6 5.9 -1.8 -1.5
1.7 2.2 3.8
361.1 62.6 -1.9 9.5 -8.4 -2.9
1168.5 -55.2 -14.3 -4.9 4.7 0.8
1969.3 -23.8 -8.6 6.1 -1.4 -1.5
1.9 2.4 3.5
360.7 62.6 -2.6 10 -8.6 -2.8
1169.5 -58.4 -13.9 -4.7 5.2 0.8
1971 -27.1 -8 6.4 -1.2 -2.1
2.3 2.5 3.3
359.6 62.8 -3.7 10.4 -8.8 -3
1170.4 -62 -13.8 -5.3 4.9 0.9
1972.2 -30.9 -7.9 6.2 -1.4 -2.3
2.7 2.7 2.9
358.7 63.5 -4.8 11.3 -8.6 -2.8
1171 -65.2 -12.8 -4.6 5 1
1972.9 -34.8 -7.2 7.5 -1.1 -2.3
3.1 2.7 2.8
358 65.6 -6.3 11.9 -9.3 -2.7
1172.5 -67.3 -11.8 -4.6 5.2 0.6
1974.6 -37.4 -6.4 7.6 -1.3 -3.3
3.9 2.8 2.7
356.3 68.5 -8 12.9 -9.5 -3.2
1174.6 -69.3 -11.4 -4.7 5.1 0.7
1976.8 -39.8 -6.5 8.1 -1.3 -3.6
4.3 2.8 2.5
355 71.9 -10.2 14.5 -10.8 -2.6
1176.2 -70.3 -10.5 -5 5.4 0.3
1978.7 -41.2 -5.8 8.1 -1.3 -4.3
5.5 2.9 2.6
352.5 76.9 -12.9 15.7 -11.1 -3.3
1178.3 -71.5 -9.8 -4.6 5.1 0.3
1981.1 -42.6 -5.6 9.1 -2 -4.7
6.5 3 2.5
348.8 84.1 -17.2 18.5 -12.7 -3
1180.5 -72.3 -9 -4.8 5.1 -0.3
1983.6 -43.6 -5.3 9.3 -2 -5.7
7.8 3.3 3
342.4 96.5 -25.3 24.7 -17.2 -0.8
1182.3 -73.1 -8.1 -4.7 5.4 -0.8
1986.2 -44.7 -4.9 9.7 -1.9 -6.8
8.8 3.5 3.3
335.7 109.6 -34.4 32.5 -22.4 2.5
1184 -73.2 -7.6 -4.9 5.4 -1.2
1988.1 -44.9 -4.5 9.7 -2 -7.5
80.3 59.7 42
474.3 -168.7 219.9 -193.9 150.9 -126.9
1284 -269.1 168.4 -159.2 123.4 -89.1
2045.3 -151.5 89.7 -68.9 54.5 -44
83.7 59.8 44.8
468.4 -161.1 220.8 -196.1 153.8 -132.3
1285.4 -269.5 170.1 -159.2 123.6 -90
2042.3 -139.3 78.1 -55.5 41.9 -31.4
73.5 83.2 114.4
518 -246.2 288.1 -199.1 108.6 -35.3
1313.3 -305.5 188.9 -129.4 62.4 9.8
2069.6 -169.3 88.5 -18.7 -25.6 73.2
82.7 102.4 107.1
499.3 -223.5 287.9 -195.2 100.9 -27.4
1288.3 -255.3 145.9 -83.5 23.9 43.1
2063.7 -152.1 71.9 -3.4 -36.8 77.5
91.1 68.5 108.2
476.1 -203.4 298.5 -193.8 95.5 -27.3
1264.5 -215.5 117.3 -64.3 20.3 23.9
2055.5 -131 54 10.7 -44.5 75.5
129.9 105.4 164.6
488.1 -268.3 382.9 -156.6 -9.6 88.2
1309.2 -290.5 157.8 -35.5 -42.8 97.7
2122.8 -227.2 94.9 55.6 -138.8 192.3
64.7 85.4 167.7
913.2 -421.9 -189.6 79.5 93.5 95.2
1667.6 -410.9 -315.1 116.6 71.8 114.9
2495.8 -320.7 -376.9 132.2 -4.9 321.5
105.4 134.4 156.1
913.2 -327.4 -253.9 -4.8 56.1 50.7
1671.4 -308.4 -395.7 19.7 45.1 55.1
2487.1 -157.2 -502.6 14.3 -36.2 236.8
winner is: 1
