Regression analysis information for: KLH057a_5193
number of formants: 3
number of coeccicients: 5
2.8 0.7 12.6
428 -28.9 -22.6 20.5 -2.9 2.5
1621.1 -67.1 64.4 -36 1.5 1.5
2121.6 42 -20.2 10.9 -2.3 -13.4
2.7 0.8 13.9
428.7 -29 -23 20.9 -3 2.4
1622.9 -67.6 63.6 -34 0.5 1.3
2153.8 -5 -5.3 22.6 -20.1 -7.5
2.8 1.1 12.5
429.4 -29.9 -22.6 21.2 -3.3 2.3
1623.9 -67.5 62.5 -32.5 -0.4 1.2
2182 -51.6 26.4 10.6 -22.9 2.3
2.8 1.3 10.6
430.2 -30.2 -22.9 21.5 -3.3 2.3
1626.2 -68.7 61.8 -30.5 -1.5 1.2
2195.9 -75.7 48.4 -8.9 -8.9 -5.2
2.8 1.5 9.5
431.1 -30.8 -22.9 21.9 -3.6 2.3
1628.2 -69.4 61 -29.1 -2.2 1
2197.2 -74.9 48.1 -10.6 -6.9 -6.4
2.8 1.4 8.8
431.9 -31.6 -22.6 22.1 -3.8 2.1
1630.1 -70.1 60.4 -28.3 -2.8 1.2
2197.6 -71.7 45.1 -9.9 -7.2 -5.7
2.8 1.5 8.4
432.8 -31.9 -22.8 22.3 -3.9 2.3
1632.4 -71.2 60.4 -27 -3.6 1.2
2198.9 -69.9 43.4 -9.1 -7.5 -5.4
2.8 1.4 7.9
433.8 -32.6 -22.5 22.6 -4.2 2.4
1634.1 -71.3 60.2 -26.2 -3.9 1.1
2200.4 -68.3 42.2 -9.1 -7.3 -5.1
2.8 1.5 7.8
434.4 -33.1 -22.2 22.9 -4.4 2.3
1636.1 -72.1 60.6 -25.2 -4.7 1.4
2202.3 -67.7 41.6 -8.6 -7.4 -5.3
2.8 1.6 7.8
435.1 -33.1 -22.3 22.9 -4.4 2.1
1638 -72.6 60.7 -24.2 -5.3 1
2204.5 -67.3 41 -8.4 -7.4 -5.8
2.8 1.4 7.8
435.6 -33.4 -21.8 23.1 -4.9 2.4
1639.1 -72.6 61.9 -24.3 -5.6 1.5
2205.9 -66.8 42.2 -8.8 -7.9 -5.7
2.9 1.4 7.7
436 -33.2 -22.1 23.4 -4.8 2.3
1640.6 -72.6 62.2 -22.9 -6.1 1.1
2207.7 -66.6 42.4 -8 -7.7 -6.8
2.9 1.5 7.3
436.5 -33.3 -21.9 23.8 -4.8 2.1
1642.2 -73.1 62.6 -21.5 -6 1.1
2209.3 -66.7 42.8 -6.6 -7.1 -7.2
3 1.3 7.3
436.6 -33 -21.4 23.3 -4.6 2.1
1642.3 -70.9 63.3 -22.8 -5.3 1.2
2210.2 -64.7 43.3 -8.2 -7.1 -6.8
3 1.4 7.5
436.9 -32.9 -21.4 23.5 -4.7 2.3
1643.1 -71.2 64.9 -21.6 -5.6 1.1
2210.2 -65.1 46.1 -6.8 -7.7 -7.4
2.9 1.5 7.1
437.2 -32.6 -21.6 23.4 -4.5 1.9
1644.1 -69.1 63.8 -21.9 -4.8 0.9
2212.6 -62.5 43.3 -7.9 -6.4 -6.9
3 1.6 7
437.3 -32.5 -21.5 23.5 -4.4 1.9
1644.6 -68.6 64.4 -21.6 -4.1 0.8
2212.9 -62.2 44.4 -7.3 -5.5 -7.2
3 1.8 7.1
437.7 -32.3 -22 23.5 -4.2 1.9
1645.9 -68.9 64.2 -21.2 -4 0.9
2214.6 -62.1 43.2 -7.8 -4.6 -6.9
3.1 1.7 7.2
438.1 -32.5 -21.5 23.3 -4.4 1.9
1646.8 -67.5 65.2 -21.4 -4.3 1.2
2215.6 -60.4 44.7 -8.6 -5.4 -6.6
3 1.8 6.7
438.6 -32.5 -22 23.3 -4.4 1.8
1648.8 -66.7 64.5 -21 -3.7 1.1
2218.9 -59 42.1 -9 -3.8 -6.4
winner is: 16
