Regression analysis information for: KLH057b_0722
number of formants: 3
number of coeccicients: 5
2 26.1 45.3
401.5 -26 -17.6 -11.5 -7.3 0.6
1728.4 125.6 -147.9 46.3 -76.2 -8.1
2148.4 81.4 -117.1 10.4 24 16
1.9 28.7 48.2
398.5 -25.3 -16.2 -10.7 -7.4 -0.4
1735 129 -143.9 48.8 -75.3 -6.4
2156.7 85.3 -126.4 3.6 18.9 14
1.8 29.4 49
396.3 -25 -15.5 -10 -7.2 -0.8
1737.5 126.5 -145.6 48.2 -78.2 -4.6
2163.7 94.7 -132.4 1.7 13.7 10.9
1.7 31 51.7
394.4 -24.6 -14.5 -9.4 -6.9 -1
1739.8 127 -147.3 48.8 -81.1 -3.3
2168.3 107.4 -141 -1.5 8.2 4.9
1.5 36.8 59
392.6 -24.3 -14 -9.5 -6.4 -1.4
1741.2 123.8 -152.1 48.5 -90 -3.3
2164.2 122.3 -156 -7.9 7.9 -8.8
1.4 46.8 62.9
391.1 -24.1 -13.8 -9.2 -6.5 -1.1
1735.6 121.9 -167.9 47 -105.8 -5.7
2156.9 139.5 -176.4 -6.7 -1.1 -16.3
1.3 51.4 66.6
390 -24 -13.3 -9.2 -6.4 -1.1
1732.9 125.8 -177.4 50.8 -114.7 -4.8
2148.1 153.5 -190.2 -15.6 -0.5 -30
1.3 50.4 72.2
389 -24.2 -13.2 -9 -6.2 -0.9
1725.5 129.2 -190.1 48.5 -118.9 -11.2
2138.6 152.5 -203.1 -26.1 -4.5 -37.3
1.3 45.2 72.1
388.2 -24.5 -13.2 -9.1 -6.2 -0.7
1706.7 107 -221.7 30.9 -134 -17.7
2131.4 153.1 -204.8 -31.1 -1.9 -35.3
1.1 47.6 64
387.9 -24.2 -12.6 -9.1 -6.3 -0.6
1708.5 120.1 -217.3 37.1 -131.1 -19.3
2127.7 166 -191.3 -39.1 -1.2 -40.6
1.1 46.5 63.2
387.6 -24.5 -12.4 -8.7 -5.9 -0.4
1711.8 126.3 -211.8 39.6 -128.5 -19.6
2115.1 150.3 -182.3 -19.3 19.4 -35
1.2 39.8 60.4
387.5 -24.7 -12.3 -9.1 -5.9 -0.4
1704 108.8 -221.4 27.4 -130.2 -19.7
2112.4 158.5 -174.8 -33.6 22.1 -32.2
1.3 35.3 62.3
387.4 -24.8 -12.2 -9 -5.9 -0.3
1704.4 104.9 -218.8 28.7 -127.4 -13.3
2108 150.6 -168.9 -27.2 24.5 -29.2
1.2 34.9 55.8
387.2 -25.1 -11.9 -8.7 -5.3 0
1711.6 111.2 -205.5 31.8 -121.7 -10.4
2075.8 113.1 -157.7 11.1 77.6 0
1.2 30.8 57.5
387.4 -25.2 -11.8 -8.8 -5.2 0.2
1716.8 113.1 -196.8 36.1 -116.2 -5.4
2078.8 106.3 -163.7 5.1 79.8 15.9
1.3 29.9 60.3
387.6 -25.4 -11.4 -8.8 -4.9 0.4
1730.8 117.4 -175.3 45 -108.2 5.2
2078.6 100.6 -166.5 3.6 82.1 20.9
1.4 28.3 63
387.9 -25.5 -11.1 -8.7 -4.8 0.5
1745.1 125.1 -150.6 59.7 -94.1 22.2
2083.1 97 -168.2 0 69.1 14.8
1.4 30.7 63.3
388.4 -25.5 -10.8 -8.7 -4.8 0.7
1768.1 152.4 -113.5 85.3 -67.1 42.4
2098 93.1 -181.3 -13.9 48.8 12.2
1.5 24.4 110.8
388.9 -25.5 -10.3 -8.7 -4.7 0.8
1788.8 176 -77.4 105.2 -43.1 56.1
2139.5 146.5 -128.8 26.1 78.7 62.3
1.5 23.5 101.2
389.5 -25.6 -9.9 -8.8 -4.6 0.8
1800.6 176.7 -59.4 106.8 -27.7 57.4
2168.5 158.8 -123.1 23.5 55.6 62.3
winner is: 1
