Regression analysis information for: KLH057a_4658
number of formants: 3
number of coeccicients: 5
0.4 8.1 41
430 -7.8 5.7 -0.6 0.3 0
1608.3 -34.4 -58.8 -10.9 -1.5 -10.5
2055.9 193.8 -71 -99.8 0.8 92.8
0.3 8.1 37.8
430.3 -7.8 5.7 -0.6 0.4 0
1608.8 -33.3 -58.3 -11.5 -2 -9.8
2090.7 165.1 -93.2 -91.2 16.7 84.3
0.3 8.1 35.7
430.5 -7.7 5.7 -0.6 0.4 -0.1
1609.6 -32.7 -57.9 -11.7 -2.5 -9.6
2120.7 131 -105.7 -71.7 29.9 60.5
0.3 8 33.2
430.7 -7.7 5.7 -0.6 0.4 -0.1
1610.8 -31.9 -57.6 -12.1 -2.9 -9.5
2152.1 90.7 -106.1 -56.9 36 37.9
0.3 7.9 32.1
431 -7.7 5.8 -0.7 0.4 -0.2
1611.9 -31.4 -57.4 -12.3 -3.3 -9.4
2185.1 49.8 -108.9 -40.9 44.2 7.7
0.3 7.9 28.7
431.2 -7.7 5.8 -0.7 0.4 -0.2
1613 -31.4 -57.3 -12.4 -3.7 -9.6
2215.4 9.8 -104.9 -32 51.8 -12.5
0.3 7.9 23.6
431.3 -7.8 5.8 -0.9 0.3 -0.3
1614.1 -31.3 -57.5 -13 -4.1 -9.7
2239.5 -20.2 -105 -19.8 50.7 -26
0.3 8 24.7
431.5 -7.8 5.7 -1 0.3 -0.5
1615 -31.4 -57.8 -13.3 -4.6 -10.2
2258.4 -42.2 -109.9 -4.1 47 -39.8
0.3 8.1 20.9
431.7 -7.8 5.7 -1.1 0.2 -0.5
1615.9 -31.6 -57.9 -13.6 -5.1 -10.4
2274.6 -66.5 -100.1 1.2 34 -30.6
0.3 8.3 18.3
431.8 -7.9 5.8 -1.2 0.1 -0.6
1616.6 -31.4 -58 -14.1 -5.5 -10.7
2281.5 -76.7 -92 -2.6 30.2 -22.6
0.3 8.3 16.5
431.9 -7.9 5.8 -1.2 0.1 -0.7
1617.4 -31.7 -57.9 -14.1 -5.8 -10.9
2292.9 -92.9 -85.6 2.9 18.2 -11.6
0.3 8.2 14.5
432 -7.9 5.9 -1.2 0.2 -0.7
1618 -31.2 -57.7 -14.3 -5.8 -10.9
2295.7 -95.1 -86.3 6.4 13.4 -10
0.4 8.4 12.4
432.1 -8 5.9 -1.3 0.1 -0.8
1618.7 -31.2 -57.4 -14.5 -6.3 -11.2
2303.6 -106 -81.7 8.6 6 -3.2
0.4 8.3 11.4
432.2 -7.9 6 -1.3 0 -0.8
1619.1 -31.2 -57.3 -14.2 -6.8 -11.3
2307.5 -110.7 -79 10.9 0.8 2.8
0.4 8.4 11.3
432.3 -7.9 6.1 -1.2 0 -0.8
1619.8 -31 -56.7 -13.8 -7 -11.3
2311.9 -116.2 -73.7 9.9 -1.8 9
0.4 8.7 11.5
432.4 -7.8 6.1 -1.1 0 -0.7
1620.6 -30.5 -56.3 -13.3 -6.9 -11.3
2312.8 -115.8 -71.6 9.8 -1.7 9.3
0.5 8.8 10.6
432.6 -7.7 6.2 -1.1 0 -0.7
1621.3 -29.9 -56.1 -12.9 -6.8 -11.2
2312.7 -113.1 -71.3 10.2 -1.5 9
0.5 8.9 10.1
432.7 -7.6 6.3 -1 0 -0.6
1622.3 -29 -55.5 -12.5 -6.9 -10.7
2312.9 -110.2 -71.1 10.3 -0.8 8.4
0.5 9 9.4
432.9 -7.6 6.4 -0.9 0 -0.6
1623.4 -28.9 -54.9 -12 -7.1 -10.5
2313.2 -108 -70.1 10.4 -0.1 7.8
0.5 9.3 9
433.1 -7.5 6.5 -0.8 0 -0.6
1624.5 -28.5 -54.5 -11.2 -7.2 -10.4
2313.8 -106 -69.4 10.9 0.3 7.6
winner is: 20
