Regression analysis information for: KLH057a_1831
number of formants: 3
number of coeccicients: 5
2.9 7.2 9.4
480.8 8.8 -43.3 -10.4 -21.2 -1.5
1435.6 -187 33.1 -14.3 14.8 12
2036.4 -24.2 -18.6 -4.8 6.8 -7.7
3 7.1 9.2
482.3 8.6 -44.4 -10.4 -20.6 -1.4
1438 -186.7 31.8 -14 15 12.1
2036.5 -23.2 -18.8 -4.6 6.3 -7.4
3.1 7.3 9.2
483.6 8.1 -45.6 -10.3 -20.1 -1.4
1439.7 -186.4 30.6 -14.2 14.8 11.3
2037 -23.1 -19 -4.8 5.9 -7.7
3.4 7.4 9.1
484.8 8.4 -46.3 -10.1 -19.3 -1.2
1442.3 -184.9 31.1 -12.8 16.4 12.5
2038.1 -22.9 -18.7 -4.7 6.5 -7.7
3.6 7.5 9.1
486 8.2 -47.3 -9.9 -18.8 -1.3
1443.9 -184.7 30.5 -12.6 16.4 12.1
2039.1 -23 -18.6 -4.8 6.6 -8
3.9 8.1 9.2
487 8.3 -48 -9.7 -18.2 -1.1
1445.9 -182.7 31.7 -11.3 17.9 12.8
2040.2 -23 -18.3 -4.7 7 -8.1
4 8.2 9.1
487.8 8.5 -48.5 -9.3 -17.7 -1.3
1447.6 -182.1 31.9 -10.4 18.3 13
2041.2 -23.1 -18 -4.5 7.6 -8.3
4 8.5 9.2
488.2 9.2 -49.4 -9.1 -17 -1.7
1448.6 -180 32.1 -9.4 19.6 12.7
2041.8 -22.4 -18.3 -4.1 7.9 -8.6
4.2 8.7 9.2
489 9.1 -49.3 -9 -16.9 -1.6
1450.2 -179.2 33.1 -9 19.9 13.2
2042.9 -22.6 -17.5 -4.3 8.3 -8.6
4.4 7.5 9.4
489.2 9.2 -49.7 -9 -17.4 -2.2
1450 -181.1 31.2 -10.6 17.7 10.7
2043.2 -23.4 -17.9 -4.8 8 -9.8
4.5 8.4 9
489.4 9.8 -49.4 -9 -16.9 -1.9
1451.4 -177.5 33.9 -8.8 20 12.8
2043.6 -22.1 -17.3 -4.4 8.5 -9
4.4 8.5 9.2
490 10.3 -49.4 -8.6 -17.3 -2.3
1452.8 -176.8 34 -8.3 19.2 12.1
2044.5 -21.8 -17.1 -4 8.4 -9.4
4.3 9 9.4
490.5 10.9 -49.3 -8.3 -17.3 -2.5
1454.2 -174.5 35.1 -7.3 19.7 12.7
2045.1 -20.8 -16.9 -3.7 8.6 -9.5
4.3 9.3 9.5
490.8 11.2 -48.9 -8.4 -17.8 -2.5
1455.2 -172.5 36.5 -6.9 19.4 12.9
2045.6 -20.1 -16.5 -3.6 8 -9.3
4.1 9.4 9.9
491.2 11.8 -48.8 -8.3 -18.3 -2.9
1456.4 -171.7 36.4 -7.3 18.2 12.2
2046.2 -19.5 -16.4 -3.8 7.8 -9.8
4.1 9.8 10.1
491.8 12.1 -48.7 -8.3 -18.7 -3.1
1457.7 -169.7 37.4 -6.9 18 12.2
2046.8 -19 -16.2 -3.8 7.2 -10
4.2 9.7 10.4
492.4 12.4 -49 -8.4 -19 -3.4
1458.7 -169.2 36.8 -7.8 16.6 11.3
2047.5 -18.8 -16.4 -4.2 6.9 -10.5
4.1 9.7 10.7
493.1 13 -49.2 -8.6 -19.4 -3.9
1460.1 -168.4 36.2 -8.7 15.3 10.2
2048.3 -18.3 -16.4 -4.7 6.9 -11.1
4 10.3 11.1
494 13.1 -49.3 -8.5 -19.9 -4.1
1462 -167 37.2 -8.6 14.8 10.2
2049.7 -18.6 -15.9 -5 6.5 -11.5
4.1 10.6 11.2
495.1 13.6 -49.6 -8.4 -20.1 -4.4
1464.2 -165.9 37.5 -8.5 14.3 10
2051.1 -18.8 -15.6 -5.1 6.6 -11.9
winner is: 2
