Regression analysis information for: KLH057a_0051
number of formants: 3
number of coeccicients: 5
5.5 22.4 13.1
403.2 35.2 34.8 -10.3 -6.1 -2.5
942 83.9 164.9 -107.2 5.6 -12.5
2161.8 39.8 -63.1 0 5.7 -4.9
5.4 21.9 13.3
401.7 34.2 34.1 -10 -5.5 -2.2
936.9 86.6 163.1 -105.7 8.5 -15
2161.2 41.6 -63 -0.1 6.1 -5.7
5.1 22 13.6
400.4 32.9 32.8 -10.6 -5.4 -1.5
933.7 87.3 160.1 -106 9.4 -13.8
2160.3 43.2 -63.1 -0.1 6.2 -6
4.7 21.8 14
399.1 31.3 31.7 -10.9 -5.1 -0.9
931 85.5 158 -105.6 10.4 -12.8
2159.2 44.7 -63.2 -0.4 6.3 -6.1
4.4 21.8 14.1
398.2 29.9 30.6 -11 -5 -0.3
929 83.3 155.1 -104.3 10.5 -11.2
2158.4 45.5 -64 0.4 5.8 -6.1
4.2 22 14.3
397.7 28.8 29.6 -11.2 -5.2 -0.1
927.6 81.6 151.8 -103.7 10 -10
2157.4 45.8 -65.8 0.8 4.7 -5.9
4.1 22.3 14.3
397.2 27.7 28.7 -11.2 -5 0.4
926.9 78.6 149.6 -103.3 10.6 -8.4
2157 45.3 -67.6 1.2 4.6 -5.5
4 22.4 14.5
397.1 27 28 -11 -4.9 0.6
926.7 77.2 147.4 -102.5 10.8 -7.4
2156.8 44.3 -69.7 1.8 4.5 -5.8
4 21.9 14.3
397.2 26.2 27.6 -10.7 -5.1 0.8
927.3 74.6 146.7 -101.8 10.6 -6
2157.2 41.7 -70.3 2.5 3.7 -4.9
3.9 21.8 13.6
397.6 25.6 27 -10.6 -5.4 0.9
928.7 72.7 145.8 -102.3 9.9 -5.2
2158.4 39.3 -72.2 2 3 -5.1
4 21.3 13.2
398.1 25 26.4 -10.3 -5.5 1
930.3 71.4 145 -102.4 9.9 -3.8
2160.2 36.6 -73.5 2.7 2.7 -4.4
3.9 21.2 13.3
399 24.7 25.9 -9.7 -5.5 1
932.1 70.4 145.1 -102.8 10 -3
2162.8 35.2 -74.1 3.4 3.6 -4.2
4 20.9 13.2
399.8 24.5 25.6 -9.5 -5.6 1.2
933.9 69.8 145.4 -103.4 10 -2.3
2165.2 33.9 -73.9 3.5 3.9 -3.5
4 20.7 12.8
400.8 24.1 25 -9.1 -5.7 1.2
935.7 69.5 145.8 -104.8 10.3 -1.2
2168.3 32 -74 4.1 4.3 -2.9
4.2 20.6 12.3
402.1 23.7 24.6 -8.4 -5.8 1.2
937.3 68.7 147.7 -106.3 10.5 -0.7
2171.7 29.9 -73 4.6 4.8 -2.6
4 21 11.9
403.5 23.2 24 -7.8 -6.1 0.9
938.6 69.1 149.3 -109.1 11.3 -0.3
2175.6 27.5 -72.4 5.2 4.9 -2.5
4 21.5 12
405.3 22.8 23.1 -7.2 -6 0.5
939.9 69.5 151.9 -112.7 12.1 0.6
2180.1 25.1 -72.2 5.4 5.9 -2.8
3.9 23.9 13
407.5 22.1 22.1 -6 -5.9 0.1
938.5 72.6 155.8 -119.1 16.4 -0.8
2185 22.5 -71.6 6.3 7.3 -2.7
3.9 27.9 14.3
410.1 21.6 20.8 -4.9 -5.9 -0.6
935.2 78.3 160.9 -129.2 22 -1.8
2190.2 20.1 -71.1 6.8 8.6 -3
8.8 45.8 33
409.8 26.1 17.9 -5.9 -0.7 -7.5
940.2 68.6 175.5 -135.1 10.5 20.4
2205.7 2.1 -65 15.1 -7.1 16.5
winner is: 16
