Regression analysis information for: KLH057a_2116
number of formants: 3
number of coeccicients: 5
4.2 12.8 15.1
348.2 -56 41.6 -24.2 7.5 -2.2
1115.6 125.2 125.1 40 0.9 6.1
2097.4 -52 -10.5 -20.5 5.6 -19
4.2 12.6 15.3
348 -56.4 41.8 -24.2 7.6 -2.1
1114.6 124 125.6 40.1 1.2 6.2
2098.2 -52.3 -9.9 -20.9 5.5 -18.8
4.3 12.6 15.1
347.6 -56.5 41.9 -24.5 7.6 -2.4
1113.9 124 126.2 39.5 1 5.7
2098.3 -53 -9.1 -21.4 4.8 -19.4
4.4 12.6 14.6
347.5 -56.7 42.1 -24.5 7.8 -2.3
1113.3 123.3 126.9 39.9 1.7 6
2098.3 -53.6 -7.8 -21.4 4.5 -19
4.3 11.8 14
347.1 -56.7 42 -24.8 7.9 -2.5
1111.6 122.1 126 38.7 2 5.4
2097 -54.5 -7.6 -22.2 4.8 -19.1
4.4 11.6 14
346.9 -56.7 42.1 -24.9 8.1 -2.5
1111 122 126.4 38.8 2.6 5.5
2096 -55.5 -6.8 -21.9 5.3 -18.9
4.4 11.3 14
346.8 -56.7 42.2 -24.9 8.3 -2.5
1110.2 121.5 126.3 38.5 3.2 5.3
2095.2 -55.7 -6.4 -22.1 6.3 -18.6
4.4 10.6 13.3
346.7 -56.6 42.1 -24.9 8.5 -2.6
1110.1 121.8 126.2 38.7 3.8 5.2
2094.4 -55.7 -6.6 -21.5 7 -18.8
4.4 10.4 13
346.7 -56.6 42 -24.8 8.6 -2.6
1110.1 121.7 126 38.9 4 5.3
2094.2 -55.8 -6.9 -20.8 7.5 -18.8
4.4 9.7 12.7
346.9 -56.6 42 -24.7 8.7 -2.6
1110.1 121.4 125.5 38.9 4.4 4.9
2094.2 -55.5 -7.8 -20.5 8.8 -19.2
4.4 9.8 12.9
347 -56.4 41.9 -24.8 8.8 -2.6
1111.3 122.9 125.8 38.7 4.7 5.5
2095.8 -54.4 -8.5 -20.9 9.5 -19
4.4 9.7 13.1
347.4 -56.5 41.9 -24.8 8.7 -2.5
1112.5 123.2 125.5 39 4.8 5.6
2097.8 -53.6 -9.6 -20.8 10 -19.1
4.4 10 13.4
347.7 -56.6 41.7 -24.8 8.6 -2.4
1114.1 124.2 125.4 39.1 4.6 6
2100.5 -52.9 -10.9 -21.2 10.1 -19
4.5 10.3 13.7
348 -56.6 41.5 -25 8.6 -2.4
1116 125.6 125.5 39.2 4.7 6.5
2103.4 -52.4 -12.3 -21.7 10.7 -19
4.5 10.7 14.4
348.4 -56.8 41.2 -25.1 8.4 -2.4
1118 126.7 125.5 39.3 4.6 6.9
2107.2 -51.4 -13.5 -22.5 10.7 -18.7
4.5 11 15.6
348.8 -57.1 40.8 -25.5 8.2 -2.3
1120.5 128.5 125.8 39.4 4.3 7.3
2111.7 -50.6 -15.2 -23.3 10.6 -19
4.6 11.4 16.7
349.2 -57.5 40.3 -25.9 7.9 -2.3
1123.1 130.1 126 39.5 4 7.5
2116.6 -50 -17.1 -24.3 10.7 -19.1
4.8 11.8 18.2
349.5 -58.3 39.6 -26.5 7.4 -2.1
1125.5 131.7 126.6 39.9 3.6 7.6
2121.6 -49 -18.5 -25.4 10.1 -19.2
4.9 12.3 20.1
349.7 -59.4 38.5 -27.5 6.9 -2.1
1128.4 133.8 127.6 40.3 3.4 7.6
2127.4 -48.8 -20.5 -26.6 10.1 -19.7
5.3 12.8 22.5
349.7 -61 37 -28.8 6.1 -2.1
1130.8 135.5 129 41.1 3.1 6.8
2133.8 -48.9 -22.9 -28 10.4 -20.5
winner is: 10
