Regression analysis information for: KLH057a_2209
number of formants: 3
number of coeccicients: 5
4.9 33.5 17
426.4 -28 -1.7 -14.3 -10 3.8
1079 -65.8 245.3 63.4 112.3 42.1
2170.6 48.3 -26.7 -6 11.7 -1.5
4.9 34.2 17.4
426.1 -28 -1.8 -14 -9.8 4
1077.9 -66.9 245.8 64 112.7 42.2
2171.1 47.9 -25.8 -6.5 12.4 -1.8
4.9 34.4 17.6
425.9 -28 -2 -13.8 -9.5 4.1
1077.5 -66.5 246.1 65.1 114 42.5
2171.5 47.7 -25.2 -6.6 13.3 -1.8
4.8 34.8 18.2
425.7 -28 -2.2 -13.5 -9 4.5
1076.8 -67.4 245.7 65.7 115.4 43.5
2171.5 47.5 -24.7 -6.6 14.5 -1.8
5 34.7 18.5
425.6 -27.9 -2.9 -13.5 -9.1 4.4
1076.5 -67.2 244.2 65.8 115.1 42.9
2171.4 48 -24.9 -6.4 15.1 -1.8
5.1 34.7 18.8
425.5 -28 -3.4 -13.5 -9.1 4.3
1076.6 -66.3 243.6 66.6 115.5 43
2171.3 48.5 -25.1 -5.9 15.6 -1.8
5.1 34.6 19
425.7 -27.9 -3.8 -13.3 -8.9 4.4
1076.9 -66.3 242.7 67.1 115.6 43
2171.2 48.8 -25.3 -5.5 15.9 -1.8
5.2 34 18.7
425.8 -27.9 -4 -13.3 -9.1 4
1077.3 -65.6 241.8 67.2 115.1 42.1
2171 49.2 -25.9 -5.2 15.3 -1.9
5.3 33.5 18.3
426.4 -27.6 -4.6 -13.4 -9 4
1078.5 -64.6 241.1 67.7 115.2 42
2171.5 50 -26.5 -5 14.8 -1.8
5.5 32.8 17.7
427 -27.4 -5.2 -13.4 -9 3.7
1079.5 -64.9 239.8 67.4 114.7 41.3
2171.9 49.9 -27.1 -5.2 13.8 -2.2
5.7 31.8 16.5
427.9 -27.1 -6.1 -13.7 -9 3.6
1080.7 -63.9 239.2 67.8 114.2 40.8
2172.3 49.8 -28.5 -5.4 12 -2.1
6 31.3 15.8
429 -26.7 -6.9 -13.7 -8.8 3.5
1082.1 -63.6 239.2 68.4 114.1 40.7
2173.6 49.8 -28.3 -5.4 11.2 -1.7
6.2 30.9 15.3
430.4 -26 -8 -14.1 -8.7 3.4
1083.6 -62.4 240.2 69.5 114.2 40.9
2174.9 50.3 -28.2 -5.3 10.4 -1
6.6 30.8 14.9
432.2 -25.3 -9.4 -14.6 -8.4 3.2
1084.8 -61.3 242.4 71.1 114.1 41
2177 50.1 -27.2 -5.4 9.9 -0.5
7 30.7 14.4
434.4 -24.3 -11.3 -15.2 -8.2 3.1
1085.2 -61.3 245.1 72.9 113.3 41.3
2178.9 50.1 -26.7 -5.6 8.8 0
7.3 31.1 14.3
437.2 -23 -13.5 -16.4 -8 3
1084.8 -61.2 250.5 76 112.5 41.2
2181.5 49.1 -25.1 -6.3 8.6 0.4
8 32.4 14.2
440.8 -21.3 -16.5 -17.9 -7.8 2.6
1082.5 -62.2 258.9 80.4 110.7 41.8
2184.3 48.5 -23 -6.8 8.4 1
8.6 34 14.4
445.3 -18.9 -20 -19.9 -8.2 2.2
1077.7 -65.1 270.1 86.9 108.8 42.2
2187.2 47.9 -20.8 -7 7.9 2
9.7 38.9 14.7
450.9 -16 -24.7 -22.6 -8.3 1.4
1067.5 -69.3 290.6 96.5 102.7 42.5
2190.2 46.6 -17.9 -7.4 8 2.7
11 47.4 15.3
457.8 -12 -30 -26.2 -9.8 0
1049.5 -78.2 321.1 111.1 93.4 42.4
2193.2 45.1 -14.5 -7.9 7.9 3.4
winner is: 15
