Regression analysis information for: KLH033a_0189
number of formants: 3
number of coeccicients: 5
4.7 23.8 59.6
459.8 -58.7 -21.8 14.3 -6.1 6.4
2252.9 76.1 -76.8 15.6 27.3 -7.6
2461.6 177.8 -10.9 0.5 -5.8 -29.9
4.9 25.1 36.9
459.2 -59.1 -22.1 14.4 -6.3 6.7
2257.2 81.9 -59.4 9.8 18 4.1
2431.4 205.2 3.7 -13.3 -22.6 -15.4
4.9 23.4 30.2
458.9 -59.5 -22.6 14.3 -6.5 6.7
2264.8 88.6 -52.2 15.9 17.5 6.3
2420.1 203.5 -5.2 -24.7 -29.1 -21.4
4.9 18.3 41.5
458.7 -60 -23 14.4 -6.4 6.6
2274.8 90.3 -59 20.7 16.8 -1.7
2424 170.8 -35.6 -9.9 -39.2 -39
4.9 11.6 44.7
458.7 -60.8 -23 14.6 -6.1 6.8
2281.8 78.3 -58.5 12.6 -4.6 1.5
2440.9 121.8 -73 34.8 -1.8 -39.7
5 13 43
458.9 -61.4 -23.2 14.8 -5.8 6.9
2274.8 64.5 -71 1.2 -13.5 2.8
2475.2 55.9 -117.3 100.9 38 -23.9
5.1 12.3 38.6
459.4 -61.7 -23.5 14.7 -5.8 6.9
2263.5 47.4 -82.5 -5.1 -15.3 3.5
2552.5 13.2 -177 129.3 45.7 -33.7
5.2 11.8 36.1
459.8 -62.1 -23.6 14.7 -5.7 6.9
2260.3 43.9 -83.5 -4.6 -15.1 1.7
2605.6 -12.2 -208 125.9 61.3 -12.6
5.2 10.7 32.1
460.4 -62.6 -23.5 14.4 -5.6 6.9
2261 45.7 -79.5 -1.5 -13.6 -0.4
2649.7 -44.5 -184.1 99 29.7 16.6
5.2 11.9 26.3
461.1 -62.9 -23.2 14.1 -5.5 6.8
2270.6 63.7 -62.2 11.1 -5.7 0.3
2691.6 -73.5 -153.5 66.7 2 26.5
5.3 11.2 27.1
461.9 -63.2 -23.2 13.7 -5.3 6.8
2276.3 73.7 -51.5 19.3 1.3 3.8
2736.4 -105.4 -111.5 24.4 -19.1 22.8
5.3 10.1 31.7
462.7 -63.6 -22.9 13.2 -5.2 6.7
2281.4 81.5 -43.2 24.9 6.8 7
2771.6 -123.2 -69.5 -13.6 -17.5 -6.7
5.2 8.3 26.8
463.6 -64.2 -22.2 12.5 -5.2 6.6
2289.1 93.5 -30.9 34.4 15.7 13.5
2786.2 -126.7 -52.8 -31.2 -11.3 -24.7
5.2 7.7 29.3
464.6 -64.7 -21.6 12 -5 6.4
2293.2 98.7 -25.6 37 18.3 14.8
2803.3 -95.4 -31.8 -16.1 -4.3 -20.4
5.2 6.6 22.6
465.6 -64.8 -21.2 11.5 -4.9 6.2
2294.1 98.3 -26.2 34.9 16.6 12.7
2828.1 -52.2 4.4 13.1 16.8 -5.6
5.1 6.1 10.1
466.5 -64.9 -20.6 10.9 -4.9 6
2296 99.5 -25.6 33.7 15.4 11.4
2852.3 -11 39.8 41.7 39.6 13
4.9 5.8 7.4
467.3 -64.9 -20 10.3 -4.8 5.9
2298 101.1 -24.4 33.1 14.6 10.5
2864.8 8.3 56.3 53.7 49.6 22.6
4.8 5.6 5.9
468.1 -64.8 -19.5 9.8 -4.8 5.9
2299.9 102.6 -23.4 32.4 14.1 10.1
2868.9 10.6 56.4 51 46.6 21.8
4.8 5.6 4.9
468.5 -64.1 -19.4 9.8 -4.9 6.1
2301.2 104.7 -22.3 32.2 13.8 10.2
2871.9 14 58.4 49.8 44.8 22.3
4.7 5.5 4.4
468.9 -63.5 -19.2 9.9 -4.8 6.1
2302.8 106.6 -21.5 32.5 13.7 10.1
2875.7 17.9 59.6 50.2 44.7 22.2
winner is: 20
