Regression analysis information for: KLH033a_0808
number of formants: 3
number of coeccicients: 5
6 10.5 29
369.9 -34.8 -39.1 33.3 24.2 1.2
1785.4 -8.6 8 3.3 10.1 13
2301.9 -87.7 131.2 78.3 31.4 91.2
6.1 9.1 38.2
370.3 -35.8 -39.9 33.8 24.4 1.6
1790 -6.5 13.7 3.7 10.5 10.7
2360.9 -80.3 111 86.1 14.8 89
6.1 7.9 62.3
370.9 -37 -42 34.3 25.2 2.3
1796.2 -3.4 17 4.5 10.8 9.4
2455.1 -72.8 45.9 110.3 6 81.7
6.5 6.5 69.2
370.4 -38.7 -43.3 35.5 26.8 3.8
1800.9 -0.1 20.3 4.2 9.7 7.4
2510.9 -47.8 4.3 88.8 -2.9 68.3
7.5 5.3 74.7
368.8 -43.4 -46.7 37.7 30.2 6.7
1809.4 6.7 26.1 5.8 10.1 5.3
2607.9 -8.4 -79.6 65.9 12.6 48.9
9.6 5.8 57.3
364.4 -50.1 -50.4 40.5 35.4 12.4
1815.6 10.8 32.3 5.9 10.1 3.1
2638.1 -2.4 -97 59.5 17.8 32.4
13.5 5.9 40.6
358.1 -61.2 -57 43.7 44.2 20.9
1820.9 15.3 35.3 8.1 10.4 2.8
2684 29.3 -133.1 22.5 -16.9 -12.1
20.2 5.5 13.9
349.5 -75.3 -62.3 51 59 34.2
1824.3 17.7 36.2 8.7 10.5 2.7
2702.2 56.6 -118.1 16.3 -43.5 -40.8
166.2 102.4 170.2
436.1 68.1 -31.4 -22.9 -97.2 -140.6
1875.2 98 65.1 -20.4 -73 -97.7
2776.9 180.3 -73.7 -32.1 -165.7 -197.7
234.8 139 229
497 161.1 -19.2 -96.1 -240 -270.4
1916.6 158.6 68 -74.2 -158 -169.6
2849.9 276.2 -61.7 -113.9 -314 -312.3
163.6 95 161.1
419.7 50.8 -22.8 15.6 -65.2 -124.3
1875 92.2 71.7 -9 -52 -85
2788.8 174.5 -53.9 -17.6 -154.2 -185.6
164 95.1 161.4
418.3 51.2 -28.2 11.7 -70.9 -127.7
1876.5 92 74 -8.1 -50.5 -85
2792.4 172.3 -50.2 -17 -152.4 -185.1
162.3 94.7 162.9
422.9 58 -26.5 6 -80 -136.8
1875.6 91.2 74.2 -6.1 -49.7 -83.6
2792.6 172.6 -49.6 -13.7 -153.4 -184.1
162.3 95 163.7
419.3 57.5 -32.3 5 -82.8 -137.5
1877 91.2 76.9 -6.8 -48.6 -83.5
2795.7 170.6 -44.3 -15.8 -151.5 -182.9
10.9 4.6 16.6
348.4 -57.1 -85.7 34.9 26.1 7.1
1832.6 11.8 49 14.2 22.6 6.1
2721.2 33.7 -90.2 21.2 -30.3 -30.6
8.2 4.9 18.7
350.2 -50.2 -83.7 37.1 23.6 4.6
1832 9.2 48.5 12.7 22.6 6.2
2721.3 29.4 -89.4 19 -30.3 -30.2
6.9 5.7 19.6
350.7 -36.4 -85.7 41.9 16.9 2.2
1832.1 5.8 49.2 11.5 23.7 6.4
2722.3 20.5 -87 17.7 -28.5 -28.4
8.8 6.5 20.9
341.6 -22 -102.7 49.3 5.9 4.3
1833.7 4 52.6 11 25.1 5.7
2726.1 13.3 -79.1 16.9 -26.5 -29
145.3 66.5 93.6
396.2 -135.2 1 -57.7 95.4 -82.9
1862.7 -55.4 108 -41.5 69.7 -33.9
2766.8 -70.8 0.8 -57.2 34.9 -83.7
138.6 64.7 91.5
525.7 -407.9 240.2 -283.6 272.4 -228.3
1927.3 -180.5 221.8 -142.5 149.1 -94.8
2854 -235 146.4 -180.4 125.6 -144.9
winner is: 16
