Regression analysis information for: KLH033a_0459
number of formants: 3
number of coeccicients: 5
26.8 21.2 84.9
614.3 -39.5 -73.9 -11 -28.1 13.1
1365.6 220.6 -194.3 71.1 -21 1.5
2098 194.6 -63.5 81.7 -81.9 61.2
29.4 70.6 142.9
623.3 -66.3 -41.4 -33.2 -15.5 3
1371.2 198.2 -157.7 40.5 18.1 -35.1
2095.6 120.5 46.7 36.4 -28.4 -26
22.1 103.4 170.7
633.7 -84.1 -23.3 -47.3 -4.7 -3.7
1391.6 168.7 -110.6 4.2 63.1 -74.2
2150.2 71 85.1 -41 53.5 -75.8
13.8 81 131.1
640.7 -95.7 -7.4 -61.8 3.9 -4.7
1443.7 88.2 -14 -60.8 108.9 -79.9
2243.1 -32.7 178.3 -154.4 125.7 -71.8
17.4 66.2 113.6
648.2 -102.1 -4.4 -63.3 3.4 0.3
1481 56 27.1 -62.2 103 -38.8
2326.3 -54.1 158 -199.6 136.6 1.6
21.9 51.2 104.8
657.7 -107.6 -8 -60.7 3.4 4.1
1532.4 5.5 61.7 -39.2 60.7 35.7
2439.8 -66.8 68.4 -225.5 172.3 85
23.2 58.1 97.3
665.5 -111.9 -9.9 -55.6 0.6 4.3
1535.1 33.8 61.5 -34.1 81.6 13.4
2487.1 -34.3 22.5 -223.4 180.5 38.5
24.4 47.4 68.6
673.4 -119.8 -17.2 -47.7 -2.1 2.5
1566.4 -27.3 56.8 -9.5 21.6 52.9
2541.6 -105.4 9.9 -176.9 106.8 69.7
23 44 57.6
682.3 -123.4 -23.3 -38.4 -4.1 0.8
1592.2 -12.4 72.6 22.9 27.5 64.9
2597.9 -84.8 -15.8 -154.3 91.5 39.1
19.6 38.9 26.3
691.8 -128.7 -33.4 -27 -8.1 -4.8
1609.1 -16.5 67.5 41.3 17.8 62
2686.1 -98 -57.4 -109.5 -10 -3.6
16.9 32.7 29.7
699.5 -130.5 -40.9 -15.6 -12.7 -9.1
1626.8 -7.6 72.6 63.9 15.5 62.8
2725.8 -47.8 -30.3 -102.8 -28.1 -15.1
10.9 25.5 34.8
705.2 -131.6 -50 0.6 -23.7 -15.7
1641.3 -1.7 73.2 86.6 5.8 60.9
2747.5 -20.6 -9.9 -91.3 -24.1 -11.7
11.9 21.4 31
707.5 -126 -60.4 12.7 -32.7 -16.2
1652 13.5 74.9 102.8 0.8 63.5
2758.5 -8.8 3.7 -74.4 -14.6 -8.6
15.8 21.1 28.1
707.1 -116.4 -73.4 26.3 -42.6 -13.5
1656.5 24.6 69.1 115 -7 66.1
2764.7 -5.7 5.8 -68.1 -13.8 -8.5
18.3 19.7 26.1
698.6 -96 -85.7 37.8 -55.3 -5.7
1652.4 50.3 58.8 130.8 -18.8 72.4
2770.1 2.9 6.6 -60.5 -14.7 -8.6
17.3 19.5 26
691.5 -83.4 -88.6 36.9 -53.9 -9.3
1646 71.5 54.8 135.3 -16.3 66.7
2771.6 12.1 6.7 -56 -14.4 -11.3
16.2 21.6 26.3
686.5 -71.7 -93.7 41.3 -55.6 -10.3
1640.2 99 48 147.5 -15.4 62.7
2771.6 30.5 4.3 -45.4 -15.5 -12.8
15.6 21.9 25.9
684.4 -64.9 -93.6 38.7 -54.3 -10.3
1639 113 48.6 147 -12 58.5
2773.8 41.9 3.3 -41.9 -15.4 -15.3
14.3 26.4 28.8
678.6 -56 -94.1 34.3 -51.9 -11
1629.4 129 43.4 142.1 -4.8 49.7
2767.4 55.8 -3.9 -41.4 -14.8 -22.4
13.1 25.7 29.7
676.1 -53.5 -90.4 30.1 -51.7 -7.8
1628.4 134.2 48.3 139.8 -2.7 51.5
2767.8 60.5 -1 -41.1 -14.9 -21.7
winner is: 16
