Regression analysis information for: KLH033e_0055
number of formants: 3
number of coeccicients: 5
2.3 21.1 42.7
483.5 -18.6 22.8 7.6 1.8 -11.4
1233.6 -64.1 102.1 -9.3 43.5 24.1
2359.7 -12.8 14.7 21.6 -19.3 4.6
2.6 21 40.7
486.1 -16.4 22 7.7 1.7 -12.2
1244.2 -57.5 98.7 -9.2 43.4 26.1
2401 5.6 9.6 31.2 -31.6 2.2
3.4 22.2 43.5
490.4 -13.4 21.2 7.7 1.9 -13.3
1261.7 -51 95.6 -10.4 44 29.8
2469.4 26.6 12.5 43.7 -54 -5.4
4.6 24.6 58.2
496.1 -9 20.3 7.4 2 -14.8
1285.5 -38.8 90.7 -15.1 46 34.9
2567.6 73 22.9 55.3 -92.2 -36.6
6.3 29.1 52.1
503.7 -3 19.2 7.2 2.4 -16.9
1319 -19.1 81 -24.2 50.1 43.6
2669.2 78.4 5.4 92 -103.7 -34.6
8 36.6 60.7
512.9 4.2 18.2 6.9 2.8 -19.1
1365.4 9 64.3 -46.3 50.5 60.4
2783.5 52.4 -37.6 126.3 -83.8 -8.7
9.8 45.8 29.4
522.4 11 17.7 7.4 4.1 -21.4
1412.4 34.4 48.2 -67.5 50 73.5
2870.7 70.4 -108.8 44 -56.2 42.8
10.3 51.2 16.4
530.6 15.1 15.9 7.6 5.2 -23.4
1450.4 46.2 36.5 -78 50 77.3
2894.1 51.4 -104.3 23 -33.1 19.6
9.6 58.3 15.6
535.9 16.5 16.6 8.8 5.6 -25.2
1475.6 45.9 36 -77.8 52.2 75.9
2913.4 19.3 -73.6 -5.7 -7.5 -4
9.6 62.8 17.4
537.3 13.7 16.3 8.5 7 -26
1486 35.7 36.6 -82 57.6 74.5
2919.3 12.7 -67.2 -11.7 -2.6 -9.3
7.6 66.2 16.5
536.2 7.5 15.7 8.6 9.4 -25.4
1488.1 16.5 40.5 -80.4 66.7 75.4
2921.7 11.2 -66.8 -11.9 -2.7 -9.1
7.7 62.8 16.1
532.7 -0.5 15.8 8.5 11.6 -25.7
1475.1 -11.7 49.5 -72.7 77.3 70.2
2922 7.7 -66.3 -12.6 -1.6 -8.3
7.7 60.5 15.3
529.2 -6.1 17 8.7 12.5 -25.6
1460.3 -32.7 62 -64.7 79.6 62.4
2920.6 2.6 -65.4 -12.4 0.2 -6.7
7.5 56.6 15.9
527 -9 18.8 8 12.1 -25.9
1449.2 -43.5 75.8 -60.1 77.3 53.6
2918.5 -0.8 -63.6 -12.8 0.8 -6.5
6.7 52 16.2
525.1 -11.1 19.9 7.3 11.9 -25.9
1439.9 -51.2 84.2 -57.6 76.2 46.5
2916 -4.1 -62.4 -13.3 1.4 -6.8
6.3 48.8 16.6
523.8 -11.5 21 7 11.2 -26.1
1434.3 -53.8 89.6 -55.9 74 41.6
2913.9 -5 -60.1 -13.9 0.8 -8.1
6.1 47.1 16.8
523.1 -11.8 20.9 7.3 10.9 -26.1
1432.2 -54.4 89.2 -53.9 74.3 40.2
2912.7 -5.9 -60.1 -13.6 1.4 -8.7
5.7 45.4 17.3
523 -10.8 21.2 8.1 10.4 -26.2
1431.4 -52.1 89.1 -50.6 73.1 40.1
2912.4 -4.4 -59.4 -12.4 0.7 -9.7
5.4 45.2 17.4
523.9 -9.3 22.1 8.5 9.9 -26.3
1433.9 -50.3 89.7 -49.6 72.1 42.2
2914.3 -2.3 -58.1 -11.9 -0.4 -10.3
5.5 45.8 17.7
525.5 -7.6 22.3 8.9 9.2 -27.1
1437.4 -48.2 88 -49.1 71.5 44.5
2917.3 -0.2 -58.4 -11.2 -1.8 -11.2
winner is: 2
