Regression analysis information for: KLH033b_0413
number of formants: 3
number of coeccicients: 5
1.7 12.9 19.9
434 19.1 -51.8 -0.6 -4.8 2.7
1859.6 56 -84 23.6 -14.6 14.4
2430.9 -37.2 62.8 -47.9 -19.4 33.9
1.5 15.4 16.5
433.4 18.9 -51.2 -0.2 -4.9 1.9
1851.5 58.5 -73.7 18.7 -13.5 9.2
2424.5 -41.2 69.8 -39.4 -21.2 20.8
1.5 13.5 15.2
433.5 18.8 -51.5 -0.2 -4.8 1.7
1856.2 51 -72.3 16.6 -6.4 3.1
2428.4 -46.6 65.2 -34.8 -17.9 17.2
1.5 12.8 16.2
434 18.8 -51.6 -0.2 -4.8 1.5
1868 38.6 -72.3 18.9 -2.8 -2.9
2438.2 -51.7 59.8 -27.9 -18.5 16.2
1.5 12.9 17.2
434.7 18.4 -51.9 0 -4.6 1.4
1884.9 19.6 -73.2 21.3 3.6 -11.7
2450.7 -58.5 49.2 -20.1 -18.5 17
1.6 13 15.3
435.6 18.3 -52.2 0 -4.5 0.9
1904 -1.9 -69.3 18.8 14.7 -27.5
2466.3 -63.4 34 -7.9 -17.1 10.5
1.6 17.6 14.9
436.8 18.1 -52.8 -0.2 -4.5 0.6
1931.6 -36.1 -58.8 11.9 20 -32.1
2497.3 -78.1 0.1 16.2 -17.6 6
1.7 19 23
438.1 17.7 -53.3 -0.3 -4.4 0.2
1960.3 -73.7 -37.8 -3.4 30.4 -38.3
2536.8 -93.5 -46.3 52.4 -10.7 -6.7
1.7 16.2 22.5
439.7 17 -54.2 -0.4 -4.4 0.1
1995.2 -120.7 -10.8 -23.2 38.6 -37.9
2577.8 -113.1 -87.3 88 -20.9 -9.1
1.7 12.4 19.3
441.3 16.2 -55.1 -0.7 -4.4 -0.3
2036.6 -178.7 29.6 -46.9 44.6 -27.2
2603.3 -118.6 -103.8 110.4 -36.6 0.1
1.6 13.3 37.9
442.9 15.4 -55.9 -1.7 -4.8 -0.4
2063.5 -210.6 54.1 -67 53.9 -29.1
2638.6 -155 -62.7 59 7.3 -32.2
1.7 8.7 28.6
444.5 14.1 -57.2 -2.5 -5.3 -0.5
2074.7 -213.8 52.8 -66.6 49.8 -26.3
2662.9 -172.1 -42.5 32.8 22.8 -35.9
1.9 7.5 20.8
445.6 12.7 -59 -3.7 -6.1 -0.5
2082.5 -211.6 50.6 -66.3 46.5 -23.2
2681.3 -177.3 -30.7 16.5 31.2 -35
2.3 7 17.6
446 10.7 -61.4 -5.7 -7.3 -0.8
2089.4 -210.1 49.9 -66.4 44.5 -19.6
2694 -174.7 -26.1 11.3 34 -27.1
3.1 6.7 19.1
446.1 8.5 -64.1 -7.8 -8.9 -1.2
2095.8 -209.7 49.7 -66.4 42.4 -16.5
2702.5 -168.2 -25.4 9.2 35.5 -22.1
5.2 6.4 20
445.1 4.1 -68.9 -11.3 -12 -2.9
2102.1 -208.5 49.8 -65.3 40.9 -14.5
2711 -160.9 -23.5 9.4 37.8 -17.9
8.6 6.5 21.3
442.5 -2.1 -75.3 -16.3 -16.8 -5.9
2106.6 -207.1 50.5 -64.6 38.9 -12.8
2717.3 -154.4 -21.3 9.7 38.2 -14.3
14.3 6.4 22
438.8 -9.9 -83.6 -23.3 -23.4 -11.3
2109.5 -206.3 50.6 -63.8 38.1 -10.9
2721.5 -150.1 -20.2 10.8 39.9 -11
19.9 6.3 22.5
434.4 -17.8 -92 -30.3 -29.9 -16.7
2111.8 -204.4 50.5 -63.6 36.7 -10.9
2724.4 -145.6 -20.5 10.4 39.2 -10.8
105 47.7 138.4
497.1 105.2 31.8 89.5 90.1 97
2136.5 -151.8 97.5 -14.9 83.8 34.6
2786.2 -21.1 98.1 128.4 155.5 100.7
winner is: 14
