Regression analysis information for: KLH033b_0762
number of formants: 3
number of coeccicients: 5
33.6 55.8 96.6
667.3 128.1 -121.6 22.4 30.1 34.9
1755.6 -368.4 -120.6 179.2 -81.3 16.7
2397.6 -196.2 67.3 8.8 -36.9 -23.9
33 58.5 87
658.5 127.9 -117.3 27.7 32.9 32.5
1738.5 -351.6 -138.7 212.2 -100.8 24.4
2367.1 -216.5 89.6 49.3 -29.4 -37.8
33.6 51.5 82.6
654 131 -114.9 27.7 35.1 32.7
1728.7 -333.6 -160.2 238.5 -112.5 25.7
2355.5 -210.3 101.3 54.3 -31.3 -37.9
33.2 51.5 79.6
651.1 132.1 -113.4 28.3 39.4 34.6
1714.8 -319.3 -157.6 238.7 -117.9 43.3
2337.2 -197.3 120.3 37.1 -19.4 -12.6
33.5 50.3 79
652 135.6 -111.9 26.9 41.1 35
1718.2 -314.1 -162.9 237.3 -104.4 34.6
2340.7 -177.1 127.5 25.4 -11.6 -13.4
33.1 51.4 74.7
654.3 139.5 -110.6 26.2 43.4 36.7
1718.4 -303.5 -163 223.4 -78.9 24.4
2347.6 -157.4 140.9 13.1 -10.8 0.9
32.9 52.3 72.6
658.8 144.8 -109.7 25.2 45.9 38.8
1725.2 -299.8 -160 212.8 -62.7 20.6
2367.6 -137.4 138.6 9.7 2.4 5.5
33.2 49.7 79.9
665.4 151.4 -110 22.1 47 40.8
1738 -302.1 -155.5 203.7 -53.7 16.5
2400.2 -119.6 116.6 12 16.8 -5.8
33.7 51.2 92.8
674.2 159.8 -110.7 17.7 47.6 43
1752 -314.9 -153 186.8 -56.8 11.4
2442.6 -83.1 102 15.6 45.4 2.2
33.9 54.7 102.1
685.2 170.5 -112 11.9 47 44.2
1771.6 -315.8 -128.7 176.9 -55.2 28.6
2487.1 -30.1 117.4 47.6 90.3 25.6
33.5 58.3 117.7
700.4 186.4 -113.7 1 40.3 41.6
1802.4 -345.4 -106 166.4 -48.7 16.7
2531.5 -8.4 91.7 50.3 135.8 34.5
35 58.9 121.7
721.4 210.8 -114.5 -16.4 23.2 31.4
1847.5 -380.4 -79.9 137.4 -32.8 0.4
2620 66.8 55.4 -19.2 143.8 50.7
37 79.6 92.6
742.6 234.9 -116.2 -36.4 2.7 18.3
1890.3 -448.5 -24.1 111 -9 -4.4
2693.3 117.4 90.7 -92.7 94 -4.5
40.4 70.6 80.2
759.4 253.1 -117.8 -51.9 -14 6.2
1921.3 -456.4 -16 95.1 -36.7 -3
2721.4 125.2 79 -134.9 52 -17.6
44.3 71.1 72.9
769.9 265.3 -115.8 -58 -22.5 -0.5
1942.2 -466.9 -5 98.6 -50.6 4.6
2748 121.7 106.1 -124 55.7 -5.4
46 76.3 78.1
775.8 270.6 -115.4 -61.6 -27.9 -4
1950.6 -467.9 -0.1 98.9 -59.8 12.7
2775.1 80.9 122.9 -118.5 40.2 1.2
47.8 56.6 84.5
779 272.4 -115 -63.1 -31.3 -5.8
1968.5 -497 31.7 70.4 -32.3 -12.9
2809.4 29.5 145.5 -118.4 23.4 16.2
49.7 64.9 89.5
778.6 270.5 -112.8 -61.8 -33.5 -6.3
1961.1 -485.6 26 72.8 -24.1 -26.3
2832.6 -5.8 158.4 -109.3 -1.8 41
50.8 60 80.6
777.7 268 -110 -58.2 -33 -4.4
1971.4 -509.7 42 72.6 -26.8 -8.6
2858.5 -48.4 180.3 -106.4 -24.9 72.3
50.2 58.3 75.9
774 261.7 -106.6 -51.8 -29.2 0.2
1972.6 -522 50.9 73.9 -21.9 -3.4
2866.7 -61.9 186.3 -100.1 -36.3 82.7
winner is: 7
