Regression analysis information for: KLH033e_0430
number of formants: 3
number of coeccicients: 5
43.3 78.1 240.2
634.1 -27 -16.3 -7.9 24.8 -7.4
1280.2 -67.5 24.4 -35.3 23 -56.7
2660.4 -19 58.5 -17.4 -132.6 88.3
42.8 76.9 170.5
645.8 -29.8 -20.8 -7.8 24.6 -2.1
1286.4 -68.8 24.2 -34.5 22.9 -52.9
2785.8 1.3 -21.1 -49.1 -164.6 59.8
41.8 74.6 152.7
652.5 -31 -24.8 -6 26.4 4.4
1290.1 -70.7 24.4 -33 23.8 -47.7
2826 15.4 -10.6 -62.5 -161.9 46.2
42.9 76.3 85.4
661.8 -42.7 -17.4 -17.5 33.3 -4.1
1296.3 -76.4 32.4 -37.3 28.4 -48.9
2905.6 9.2 -68.7 -3 -97.7 -38.6
54.2 119.9 91.8
680.1 -66.4 16.2 -41.2 69.3 -26.4
1330 -138.4 96.3 -96.2 87.8 -102
2936 0.8 -19 -10 -46.1 -50
53.1 117.9 96.1
679.9 -62 22.9 -41.7 75.4 -30.4
1332 -137 101.8 -96.1 90.5 -101.5
2942.3 35.1 -8 16.9 -32.6 -38.4
52.8 113.3 106.1
681.1 -58.6 27.6 -40.6 77.9 -30.8
1333 -133.1 103.3 -92.4 89.5 -96.7
2944.9 57.9 -2.1 34.4 -24.8 -33
51 104.5 39.8
679.3 -56.2 29.9 -41.4 78.4 -27.1
1336.3 -139.5 109.6 -95.6 89 -91.8
2991.1 -21.7 64.8 -5.1 -12.4 -13.2
53.6 99.9 39.7
675.6 -46.5 25.6 -33.5 74.4 -19.2
1341.8 -147.8 119.2 -100.8 92.9 -90.8
2994.6 -15.4 70 -1.7 -9.4 -12.4
45.5 86.1 39.6
693.1 -80.4 61.7 -64.3 102.8 -41
1375.2 -213 181.5 -155.5 138.7 -126.2
2997.3 -10.9 72.6 -0.9 -8.2 -12.4
46.1 99.2 41
693.7 -77.8 62.3 -64.4 103.9 -40.7
1375.3 -212.2 183.3 -158 143.8 -133.3
2999.7 -8.5 75.2 -2.5 -6.3 -12.8
45.8 95.7 37.2
689.6 -70.2 52.4 -60.6 97.4 -37.8
1365.9 -193.7 166.6 -142.4 130.5 -122
2999 1.3 75.6 3.3 -5.2 -1.5
46.7 112.8 43.6
697.4 -73.4 68.3 -61.9 104.9 -36.2
1385.4 -228.3 203 -172.6 159.4 -145.3
3002.8 -0.3 86.3 -3.3 -3.7 -5.3
47.3 119.2 44.8
698.8 -70.9 68.2 -60.8 104.9 -36.4
1379.2 -215.5 192.9 -164.4 155.3 -144.9
3004.5 1.8 88 -3.9 -3.7 -4.8
48.8 134.1 44
702.1 -67.6 69.5 -58.1 104.7 -34.2
1378.9 -214.2 193.6 -166 160.2 -151.7
3009.5 6.8 90.2 -1.8 -3.1 -3.2
49.9 136.7 44.1
707 -63.4 71.6 -55 107.2 -31.7
1378.8 -213.6 194.5 -165.7 162.1 -153.3
3017.7 12.7 89.2 1.2 1.2 -2.1
51.5 144.4 43.3
711.5 -56.4 71.8 -51.3 110 -29.8
1380.9 -218.6 201.4 -170 169.4 -159.6
3026.8 20.6 83.8 4.5 5.7 -1.9
51.7 156.9 120
711.1 -48.7 62.1 -45.1 104.3 -25.1
1394.8 -252.6 231.4 -200.6 195.7 -184.9
3073.6 -56.1 155.4 -61.8 72 -53.4
52.4 171.5 41.4
723 -50.7 75.8 -45.5 114.9 -24.8
1396 -241.2 238.3 -191.4 204.7 -181
3045.6 25.4 78.4 10.5 17.1 -5.7
53 192.4 46.2
728.4 -46.4 75 -42.8 116.9 -22.9
1408.2 -217.7 271.3 -167.9 236.3 -161.2
3059.6 22.6 79 6.4 27.5 -12.2
winner is: 10
