Regression analysis information for: KLH033a_0260
number of formants: 3
number of coeccicients: 5
2.2 5.4 15.9
357.9 44.1 -2.6 -1.1 7.2 -1.9
1808.2 -23.6 30.6 5.6 -0.2 6.7
2497.3 -118.6 106.5 -5 -45.3 34.3
2.2 5.3 16
358 44.2 -2.7 -1.2 7 -2
1814.1 -16.4 31.8 2.7 -2.9 5.1
2499.7 -119.2 104.6 -3.6 -46.8 33.6
2.2 4.9 16.7
358.3 44.3 -2.7 -1.3 7.1 -2.1
1822.4 -10.2 29.6 2.8 -4.3 2
2508.7 -126.8 95.7 9.5 -53.6 27.7
2.2 5.1 18.6
358.8 44.9 -2.9 -1.3 7.3 -2.3
1838.9 6.2 30.7 2.6 -2.7 1.7
2518.4 -134 86.5 20.9 -59 22
2.3 5.2 15.5
359.5 45.8 -3.1 -1.2 7.4 -2.5
1859.7 29.2 33.6 2.2 -2 0.9
2523.5 -135.8 79.2 24.2 -56.9 16.3
2.4 5.5 17
360.3 47.2 -3.1 -1.3 7.6 -2.7
1889.2 64.3 39 1 -0.7 1
2529.7 -141.1 68.9 31 -56 8.5
2.4 6.4 24.8
360.7 49.4 -3.2 -1.9 8.2 -2.9
1929.7 110.4 43.4 -2.4 0.1 1
2541.3 -155.5 48.7 49.9 -56.4 -9.8
2.6 7.2 20.8
361.2 51.8 -3.2 -2.3 8.7 -3.4
1978.4 171.9 55.3 -8 -1.8 1.5
2541.2 -163.9 42.1 54.1 -50.9 -12.9
2.8 12.2 14
362 55.2 -3 -2.8 9.2 -3.5
2062.1 277.7 67.5 -26.6 -2.1 11.8
2537.6 -179 35.8 71.5 -41.3 -25.8
2.7 9.9 27.6
362.1 58.4 -2.6 -4.4 10.2 -3.4
2124.8 332.9 25.7 -69.3 -2.5 16.3
2560.5 -151.7 56 107 -23.1 -31.6
3.1 8.2 19
361.9 63.2 -1.7 -6 11 -3.3
2126.8 324.8 16.9 -59 8.9 9.8
2691.7 28.7 99.9 91.1 -35 -41.5
3.9 8.4 18.7
359.6 68 -2.5 -8.9 11.7 -3.4
2131 320.8 11.7 -53.2 14.4 5.1
2746.7 69.6 45.2 21.9 -47.1 -22.2
5.2 8.7 7.5
356.9 74.7 -2.7 -11.2 12.6 -3.4
2135 317.8 6.1 -50.3 17.9 2.3
2767.2 71.7 11.5 13.3 -16.4 -5
5.8 8.8 13.6
354.7 77 -0.6 -14.2 12.3 -0.8
2137.6 317 2.8 -48.9 19.7 0.1
2768.3 73.5 12.4 9.7 -17 0.2
8.1 8.6 4.1
347.5 86.5 -1.2 -18.3 14.5 -2.1
2140.1 314.4 1.8 -47.9 20.7 -1.2
2776.7 70.9 0.6 13.6 -5.9 -4.3
11.3 8.7 4.1
336.2 101.1 -0.6 -25.9 18.1 -2.2
2143.3 312.1 -0.7 -46.7 22.1 -2.6
2779.2 68.6 0.3 13.7 -5.9 -4.2
15 8.7 4.1
326.3 113.2 1.7 -32.3 18.5 0.4
2145.9 310.7 -3.3 -45.8 23.3 -3.9
2781.1 67.4 -0.4 13.4 -5.5 -4.2
18.4 8.8 4.3
317.4 125 -2.4 -34.4 21.5 -3.6
2146.3 309.3 -3.1 -46.1 24 -3.9
2781.2 64.9 -0.8 13.4 -5 -4
23.4 8.9 4.3
302.1 146.3 -6 -41.2 27.3 -7.4
2147.4 308 -3.1 -45.9 24.5 -4.6
2782.7 63.9 -0.8 13.3 -4.6 -4.2
308.7 158.9 302.7
507.6 -179.2 206.5 -57.5 -87.1 272.6
2243.7 147.4 114.5 -63.7 -33.5 135.2
2972.4 -250.1 224.2 -19.9 -115.2 267.4
winner is: 15
