Regression analysis information for: KLH033b_0943
number of formants: 3
number of coeccicients: 5
6.8 10.4 29.2
645.7 78.8 -28.3 -10.1 -6.9 3.9
1549.1 144.3 144.5 -80 54.5 -2
2301.6 -134.9 111.7 -47.9 49.7 -31.6
6.8 9.2 21.4
647 78.6 -30.5 -7.2 -10.2 5.5
1556 138.3 139.2 -71.2 44.2 3.7
2328.6 -152.9 99.4 -36.8 25.4 -22.1
7.3 12.2 21.3
648.6 78.4 -33.7 -3.3 -13.8 7.5
1564.3 132.2 128.2 -56.8 31 12.5
2351.3 -158.9 67.1 -29.1 27.8 -30.5
7.7 15.2 21.2
650.4 79.5 -38 0.6 -17.2 8.7
1567.6 140.9 105.9 -36.9 16.1 19.3
2371.4 -128.7 19 -27.8 28.2 -31.9
8.3 18.2 17.4
654.4 77.6 -40.3 3 -19.9 9.9
1581.3 134.1 95.5 -25.2 6 26.7
2402.1 -103.7 -10.8 -48.3 17.8 -10.9
8.6 20.6 17.1
658.4 76.7 -42.8 4.4 -20.9 9.9
1595.1 128.9 86.9 -18.7 5.4 27.4
2429.7 -80.2 -14.9 -65.6 4.2 -9.6
8.6 20.5 12.9
662.5 76.8 -46.2 4.9 -20.6 8.6
1609.3 123.1 77.6 -16 9.1 23.2
2450.8 -66.7 -7.2 -76.3 -6.2 -22.3
8.9 21.2 12.6
667.1 77.8 -49.5 5.1 -20.7 7.3
1622.1 121.8 70 -13.2 12.8 20.3
2468 -50.3 4.6 -75.5 -6.7 -28.2
9.3 22.5 13.6
671.9 79.5 -52.2 3.4 -19.9 5.5
1633.7 120.5 66 -15.7 19.2 16.7
2482.9 -42.4 17.2 -76.8 -2.2 -31
9.4 22.7 13.3
675.9 82 -53.4 0.6 -19.3 3.8
1643.2 118.6 68.5 -22.2 27.4 12.7
2498.2 -38.2 35.5 -79.4 9.1 -32.5
9.2 21.4 13.1
678.7 86.6 -55.7 -2 -17.3 0.8
1646.7 124.8 65.3 -27.2 38.8 4
2506.5 -26.1 45.3 -78.5 20.9 -35.5
9.7 22.4 12.7
681.5 89 -54.7 -4.5 -17.5 0.5
1652.5 122.7 71.2 -32.9 42.9 4.8
2517.7 -23.4 60.2 -78.9 29 -32.4
9.6 22.4 13.5
683.7 91.2 -53.3 -6.5 -18.6 0
1656.4 122.1 76.3 -36.9 45.2 4.6
2525.9 -19 71.4 -78.3 35.6 -30.3
9.5 21.1 14.4
684.4 93.2 -51.7 -8.5 -18.5 0.1
1657.5 122.6 82.2 -43.3 49.8 3.6
2531.3 -16.3 81 -80.9 43.8 -32.1
8.8 19.2 15.6
684.1 92.9 -48.2 -7.9 -19.3 1.1
1659.2 117.3 92.5 -46.2 48.3 5.1
2537 -19 93.3 -81.9 48 -30.8
8.9 18.1 16.3
683.5 92.9 -45.3 -7.3 -19.8 1.2
1658.5 115.8 99.7 -48.4 48.1 5.6
2539.1 -18.9 101.3 -81.8 51.1 -31.2
9.3 19.2 16.8
683.7 90.7 -43.1 -6.6 -19.4 3.1
1662.3 107.9 107.8 -50.2 47.3 10.2
2544 -25.4 111 -82.4 53.6 -26.4
9.6 19 17.8
683.8 89.5 -41.4 -6.1 -18.9 3.3
1664.8 101.6 114.8 -53.1 49.6 9.4
2547.8 -32.1 120.1 -85.2 58.5 -27.5
9.6 18.8 18.6
684.2 88.3 -40.4 -5.8 -18.7 4
1668.2 94.4 120.5 -56 51.1 9.6
2551.8 -39.6 127.8 -88.8 63.1 -28.2
10 19.4 19.9
684.6 86.8 -39.1 -6 -18.1 4.2
1672 87 127.4 -60.2 54.6 8.4
2556.4 -49.1 136.9 -94.2 68.6 -30.3
winner is: 2
