Regression analysis information for: KLH033e_0164
number of formants: 3
number of coeccicients: 5
1.1 13.8 8.7
490.5 -69.9 -2.5 -7.7 -1.9 -0.8
2318.8 -30.2 -51.1 -34.5 -29.5 -15.1
2553.8 -30.9 -4.1 -0.1 -6.3 9.4
1.1 15 10.4
488.7 -68.9 -1.3 -7.9 -1.6 -0.6
2328.8 -33.5 -50 -28.6 -25.6 -17.2
2550.3 -29.1 0.2 3.4 -6.4 13.6
1.1 16.2 13.9
487.8 -67.9 -0.9 -7.8 -1.3 -0.8
2336.5 -34.5 -42.3 -21.9 -24 -18.4
2546.1 -22.1 -0.1 8.7 -7.2 19.1
1.1 17.4 15
487 -67.4 -0.2 -8.1 -1.1 -0.7
2340.1 -35.6 -37.6 -13.2 -24.7 -20.1
2541.5 -17.4 3.6 8.2 -5.8 23.4
1 20.8 15
486.3 -66.8 0.3 -8.3 -0.8 -0.6
2341.9 -35.1 -26.8 -6.4 -27 -18.2
2534.7 -8.1 4 7.8 -3.4 26.6
1 25.7 16.3
486 -66.4 0.3 -8.2 -0.5 -0.6
2339.5 -31 -18.9 3.1 -27.9 -10.7
2529.2 3.9 -0.4 12.2 0.5 27
1 33.3 16.9
485.9 -66 0.5 -8.3 -0.2 -0.8
2340 -17.5 -5.4 0.8 -21.4 -14.8
2525.2 7.4 -1.6 7.7 8.2 22.3
0.9 28.6 15
485.9 -66.1 0.4 -8.2 -0.2 -0.6
2335.2 -22.9 -14.3 2.3 -22.7 -5.9
2526.6 9.3 -1.7 10.1 7 22.4
0.9 27.6 13.9
486.1 -65.9 0.2 -8.4 0 -0.6
2343.3 -15.9 -15.7 -3.7 -14.1 -7
2525.8 11.3 -2.7 9.8 11.3 19
0.9 26.8 17.4
486.3 -65.7 0.3 -8.6 0.1 -0.5
2351 -2.6 -8.8 -12.8 -11.4 -5
2529.6 7.9 2.5 11.6 13.9 23.9
0.7 21.5 17.2
486.8 -65.6 0 -8.6 0.3 -0.5
2364.2 0.1 -22.1 -16.3 -5.3 -8.5
2532 7.5 5.7 13.3 16.5 23.1
0.7 19 17.2
487.3 -65.5 -0.2 -8.6 0.3 -0.5
2381 5.7 -34 -22.5 -4.7 -10
2535.5 5.2 12.9 15.9 21.2 23.8
0.7 16.4 17.1
487.8 -65.4 -0.4 -8.8 0.3 -0.4
2401 11.2 -49.1 -34.1 -12 -5.3
2541.7 2.5 28.6 21.4 28.8 25.1
0.7 14.3 18.8
488.7 -65.3 -0.4 -9 0.4 -0.3
2424.9 21.2 -62.7 -46 -19.7 -6.7
2556.4 0.2 55 24.6 42.3 28.8
0.7 12.5 20.3
489.7 -65.1 -0.6 -9.1 0.2 -0.2
2430.6 15.4 -60.9 -33.1 -26 -13.8
2592.7 19.1 60.2 5.8 39.4 43.2
0.7 9.5 22.8
490.8 -64.8 -0.8 -9.3 0 -0.2
2431.3 11.7 -58.1 -27.5 -23.8 -14.6
2644.4 43.8 64.1 -8.4 26.4 41
0.7 8.6 28.3
492 -64.6 -1 -9.5 -0.2 -0.1
2432.3 10.6 -53.7 -26 -22.7 -12.8
2710.8 83.5 79.4 -22.6 5.1 32.5
0.7 8.2 28.6
493.4 -64.3 -1.2 -9.7 -0.6 -0.1
2434.1 10.3 -50.6 -24.8 -22.2 -11.5
2785.5 142.3 96.5 -46.6 -44 -2.6
0.7 7.7 11.5
494.9 -63.9 -1.4 -10 -0.9 -0.2
2436.4 10.7 -48.1 -23.7 -21.5 -10.7
2834.2 170.1 108.1 -52.6 -63.9 -30.6
0.7 7.5 8.2
496.3 -63.5 -1.5 -10.2 -1.4 -0.2
2438.9 10.8 -46.4 -22.7 -21.2 -9.8
2857.7 158.5 100.5 -53.9 -65.7 -23.4
winner is: 20
