Regression analysis information for: KLH033e_0230
number of formants: 3
number of coeccicients: 5
2.3 106.4 15.1
314.4 25.1 -5.5 -0.6 -3.8 -3.7
2390.4 49.8 -116.6 107.5 16.9 -86.1
2911.4 23.9 -27 -17.5 -12.8 -17
2.3 116.1 16.1
314.3 25.2 -5.4 -0.4 -3.7 -3.6
2396.3 62.4 -122.6 107.7 25.8 -99.9
2911.8 22.1 -23 -18.5 -16.1 -15.7
2.3 125.7 20.2
314.1 25.2 -5.5 -0.3 -3.7 -3.5
2375 77.9 -109.6 82.4 40 -105.7
2908.7 22.9 -23.8 -15.8 -22 -10.4
2.3 112.9 25.8
313.9 25 -5.5 -0.3 -3.7 -3.5
2324.9 71.9 -81.1 70.2 26 -91.5
2910.2 13.8 -21.4 -12.3 -29.3 -2.4
2.3 77.9 13.9
313.8 24.9 -5.5 -0.4 -3.7 -3.5
2256.2 53.8 -65 37.1 41 -84
2900.9 22.6 -22.5 -23.1 -12.6 -14.1
2.2 57.6 13.9
313.8 24.8 -5.5 -0.4 -3.7 -3.5
2235.4 25.5 -48.1 45.7 35 -73.6
2902 20.4 -21.6 -23.1 -11.6 -14
2.2 52.4 14.2
313.8 24.8 -5.5 -0.4 -3.7 -3.5
2262.7 -3 -54.5 70.8 20.2 -64.8
2904.3 18.6 -20.7 -23.6 -10.5 -14.6
2.2 56.7 14.8
313.9 24.8 -5.5 -0.4 -3.7 -3.4
2307.7 -33 -73.1 101.3 4.2 -56.3
2906.1 18.1 -19.9 -24.4 -9.8 -14.6
2.2 68.8 15.7
314 24.8 -5.5 -0.4 -3.8 -3.4
2369.9 -58 -90.5 140.7 -16.1 -41
2906.3 20.2 -20.4 -24.4 -10.6 -13.7
2.2 87.5 29.2
314.2 24.8 -5.5 -0.4 -3.8 -3.3
2469.4 -86.3 -145 192.6 -24.3 -29.7
2915 7.7 -17.3 -14.5 -31 2.4
2.2 90.5 68.7
314.4 24.8 -5.6 -0.3 -3.7 -3.2
2561.6 -81.4 -188.2 217.3 -19.7 -23.2
2958.5 -28.2 -61.7 32.3 -44.5 10.9
2.2 101.6 82.2
314.6 24.9 -5.6 -0.4 -3.7 -3.1
2630.8 -35.4 -176.7 195.3 -26.5 13.5
3021.1 -70.7 -153.2 100.3 -26.5 -28.9
2.2 108.4 78.4
314.8 25 -5.6 -0.4 -3.7 -3
2686.3 31.1 -146.6 174.2 -59.9 18.7
3077.9 -93.3 -220.9 142.4 -2.5 -26.4
2.2 108.6 89.7
315.1 25.1 -5.6 -0.4 -3.7 -3
2740.4 100.7 -117 145.8 -103 -5.8
3123.6 -92.5 -236.9 175 17.9 -9.7
2.2 96.5 121
315.3 25.3 -5.5 -0.4 -3.6 -3
2765.3 125.5 -102.1 134.9 -99.7 4.1
3203.8 -14.1 -204.8 191.1 -4.9 -38.6
2.2 87.3 138.4
315.5 25.4 -5.5 -0.4 -3.6 -3
2773.6 124.7 -101.3 123.3 -94 10.7
3292 89.9 -149.6 214.6 -21.9 -58.5
2.2 80.9 133.5
315.7 25.5 -5.4 -0.5 -3.5 -3
2780.7 117.1 -98.2 111.7 -89.6 13.1
3350.4 157.9 -109.7 242.5 -11.8 -56.2
2.2 76.1 126.7
315.8 25.6 -5.3 -0.5 -3.5 -3
2788.3 107.6 -91.9 101.1 -84.6 13.3
3392.3 213 -70.5 267.5 13.1 -45.1
2.2 72.5 130
315.9 25.7 -5.2 -0.6 -3.4 -3
2796.5 98.8 -85.4 88.6 -78.5 12.3
3416.7 230.1 -55.7 273.5 20.4 -41
2.2 69.9 130.1
316 25.7 -5.1 -0.6 -3.4 -3.1
2803.9 88.9 -77.3 78.2 -73.6 11.4
3427 227.8 -51.8 260.8 18.6 -52.5
winner is: 7
