Regression analysis information for: KLH033b_0991
number of formants: 3
number of coeccicients: 5
3.7 15.8 30.7
757 -13.6 -24.8 -0.5 -9 1.6
1573.8 142.4 9.7 27 -5.2 -5.7
2470.5 -31.8 -49.5 5.9 1.5 32.6
4 15.7 19.5
760 -15.8 -25.3 -0.2 -10.1 2.4
1582.9 136.5 7.7 29.4 -9.2 -4.7
2507.2 -28.3 -53.2 -0.5 -30.5 14.1
4.6 15.2 16.2
762.7 -17.1 -26.3 0.3 -11.4 3.5
1590.1 132.8 5.1 31.9 -13.1 -3.2
2514.1 -15.3 -42.9 -5.9 -39.5 -0.3
4.9 14.9 10.9
765.4 -18.7 -26.6 0.9 -12.6 4
1597.6 129.8 4.6 34.7 -16.3 -2.5
2521.6 -8.8 -32.9 -10.1 -41.3 -12.2
5.1 14.6 7.1
767.4 -20.5 -26.4 1.3 -13 4.5
1603.2 126.3 5.3 36.2 -17.3 -1.7
2525.5 -15 -26.1 -14.5 -33.2 -15.4
5.4 14.3 6.8
769.5 -22.1 -25.6 1.3 -13.5 4.6
1608.6 123.5 7.6 37.2 -18.5 -1.5
2528.4 -17.6 -21.5 -15.2 -27.4 -16.3
5.6 13.8 6.2
771.3 -23 -24.6 0.7 -13.4 4.7
1612.7 121.9 10.2 36.6 -18.1 -1.7
2530.1 -15.4 -19.9 -12.4 -25.6 -13.9
6 13.5 5.9
773.1 -24.3 -23.3 0.6 -13.5 4.3
1617 119.8 13.3 36.4 -18.8 -2.5
2531.8 -13.9 -17.8 -10.5 -24.3 -12.4
6.2 13.2 5.7
774.4 -24.5 -22.5 -0.3 -13 3.9
1620.6 120.4 15.4 35.4 -17.6 -3.6
2533.7 -12.1 -16.4 -9.3 -22.9 -11.6
5.9 12.8 5.5
775.6 -25.1 -20.2 -2.1 -11.8 3.2
1623.1 120.2 20.9 31.8 -15.1 -4.8
2535.1 -10.4 -13 -8.9 -21.6 -10.8
6.2 12.6 5.5
777.4 -25.7 -18.2 -3.9 -10 1.7
1626.7 119.4 25.2 28.5 -11.4 -8
2537.2 -8.4 -10.7 -8.5 -19.5 -10.9
6.6 12.9 5.5
780 -27.9 -15.8 -5.6 -8.3 0.4
1632.4 115.3 29.8 25.5 -7.8 -10.8
2540 -7.6 -9.5 -7.9 -17.4 -11
7.2 13.8 5.3
783.1 -30.8 -13.4 -7.8 -6.3 -0.8
1639.2 110.1 34.4 22.3 -3.6 -13.5
2543.2 -7.4 -9.7 -7.4 -15 -10.8
7.9 14.4 5.1
786.4 -33.8 -10.8 -10.1 -3.9 -2.2
1646 104.4 38.8 18 0.7 -16.6
2546.4 -7 -10 -7.1 -12.8 -10.6
8.5 14.8 4.9
790.3 -37 -8.1 -12.5 -2 -3.4
1653.4 98.1 43.6 14.1 4.5 -19.2
2549.9 -6.7 -10.5 -6.9 -11 -10.3
9 15.4 4.8
794.1 -40.2 -5.8 -14.6 -0.2 -4.3
1660.8 92.2 47.1 11.1 7.5 -21.5
2553.3 -6.6 -11.5 -6.3 -9.4 -10.1
9.7 16.1 4.6
796.8 -41.9 -5.4 -15.9 1.2 -4.8
1666.2 89.3 47.4 9.4 10 -23
2556.1 -6.4 -13.5 -6.2 -7.7 -10
9.8 16 4.5
800.1 -44 -4.1 -17.1 1.6 -4.7
1672.3 85.5 49.3 7.9 10.4 -23.4
2559.1 -6.1 -14.2 -5.9 -7 -9.5
10.1 16.6 4.6
802.2 -45.2 -3.1 -18 2.6 -5.7
1676 83.3 50.5 6.9 12.6 -25.7
2561 -5.7 -14.9 -5.3 -5.8 -10
10 16.6 4.8
804.3 -45.4 -3.7 -17.7 1.6 -4.9
1680 83.1 49.1 8 10.6 -24.9
2563.4 -5.3 -16.1 -5 -5.8 -9.8
winner is: 10
