Regression analysis information for: KLH033e_0410
number of formants: 3
number of coeccicients: 5
20.1 36.4 109
808.6 20.8 -130.5 -20.8 6.6 -31.2
1541 272.6 -49.9 114.6 29.5 19.8
2066 144.6 -103.1 18 -38.2 61.4
19.6 47.4 100
815.7 16.6 -123.2 -22.5 4.1 -31.3
1556.9 255.1 -23.5 95.9 46.3 0.3
2146.9 4 12.3 -96.8 65.4 -45.9
20.6 51.2 103.4
829.2 15 -111.2 -21.4 1.5 -30.1
1564.3 267.1 -20.1 103.7 39.7 1.5
2198.6 -30.6 37.4 -101.5 84.5 -45.1
22.8 45.7 98.4
846.2 11.6 -100.6 -18.8 -7.2 -27.8
1583.7 252.7 -0.5 91.2 42.8 -8.9
2264.9 -73 67.4 -120.7 122.2 -57.1
24.7 34.6 165
863.5 1 -95.3 -20 -22.8 -25.5
1600.9 235.1 10.8 81.5 35.1 -6.3
2357.5 -205.3 -17.2 -42.2 -2 -18.8
31.9 27.8 75.5
885.6 5.8 -83.7 -14.3 -38.4 -25.3
1621.9 218.3 26.8 73.2 24.7 1
2507.6 -354.9 31.6 -34.2 -49.1 93.4
36.8 37.1 122.6
901.9 10.8 -80.8 -11.9 -50.1 -25.1
1630.7 205.9 25.9 66.2 15.5 8.9
2625.8 -288.9 -28.5 10.4 -22.6 57.4
44.8 81.5 118.3
908.7 5.5 -91.4 -23.9 -67.5 -30.2
1611.1 151.6 -10.1 43.9 14.4 36.8
2676.4 -339.6 -208.7 -69.5 -27 74.8
52.5 63.4 99.2
928.9 33 -81.7 -22.7 -78.7 -46.2
1628.2 182 6.7 58.7 14.4 34.9
2737.2 -305.3 -268.2 -90.1 10 72.5
51.8 69.6 104.7
935.2 38.9 -85.7 -26.3 -80 -46
1629.2 184.8 1.8 59.4 13.8 40.6
2762.5 -275.3 -262.8 -95.9 7.6 69.7
57.4 57 103
939 52 -89.8 -33.5 -80.2 -53.8
1640.5 217.8 9.3 61.4 2.4 18.6
2820.1 -178.1 -203.2 -94 -47.1 -9.3
60.4 44.1 97.5
943.6 70.9 -89.6 -36.5 -80.7 -64.7
1650.1 255 12.7 63.3 -15.4 -4.7
2876.1 -81.1 -143.9 -79.5 -80.5 -65.4
59.3 41 89.9
941.5 82.7 -95.9 -40.9 -78.2 -71.5
1643.2 274.6 0.9 68.6 -16.2 -9.3
2904.1 -28.5 -118.2 -70 -92.9 -79.9
61.8 39.5 96.2
945 107.8 -87.5 -36.8 -70.6 -82.5
1639 287.4 -4.7 67.9 -17.8 -19.6
2944.6 52.5 -58.7 -26.5 -73.3 -84.4
60.6 23.6 90
944.1 120.7 -85.7 -35.2 -66.7 -87.1
1648.2 319.6 10.3 80.6 -15.2 -30
2988.4 145.9 8.5 22 -50.4 -95.3
60 25.2 87.8
941 130.1 -85.5 -31.6 -62.4 -87.8
1645.4 325.4 8.4 83.5 -14.3 -29.3
2987 166 9.3 31.7 -42.5 -93
60.3 25.2 92.2
940.2 136.4 -84.1 -29.5 -62.2 -89.8
1645 326.2 8.8 83.5 -14.8 -29.5
2983.3 171.4 4.3 31 -44.2 -98.7
62.3 25.4 89.8
940 140.8 -81.2 -28.8 -60.8 -90.2
1645.2 326.5 10.5 83.1 -14.2 -29
2979.9 173.6 3.9 29 -39.4 -97.2
56.2 24.5 96.2
933.9 131.2 -86.5 -30.9 -59.9 -85.5
1644 323.6 10.7 83 -13.1 -27.2
2984.9 184.3 14 34 -40.4 -102.8
54.8 24.4 96.5
933.5 126.8 -86.2 -31.1 -59.6 -83.4
1644.7 322 12.1 83 -12.4 -26.3
2989.4 183.5 21.8 35.8 -39.1 -102.1
winner is: 6
