Regression analysis information for: KLH033a_0059
number of formants: 3
number of coeccicients: 5
3.7 10.5 13.6
449.8 26.3 -55.7 13.8 0.4 11.2
1407.9 234.6 61.2 -28.2 29.8 15.8
2331.1 -105 41.7 19.6 -46.9 17.3
3.6 12 6.9
452.9 24.6 -56.3 15.8 0.2 10.8
1425.9 220.8 68.9 -27.8 38.9 8.9
2378.8 -112.9 24 56.3 -52 18.3
3.4 13.3 8.5
456.5 23.1 -57.9 17.7 -0.2 10.5
1445.4 207.5 70.5 -26.3 44.6 4.9
2433.2 -111.3 -7.7 88.8 -49.3 14
3.1 17.8 13
460.6 22.2 -60.4 20.7 -0.2 9.4
1466.9 199.8 67.5 -20 51.6 -4.5
2491.2 -72.9 -30.3 110.4 -19.2 13.1
2.8 20.4 12.7
465.9 20.6 -63.5 24 -0.6 8.5
1492.7 191 60.1 -10.9 53.7 -12.1
2564.6 -18.4 -65.7 108 8.4 11.4
2.8 24.2 12.4
471 20.2 -67.8 26.7 -0.6 7.4
1514.4 187.2 47.3 0.2 51.6 -18.1
2637.2 48.5 -112.1 51.9 2.3 19.8
3 28.2 6.2
475.8 21.3 -71.5 28.2 0 6.3
1533.3 186.3 39.6 4.1 52.7 -24.8
2669.1 84.7 -124.2 14.8 -22.7 21
3.3 27.4 6.1
480.3 21.6 -74.9 29.4 -0.7 6.1
1547 188.4 29.3 13.7 44.1 -22.9
2673.3 87.3 -120.5 19.2 -23.9 20
4.1 28.8 6.7
479.3 25.6 -78.5 29.5 0.4 4.7
1566.3 188.6 43.9 5.3 52.6 -26.1
2670.2 92.7 -126.4 21.2 -25.5 19.5
3.8 22.9 9.3
485.4 23.1 -75.9 26.5 -2.2 8.8
1567.4 184.8 34.8 5.2 39 -15.7
2683.4 89.2 -115.3 19.2 -27.9 22.1
4.3 20.7 10.4
484.1 26.1 -71.3 22.6 -4.8 11.1
1563.8 191.1 51.2 -9.2 35.5 -8.2
2685.9 94.2 -111.8 17.4 -29.9 22.8
4.4 18.6 12.1
484.6 27.2 -68.9 20.5 -6.2 12.6
1567.1 190.2 63.9 -18.9 34.7 -3.4
2689.4 97.3 -107.7 16.2 -31.7 25.4
4.8 17.2 14.4
484.3 27.2 -65.3 18.9 -7.8 13.9
1568.6 188.1 77.4 -26.3 32.4 1
2691.7 98.8 -102.1 14.3 -34 28
5 17.8 14.7
484.6 26.6 -64 18.9 -9 14.7
1572.9 183 85.2 -28.1 29.5 2.9
2693.8 100.5 -98.9 14.9 -36.2 30.3
5 19.1 15.2
484.4 25.8 -62.9 18.9 -8.8 14.8
1575.7 174.8 93.5 -31.8 32.1 0.5
2693.6 102 -97.3 16.5 -37.4 31.9
5.2 19.2 16.4
485 24 -62.1 19.5 -9.5 14.9
1580.6 166.2 99.3 -32.4 31.6 -0.3
2694.6 101.6 -96.5 18.4 -39.9 32.6
5.3 19.4 16.5
485.6 21.9 -61.8 20.5 -9.8 15
1583.6 160.2 101.7 -30.7 32.2 -0.2
2695 99.9 -96.2 21.6 -39.8 33.8
5.3 12.7 17.3
486.5 19.6 -61 21.3 -10.1 14.9
1583.9 157 100.1 -24.7 27.1 5.7
2693 98.1 -98.2 25.4 -41.4 34.8
4.8 11.3 17
486 20.4 -61.2 20.1 -8.4 13.6
1575 173.8 85.6 -12 18.5 16.9
2691.3 101.2 -99.5 26.5 -39.3 34.7
4.7 13.4 16.8
486.7 19.5 -61.9 21.1 -8.3 12.7
1575.2 174.7 81.5 -7.7 17.2 18.9
2691.4 99.2 -101 28.7 -37.5 35.1
winner is: 2
