Regression analysis information for: KLH033a_0155
number of formants: 3
number of coeccicients: 5
21.9 25.4 67.4
701.2 -35 -97.5 -22 -18.1 3.3
1616.4 164.5 -36.3 34.6 -32.9 8.1
1990.5 161.4 250.8 -48.8 -43.8 -14.8
26.5 29.6 62.4
709.6 -36 -108 -21.3 -9 8.3
1615.6 160.4 -31.6 40.2 -34.2 0.6
1993.5 154.3 257.4 -50.3 -38.6 -10.9
29.8 35.4 61.6
723.4 -38 -125.2 -20.1 -1.3 11.8
1609.7 157.9 -18 42.2 -41.6 -5.9
2001.1 147.9 262.5 -58.7 -40.5 -4.5
39.1 52.9 64.5
747.7 -38.6 -155.7 -20.7 11.2 19.8
1586.6 157 25.9 45.9 -67.4 -23.6
2012 147.5 268.7 -68.7 -44 -0.9
39.9 80.1 66.4
769.4 -43.6 -181.5 -11.7 20.1 12.3
1543.9 157.5 107.6 42.8 -122.4 -39.5
2024.7 145.3 277.4 -82.4 -44.7 -1.7
53.3 61 179.3
800 -51.3 -212 -1.9 15.4 15.1
1575.5 207 42.3 -71.6 -31.9 85.1
2209.6 211.1 -7.6 -273 163 239.7
103.5 93.3 161.4
793.4 -41.7 -180.5 -33.9 -19.4 62.4
1541.6 251.8 74.6 -155.6 15.9 129.3
2291.9 221.3 -111.7 -316.3 236.7 253.7
75.8 67.6 173.2
830.9 -45.3 -238.7 -22.1 27.2 30.2
1645.9 173.2 -53.9 -9.1 21.4 26.7
2537.1 32.1 -358.8 -17.1 181.8 81.9
58.7 28 110.8
868.3 -76.3 -270.8 29.5 -5.4 0.2
1672.5 152 -86.5 40.5 9.2 -24.1
2630.5 -41.2 -414.1 76.3 111.4 10.3
57.5 13.6 96
879.2 -79.4 -277.9 26.2 -11.3 3.7
1684.1 137.2 -83 50 -8 -10.1
2670.6 -90.9 -387.6 81.4 69.8 43.6
56.8 13.4 108.9
883.1 -84.9 -280.6 26.1 -12.4 5
1685.7 134.6 -81.3 48.9 -6.9 -10.1
2685.7 -112.6 -362.3 49 91.1 25.3
54.4 12.7 89.1
885.9 -91.3 -277.6 27.4 -16.3 4
1688.1 132 -78.6 47.7 -6.8 -10.1
2731.3 -176.2 -324.9 46.2 58 65.5
52.9 11.8 79.3
889.6 -92.4 -275.2 18.9 -28.6 3.1
1690.2 130.4 -76.3 45.9 -7.4 -10.4
2755.2 -194.4 -307.2 27.3 47.8 73.2
49.1 10.6 70.5
884 -101 -261.3 22.8 -39.6 -3.3
1691.9 128.6 -73.4 44.9 -7.7 -10.3
2778.9 -217.3 -285.3 7.9 46.7 79.5
43.1 9.8 59.1
879.1 -107.7 -250.4 23 -47.3 -9.1
1693 127.1 -70.7 43.8 -7.3 -9.9
2797.9 -240.3 -264.1 -7.1 49.3 84.9
41.4 9.6 46.1
877.9 -111.6 -245.6 10 -59.2 -7.7
1694.5 126 -67.9 42 -7.4 -9.4
2819.1 -266.4 -238 -23.9 51.7 89.4
43.8 9.3 47.5
876.5 -113.4 -242.2 -10.7 -77.8 -10.1
1695.6 125 -65.3 40.3 -7.4 -8.9
2829.5 -274.7 -225.8 -35 57.1 83.6
51.9 9.4 51.1
870.6 -117.3 -243.3 -33.9 -99.4 -20
1695.9 125 -63.4 39.3 -7.3 -8.4
2834.4 -274.3 -222 -38.5 57.6 82.7
104.7 27.1 82.7
895.1 -55.9 -202.4 -39.2 -95.7 -5.1
1707.2 149.1 -39.2 58.7 13.1 9.1
2854.9 -235.4 -186 -6.3 86.3 110
161.8 55.6 124.8
938.1 49.3 -89.2 53.6 6.2 85.3
1731.7 198.1 8 99.4 51.8 43.3
2889.9 -166.5 -116.5 59.4 147.3 163
winner is: 16
