Regression analysis information for: KLH033b_0298
number of formants: 3
number of coeccicients: 5
7 8.3 20.5
428.1 108.7 37.8 27.3 6.8 0.5
963.3 -102.5 54.6 -18.9 21.9 -5.9
2291.1 47.2 -37.7 -4.7 27.6 -30.6
8.2 13.9 21.2
439.1 121.5 45.1 32.2 8.3 -0.9
957.4 -124.1 52.6 -26.3 25.5 -4.1
2305.4 50.9 -35.9 -4.5 30.1 -30.2
10.3 21.8 21.9
452.8 139 53.8 37.6 10.1 -2.7
943.1 -153.6 46.1 -32.7 29.2 2.1
2317.5 55.7 -36.2 -6.2 31.9 -30.2
14.4 23.9 24
456.8 134.9 47 37.8 16.8 9
928.3 -177.2 50.8 -36.5 34.2 3.2
2326.7 56.9 -38.1 -6.7 33.5 -28
65.9 22 29.1
427.3 69.1 4.8 28.4 41.1 59.5
915.7 -190.5 58.6 -38.6 43.9 -0.4
2327.8 51.7 -44.6 -7.9 33.7 -23.4
17.9 238.3 112
509.5 179.4 47.7 31.4 -11.2 -21.9
1165.4 320.4 417.9 24.9 -110.5 -289.9
2458.7 289.1 86.1 26.9 -31.9 -146
19.2 137.7 70.1
533.3 176.6 34.6 31.3 -27.2 -23.2
1246.2 559.5 566.9 10.2 -71.2 -248.3
2514.6 405 134.3 38 -24.1 -121.4
65.2 140.8 71.9
491 178.6 48.8 73.2 35.3 -93.1
1157 646.9 609.9 -68.6 -8.2 -285.2
2503.1 419.5 130.8 37.1 -15.6 -128.3
43.1 326.1 136.8
588.4 148.7 17.6 20.9 -94.5 32.7
1941.4 260.6 -15.2 77 -373.3 181.8
2873.1 183.8 -84.1 131.1 -229.5 126.6
10 45.8 83.8
619.3 138.8 -27.5 36.4 -55.4 22.6
2121.7 135.1 -249.6 87.5 -21.6 77.7
2961.2 122.5 -156.8 125.2 -94.6 96.5
9.6 51.6 67.6
622.6 136.4 -30.2 38.2 -53.9 21.7
2126 95.5 -195.3 58.2 4.5 45.8
2989.1 60.7 -95.8 68.3 -46.4 52.7
10 130.6 70.9
624.4 136.2 -35.8 40.3 -51.2 19.2
2087.3 172.7 -222.2 125.4 -78.9 102.5
2986.6 63.4 -91.6 69.4 -51.6 56.2
9.6 26.9 3.1
623.8 138 -37.3 37.6 -47.7 17.9
2146.9 41.7 -93.2 16.3 26.3 -29.7
3015.3 2.5 -36 15.5 -1.1 -1.1
8.6 27.1 2.9
626.7 133 -38 38.4 -48 19.3
2147.3 59.1 -76.9 14.8 19.3 -34.7
3013.5 5.2 -34.6 14.2 -1 -1.2
9.3 28.5 2.6
620.7 140.4 -40.4 34.6 -42 14.8
2160.4 58 -76 23.6 8.3 -42.8
3016.9 1.3 -35 17.2 -3.8 -0.2
10 30 2.6
617 144.2 -43.1 33.4 -40.2 11.8
2169.8 64.9 -75.7 24.1 8.4 -39.2
3018 0.3 -35.5 16.9 -4.2 0.7
10.6 31 2.1
614.9 144 -46.8 33.4 -36.8 9.7
2180.5 83 -67.5 19.3 -3 -43.7
3017.8 -0.9 -35.7 15.8 -4.4 1.6
12.3 32.6 1.5
605.9 152 -44.8 28 -32.5 7.6
2195.6 91.2 -83.1 23.2 -6.9 -49.2
3018.8 -1.3 -38.7 17.8 -3.9 1.7
11.7 34.5 1.2
598.4 156.6 -44.7 23.7 -26.3 4
2208 104.9 -88.4 20 -14.5 -51.9
3017.5 -1.6 -41.2 17.9 -3.3 1.7
12.1 38.9 2.3
590 158.3 -43.4 21.6 -25.2 1.5
2209 131 -124 18.2 -33.5 -49.4
3012 0.8 -48.9 19.9 -5.6 0.9
winner is: 1
