Regression analysis information for: KLH033b_0062
number of formants: 3
number of coeccicients: 5
7.4 32.7 38.8
380.8 54.1 11.8 -3.2 20.2 8.8
2101.9 -114.5 -202.8 -75.2 -58 -43.9
2874.3 -168.7 -198.6 -64.9 -43.9 16.5
7.7 35.9 37.4
379.5 53.7 12.4 -3.7 19.6 8.2
2110.6 -122.1 -215.7 -69.8 -55 -46.4
2870.3 -183.8 -211.5 -71.7 -52.9 13.3
8.2 40.1 37.8
378.5 53.7 13.6 -3.8 19 7.8
2118.1 -124.7 -227.4 -64.2 -46.8 -49.8
2870.4 -188.6 -215.5 -71.5 -54.9 14.3
8.4 45 40.1
377.6 53.6 14.2 -3.9 18.4 7.4
2116.9 -123.2 -238.1 -64 -37.6 -50.4
2866.9 -196.9 -222.9 -73.6 -56.3 16.4
8.8 54.4 43.1
377 53.8 15.3 -3.6 18 7.2
2101.7 -113.5 -231.2 -80.1 -15.6 -40.4
2865.5 -196.9 -221.6 -70.3 -49.9 21.5
9 62 44.6
376.6 53.9 16 -3.6 17.7 7.1
2087.4 -104 -226.3 -87.7 3 -47.4
2863.8 -192 -219 -68.7 -41.8 22.3
9.3 67 43.2
376.3 53.9 17 -3.5 17.3 7.1
2071.6 -105.6 -196.5 -89.1 0.5 -62.3
2862.9 -183 -211.3 -69.9 -32.7 20.2
9.5 69.8 42.9
376.3 54.1 17.6 -3.4 17.1 7.1
2038.1 -105.1 -125.7 -91.9 -53 -70.3
2863.7 -174.1 -203.2 -69.7 -28.2 18.9
9.6 73.2 44.8
376.5 54.5 18.3 -3.1 17.1 7.1
2032 -111.8 -89.6 -81.6 -93 -81.2
2870.2 -166.2 -192.2 -62.5 -27.5 23
9.6 69.8 46.7
376.8 54.9 18.8 -2.8 17.2 7.2
2039.9 -113.8 -77.5 -79.9 -97.4 -91
2877.2 -153.6 -178.8 -56 -21.2 26.7
9.7 72.3 50.7
377.2 55.4 19.5 -2.6 17.3 7.2
2059.3 -118.5 -72.5 -74.7 -105.1 -102.5
2888.7 -140.8 -164.5 -46.1 -18.4 32.1
9.6 74.8 57.6
377.8 56 20 -2.3 17.5 7.3
2098.8 -131.5 -89.5 -58 -112.9 -116.6
2905.1 -127.5 -149.1 -31.7 -17.4 41.5
9.6 76 65.7
378.5 56.8 20.7 -2 17.8 7.4
2141.3 -141.2 -108.7 -43.5 -126.5 -127
2926.5 -115.2 -137.8 -11 -20.1 43.5
9.6 69.3 72.5
379.3 57.7 21.4 -1.7 18 7.4
2184.6 -145.4 -124.6 -47.8 -132.9 -130.1
2949.5 -101.9 -127.3 8.7 -24.7 39.4
9.6 58.3 65.3
380.2 58.7 22.1 -1.5 18.2 7.4
2228.2 -136.6 -145.7 -76.6 -127.8 -125.5
2960.5 -76.7 -101.9 5.1 -26.4 49.2
9.5 56 69.6
381.3 59.9 22.9 -1.3 18.4 7.4
2287 -133.4 -181.6 -105.1 -127.6 -114.9
2982.2 -53.5 -82.8 13.9 -37.6 41.5
9.5 71.9 65.8
382.4 61.1 23.6 -1.2 18.4 7.2
2358.8 -138.1 -247.5 -132.4 -103.7 -84.8
3003.3 -32.4 -69.3 16.6 -52.7 33.4
9.4 96.9 59
383.5 62.3 24.3 -1.2 18.4 7.1
2425.5 -148.5 -298.1 -167.6 -89.5 -40.2
3021 -19.3 -62.5 18.1 -64.9 30.9
9.3 100.6 81.8
384.5 63.1 24.7 -1.4 18.2 6.9
2496.3 -180.3 -392.9 -192.5 -43.5 -2.4
3036.7 -38.9 -106.2 14.4 -56.5 41
9.4 94.4 59.6
385.6 64.2 25.3 -1.5 18.2 6.7
2537.8 -193.3 -379.9 -189.3 -49.9 -6.9
3086.2 -21.7 -100.8 76.4 -80.3 1.6
winner is: 1
