Regression analysis information for: KLH033e_0016
number of formants: 3
number of coeccicients: 5
12.6 83.1 24.4
427.2 -56.8 13.2 -27.3 24.2 1.9
2099.9 156.6 -251.4 46.1 -149.8 -38.5
2541.2 -30.6 -36.5 -30.2 0.8 -27.7
12.3 86.7 24.1
427.7 -57.6 14.2 -27.8 24.5 1.9
2113.1 152.6 -232.6 48.9 -150.9 -27.2
2545.2 -39.1 -29.2 -35.2 4.8 -28.5
11.9 90.5 23.7
428.6 -58.7 15.5 -28.4 24.9 1.8
2136.4 149 -203.5 62.7 -160.2 -11.1
2551.4 -46.8 -19.6 -41.9 8.4 -31.7
11.6 95.3 27.8
429.7 -60 16.7 -29 25.4 1.6
2172.5 143 -180.3 84.4 -166 8.8
2559.5 -52.6 -8.4 -48.4 10.5 -36.4
11.3 95.3 36.1
431 -61.4 18.2 -29.6 26 1.2
2209.3 143.7 -161.2 110.4 -169.6 12.6
2573.9 -63.9 7.3 -49.5 3 -29.1
11.5 88.5 53.7
432.5 -62.9 19.7 -30.3 26.7 0.9
2250.6 152.9 -149.3 136.2 -167.7 18.8
2594.6 -71 29.7 -41.7 -8.7 -13.5
12 78.3 70.9
434.1 -64.6 21.2 -31.1 27.5 0.3
2288.3 156.9 -153.7 153 -168.8 18.9
2620.7 -66 50.8 -19.8 -20.7 -16.2
12.3 66.5 84.7
435.3 -65.3 21.7 -31.1 27.7 0.1
2322.3 162.8 -169 162 -161.5 25
2656.3 -54.8 72.3 24.6 -37 -21.2
12.4 60.8 84.3
436.1 -65 21.4 -30.4 27.4 0.2
2350 168.3 -194.1 160.4 -151.4 30.8
2698.2 -46.5 86.4 80.5 -57.3 -26.1
11.8 58.4 70.6
437.9 -66.4 21.9 -29.7 26.1 2.3
2370.8 171.4 -224 150.3 -140.3 38.8
2735.7 -23.9 98.7 120.4 -56.5 -29.3
14.2 54.6 56.4
441.7 -71.3 24.8 -30.2 24.4 6.3
2379.7 172.9 -235.5 141.9 -131.3 46.8
2780.3 -11.8 65.9 133 -53.2 -47
14.2 54.3 50.1
442.4 -71 23.9 -29.8 24.3 6
2381.6 172.1 -236.5 139.5 -128.6 48.1
2832.3 2.2 3.2 116.7 -45.9 -57.4
12.2 54.6 48.7
439.7 -64.4 19.1 -28.6 26.6 0.7
2382 170.7 -234 137.9 -128.4 46
2886.6 32.8 -63.2 67.1 -36 -46.5
13.1 54.8 41.1
440 -63.6 17.8 -28.6 27.1 -0.2
2382.9 169.6 -232.1 135.9 -127.5 43.5
2939.7 68.7 -125.9 1.7 -35.2 -18.2
12.6 55.1 30.1
441.3 -64.2 17.9 -29.1 27.3 0.3
2384.2 169.2 -231 134.4 -126.1 41.7
2955.8 81.3 -138.2 -18.4 -45.6 -19.9
12.4 55.7 29.1
442.3 -64.9 17.9 -29.9 27.6 0.5
2386.1 167.2 -229.8 131.6 -124.7 39.6
2960.1 82.4 -139.4 -21.5 -47.2 -23.5
12.2 56.5 28.6
442.9 -65.2 17.9 -30.7 27.9 0.7
2388.2 164.7 -227.9 128.6 -123 38
2964.1 83.8 -141.5 -24.6 -47.5 -26.2
12.2 57 28.5
443.5 -65.8 18.3 -31.7 28.5 0.7
2391.2 161.4 -224.6 125.2 -120.3 36.4
2968.4 84.8 -143 -28.3 -47.1 -28.5
12.2 58.2 28.9
444.2 -66.8 19.1 -32.8 29 0.8
2394 157 -221.2 120.7 -117.8 34
2972 85.9 -144.4 -32.7 -46.8 -30.3
12.5 59 28.8
444.6 -67.6 20 -33.7 29.8 0.5
2398 152 -215.4 116.4 -113.9 32.5
2975.2 87.2 -145.2 -36 -46.3 -31.4
winner is: 16
