Regression analysis information for: KLH033b_0070
number of formants: 3
number of coeccicients: 5
9.8 71.3 26.7
389.9 -70 -15.1 -5.4 -10.5 -12.2
2308.2 -126.3 -165.4 -112 -70.7 -116.6
2545.8 -34.5 25.8 -15.2 -20.8 -26.3
9.7 61.6 37.4
389.8 -69.6 -15.1 -5.4 -10.9 -12.1
2321.2 -100.1 -157.4 -106.6 -61 -96.5
2556.3 -18 20.9 -26.8 -39.9 -38.5
9.8 57.8 48
390 -69.3 -14.8 -5.4 -11 -12.1
2341.7 -61.8 -135 -82.2 -38.8 -67.9
2567.3 -4.8 15.5 -40.3 -57.7 -50.9
9.9 60.9 57.8
390.1 -69 -14.7 -5.5 -11.3 -12.2
2373.6 1 -88.4 -33.6 -2.6 -27.6
2583.8 18.8 17.6 -54.1 -75.5 -58.3
10 47.5 80.9
390.2 -68.9 -14.6 -5.6 -11.6 -12
2403.2 33 -62.4 -11.7 8.1 -13.3
2611.7 66.1 48.1 -44.1 -67.6 -35.9
10 36.5 93.2
390.4 -68.8 -14.4 -5.7 -11.8 -12.1
2423.9 63.8 -29.5 3 15.9 -14.4
2645.6 120.6 76.2 -43.3 -79.5 -40.5
10.1 34.3 75.1
390.6 -68.7 -14.3 -5.7 -11.9 -12.2
2436.5 55 -26.5 -1.6 10.4 -4.1
2687.7 198.2 121.7 -45.3 -105.5 -63.7
10.1 33.8 71.9
390.8 -69 -14.2 -5.7 -11.9 -12.1
2451.5 33 -19.9 -2.1 5.4 2.2
2714 235.5 130.9 -43.8 -109 -71.1
10.2 32.7 55.1
390.9 -69.2 -14.3 -5.8 -12.1 -12.1
2461.3 14.3 -9.7 -5.8 5.6 0.8
2749.1 283 142.4 -52.6 -119.1 -72.8
10.3 31.6 123.2
390.8 -69.8 -14.5 -5.7 -11.8 -11.7
2465.2 -8.2 -8.3 -9.1 5 4.1
2692.7 160.4 50.7 -95.4 -107.4 -11
10.3 27.2 99.8
390.9 -70.2 -14.3 -5.4 -11.6 -11.5
2471.4 -37.5 -5.2 -17 -2.7 0.6
2660.3 96.5 45.2 -58.6 -55.2 27.3
10.4 21.6 88.2
391.2 -70.5 -14.1 -5.2 -11.4 -11.5
2483.1 -43 2.8 -15.3 -2.9 -2.2
2661.5 54.2 54.1 -32.3 -33 19.6
10.3 20.1 82.6
391.5 -70.8 -13.8 -5 -11.4 -11.3
2489.3 -33.2 8 -7.9 -3.4 0.8
2689.3 9.1 56.9 -34.8 -40.2 -8.2
10.3 17.5 75.7
391.8 -71.2 -13.7 -4.7 -11.5 -11.3
2492.7 -23.7 15.5 -4.6 -1.3 0.9
2737.2 -7.7 91 13.3 -36 -37.1
10.3 16 74.1
392.5 -71.6 -13.7 -4.7 -11.5 -11.5
2490.5 -26 16.6 -4.9 -2.5 0.5
2836.8 -1.1 101.5 18.1 -50.4 -52.8
10.3 14.8 66.9
393 -72.1 -13.9 -4.8 -11.8 -11.5
2489.3 -28.7 17.1 -5.2 -3.6 -0.2
2952.4 -8.3 93.5 36.6 -65.2 -56.3
10.2 13.6 50.8
393.6 -72.9 -14.3 -4.8 -12.1 -11.5
2489.2 -31.1 17.2 -5.2 -4.2 -0.8
3068.4 -21.6 71.8 60.8 -69 -17.4
10.2 12.9 39
394.1 -73.8 -15 -5.2 -12.6 -11.5
2490 -32.4 17.2 -4.9 -4.6 -0.8
3145.9 -4.5 -13.3 1.4 -41.4 28.6
10.1 12.4 27.5
394.6 -74.9 -15.8 -5.7 -13.1 -11.7
2491.6 -32.9 17.4 -4.4 -4.5 -0.5
3169.6 0.3 -25.1 -16.8 -46.9 30.1
10 11.9 26.9
394.9 -76.1 -16.7 -6.3 -13.7 -11.8
2493.3 -32.9 17.6 -4.2 -4.4 -0.3
3175.7 -6.8 -18.5 -10 -43.9 27.1
winner is: 20
