Regression analysis information for: KLH033d_0288
number of formants: 3
number of coeccicients: 5
10.6 96.6 82.1
483.7 185 -18.6 -51.1 -29.9 -5.5
1188.6 86.5 66.3 -184.1 45.1 -96.6
2423.1 -52.8 -14.3 -27.6 -49.8 -27
11.2 113.2 84.8
486.4 184.9 -19.9 -50.7 -28.5 -5.9
1211.1 56.3 92.2 -210.3 75.5 -123.1
2466.5 -54.4 -9 -36.5 -12.2 -44.4
11.9 118.9 94.7
489.8 184.6 -21.1 -50.2 -26.5 -6
1262.5 -25.5 162.6 -269.7 127.5 -153.8
2531.4 -78.7 25.1 -62.1 40.2 -55.6
13.1 115.8 82.4
493.8 184.8 -22.7 -49.4 -24.1 -6.3
1293.4 -62.1 189.8 -288.8 146.1 -155.2
2578.8 -55.8 39.9 -51.3 60.4 -49.1
14.2 113.2 69.5
498.3 185.5 -25.4 -48.4 -21.3 -5.7
1316.5 -80.4 200.4 -296 157.6 -151
2621.7 -18.1 50.1 -33.5 81.4 -38.1
15.2 105.4 58.1
503.1 186.5 -26.9 -47.4 -18.9 -4.7
1340.7 -100.2 217.1 -304.7 164.5 -138.3
2643.6 4.2 45.4 -24.6 91.4 -23.4
15.8 110.5 58.2
507.3 188.5 -28.6 -46.2 -17.2 -3.3
1348.6 -88.9 210.9 -302.6 171.3 -136.4
2656.9 -2 40.7 -32.4 90 -15.8
16.2 108.4 63.5
511.1 190.4 -29.7 -44.4 -16.8 -1.9
1366.1 -97.9 220.2 -302.6 168.1 -117
2667.1 -13.4 43.4 -34.6 89 -13.7
16.9 116.9 79.7
514.3 191.8 -31.4 -43.6 -17.1 -0.3
1372.9 -92.7 216.7 -301.5 166 -104.9
2672.5 -30.8 60.4 -30.5 84.2 -23.1
16.4 123.7 78.7
516.7 194.2 -31.3 -43.6 -18.6 2.4
1372.9 -77.2 212.3 -299.1 160 -91.4
2681.3 -30.8 50 -29 78.8 -1.6
15.7 131.2 88.8
518.8 195.6 -30.5 -44.4 -21.3 5.6
1375.3 -72.2 219.5 -311.6 167 -95.4
2697.6 -57.5 70.6 -40.2 80.2 3.6
15 145.9 129.1
520.9 195.7 -31.2 -44.9 -25 7.3
1361.2 -41.9 199 -307.3 164.8 -101.6
2711.1 -76 76.3 -29.5 52.5 43.6
15.7 162 157.4
522.3 197.7 -33.2 -44.6 -28.8 8.4
1399.2 -96.7 221 -288.1 102.9 -28.8
2745.1 -127.6 95.2 -9 3.6 94.1
15.9 173.7 207.6
524.7 197.3 -32.6 -46.1 -33.1 10
1460.5 -198.2 286.2 -301.5 54.5 55.8
2797.8 -216.5 149.7 -15.3 -37 163.1
14.8 158.4 205.6
529.2 193.7 -31.4 -47.7 -38 14
1498 -262.2 334.9 -329.9 44.8 96.4
2829.5 -272.6 191.8 -37.8 -38 182.6
15.5 159.3 190.7
532 192.6 -32.2 -48.7 -42.3 15.2
1491.9 -249.5 329.3 -335.4 46.6 91.6
2819.8 -255.4 184.5 -44.4 -23.2 162.1
16.2 159.2 179.7
535.6 191.1 -33.6 -48.7 -47.4 17.1
1487.3 -241.6 335.2 -360.1 68 78.1
2818.5 -252.1 183.2 -47.9 -16.7 150.2
17 177.5 220.4
538.8 189.4 -35.3 -46.3 -51.5 16.7
1539.8 -317.3 347.6 -307.1 -16.7 134.6
2875.7 -331 182.6 28.2 -118.1 210.6
18 176.8 188.6
541.1 188.6 -36.6 -44.6 -53.9 14.6
1585.9 -390.2 377.1 -283.8 -71 176.5
2895.3 -365.8 210.1 7.1 -103.2 200.9
19 200 184.9
545.5 186.3 -41.4 -38 -59.9 13
1594.1 -394.7 358.7 -240.6 -124.5 205
2912.3 -387.3 207.1 28 -122.1 195.2
winner is: 6
