Regression analysis information for: KLH033d_0529
number of formants: 3
number of coeccicients: 5
19.2 12.2 46.8
725.5 -49.6 -117.8 -6.4 -47.7 -18.5
1575.8 177.9 -23.7 31.5 29.3 -4.4
2165.6 -114.5 -61.9 68.8 -2.4 -18
19.1 12.2 39.9
727.3 -50.4 -115.7 -7.1 -48.8 -18.9
1579.1 174.6 -18.8 28.6 28.7 -6
2181.9 -132.9 -48.4 64.3 -5 -16.6
19.3 12.1 38.9
731.2 -49.8 -113.3 -10.2 -49.4 -19
1585.5 172.4 -12.2 20.3 28.6 -7.6
2207.9 -153.5 -33.1 52.1 5.1 -9.5
18.5 9.4 40.7
741 -47.8 -104.7 -8.4 -46.1 -17.5
1593.4 166.3 -10.5 19.5 27.7 -8.1
2249.5 -186.4 -25.4 55.6 16.1 -1.8
20 9.6 56.9
742.8 -53.1 -110.8 -14 -51.2 -20.8
1605.9 162.1 -3.8 10.6 28.6 -14.6
2297.6 -230.9 -22.9 61.7 21.2 6
19.6 9.3 59.1
755.7 -51.6 -103.2 -12.3 -49.4 -20.9
1618.8 155.2 -3 8.7 26.1 -19.8
2367.8 -300.1 -20.1 71.7 38.1 5.5
21.2 9.4 60.2
761.1 -56.6 -112.8 -17.5 -56.4 -24.6
1635.2 151.4 -2 1.5 23.6 -26.4
2446 -366 -49.9 102.4 53.6 3
21.1 11.3 59.5
773.2 -56.7 -117.4 -21.2 -61.8 -26.7
1651.3 148.9 -5.6 -3.2 17.6 -32.1
2502.5 -390.3 -108.4 129.3 87.8 -6.8
20.9 13 53
784.9 -55.7 -123.8 -24.9 -70 -28.7
1664.2 147.7 -10.2 -3.8 11.6 -35.3
2525.9 -388 -130.5 134.9 102.1 -8.3
20.5 14.2 52.3
798.2 -51.3 -132.6 -31.2 -80.3 -31.2
1675.2 147.3 -15.9 -3.5 6.6 -37.6
2537.4 -378.5 -138.1 125.5 106.3 4.5
19.5 15 65.9
812.5 -43.5 -142.5 -42.1 -93 -33
1683.5 148.1 -21.5 -3 2.4 -37.8
2541 -377.8 -137.6 135.5 119.6 8.6
48 76.8 123.1
810.5 -51.4 -140.7 -23.1 -82.3 -35.6
1648.7 104.7 2.2 75 55.2 -41.5
2574.2 -342.2 -159 72.6 66.5 20
20.4 14.6 93.4
844.7 -17.1 -148 -61.6 -118.2 -44.7
1694.3 152.6 -31.1 2.3 -5.8 -40.3
2741.9 -163.7 -272.8 -197 -111.9 30.5
23.4 15.3 88.9
845.2 -12.6 -163.3 -75.7 -134 -52.3
1695.3 158.2 -34.1 1.2 -7.2 -39.1
2751.6 -144.3 -268 -194.4 -119.7 22.5
27.6 14.2 97.3
849.9 -2.1 -165.2 -85.7 -146.4 -62.5
1695.2 164.3 -35.2 1.1 -9.1 -38.8
2760 -128.5 -264.7 -198.4 -133.7 7.9
33 12.7 104.2
851.8 2.5 -167.5 -94.3 -157 -72.7
1695.2 168.2 -34.8 0.7 -9.9 -38.1
2756.1 -134.9 -269.9 -198.1 -128.2 17.4
48.4 16.5 99.1
852.9 9.6 -167 -105 -174.5 -94.3
1689.9 166.6 -36.5 -0.1 -6.4 -30.6
2769.8 -109.8 -266 -216.1 -162.9 -20.8
63 25.5 95.5
853 6.2 -163.4 -109.5 -177.7 -102.8
1684.3 157.4 -41.3 -2.3 -4.8 -24.5
2776.6 -102.4 -268.4 -238.4 -197.6 -64.5
119.5 21.1 116.5
906.4 120.1 -69.6 -36.8 -133.8 -81.7
1699.2 192 -13.3 11.9 2.9 -24.6
2859.1 58.3 -146.6 -165.4 -176.5 -83.6
139.2 20.2 111.7
916.2 142.4 -48.2 -24.5 -131.5 -92.3
1698.6 193.4 -10.2 11.8 4 -24.6
2884.5 107.7 -106.1 -142.8 -167.9 -91.9
winner is: 4
