Regression analysis information for: KLH033a_0818
number of formants: 3
number of coeccicients: 5
6 405.2 250.8
389.5 33.9 -2.4 -1.1 -12.3 1.2
1366.5 -179.2 267.5 -95.6 -178.8 150.4
2515.7 -212 119.2 -144.1 -223.8 55.6
9.8 260.3 164
387.6 27.9 -3.2 2 -5 7.5
1400.6 -377.1 400.6 -176 45.2 101.7
2521.7 -312 173.9 -183.8 -107.7 33.2
5.7 325.6 204.5
391.5 34.7 -3.1 -1.2 -10.8 1.1
1475.3 -255.7 446.8 -226.9 -100.9 -68.1
2574.8 -242.3 202.6 -226.9 -197.9 -62.7
7.4 400.6 191.5
392.8 33 -3.8 1.8 -9.1 1.6
1469.9 -264.6 511 -250.5 -211.6 -48.9
2620.8 -251 186.1 -239.8 -283.2 -32.5
6.2 262.9 146.4
396.2 36.6 -7.3 -0.3 -9.9 2.6
1925.7 -176.3 184.3 -303.8 -476.1 128.3
2889.1 -209.5 26.1 -259.3 -374.9 25.8
18.5 204.6 103.7
389.7 32.4 -7.3 -9 -17 10.8
2074.5 -280.3 -212.1 -237.9 -252.6 -11.3
3003.5 -247.2 -167.1 -195.7 -215.4 -55.2
6.3 110.9 103.1
400 39.1 -12.8 0.5 -6.8 3.7
2192.3 -172.6 -211 -113.8 -147.4 -113.3
3070 -146.7 -121.5 -101.3 -149.8 -64.9
6.5 8.2 51.3
401.1 40.5 -14.2 0.6 -5 4.1
2266.5 -29.7 -65.8 20.5 -18.4 2.6
3120.6 -31.6 -20 13.7 -69.5 39.1
6.9 8 46.8
402.7 41.9 -13.8 1.7 -5.2 2.8
2265.5 -30.7 -66.8 19.7 -18.3 3.8
3116.1 -36.6 -18.6 4.6 -64.4 38.7
6.6 7.8 68.6
401.9 41.7 -14.7 2.1 -4.9 2.7
2266.9 -31.6 -65.2 18.4 -17.5 3.5
3110.6 -19.7 -32.9 23.7 -86.4 64.7
6.3 7.7 92.2
400.9 42.3 -13.7 3.6 -4.9 1.7
2268.4 -32.6 -64.6 16.7 -16.7 3.7
3100.1 5.8 -61.7 51.9 -118.3 100.4
5.7 8 79.2
398.4 41.2 -13.5 2.6 -4.3 2.6
2269.6 -31.7 -65.3 17.8 -17.7 4.3
3112.9 -3 -55.7 51.9 -115.3 89.1
5.7 7.9 74.5
396.7 40.6 -11.6 3.6 -4.7 2.1
2270.4 -31.2 -66.5 17.6 -18 5.1
3115.2 -0.3 -61.7 51.9 -114.1 87
5.4 8 55.4
393.9 39.9 -9.9 3.6 -4.6 1.9
2271.5 -31 -67.5 18.1 -18.5 5.5
3104.3 35.4 -99 81.1 -131 85
5.4 8.2 49.2
392.1 39.3 -9.1 3.5 -4.9 1.5
2271.3 -30 -69.3 18.9 -19.2 5.7
3094.1 64 -126.9 101.2 -139.5 81
5.3 8.8 48.3
390.7 38.3 -8.2 3.8 -5.4 1.4
2270.5 -29.6 -71 19.6 -19.9 5.6
3100.8 58.2 -123.5 95.1 -132.9 73.7
5.2 8.8 47.1
389.2 37.9 -6.8 3.4 -5.6 1.4
2269.4 -30.3 -71.2 20.7 -20 4
3104 56 -124.3 85.3 -112 39.3
5.1 9.3 47.7
388.2 37.2 -6.7 3.1 -5.6 1.4
2267.3 -32.1 -72.6 20.2 -21.2 2.1
3110.4 41.8 -116.2 74.3 -103.9 24.7
5 9.1 50.9
387.5 36.8 -6.1 2.9 -5.4 1.6
2265.6 -34.9 -70.9 19.9 -20.3 0.2
3124.6 9.4 -88.8 49.4 -86 6.7
5.1 9.9 56.2
387.2 36.2 -5.4 3 -5.4 1.6
2264.1 -40.3 -65.5 21 -19.6 -2.4
3155.1 -59 -29.9 14.3 -71.8 6.4
winner is: 17
