Regression analysis information for: KLH033a_0730
number of formants: 3
number of coeccicients: 5
5.9 36.8 20.1
332.1 -25.3 32.1 17.7 -8.3 -8.6
2344.3 43.8 -181.9 -25.3 -37.8 50.3
2894.4 169.7 -75.4 25.9 -18.8 39.7
5.8 42.8 21.7
328.8 -26.3 32.9 17.1 -7.8 -8.2
2373.4 45.7 -213.7 -23.1 -44.7 57.3
2889.9 178.1 -78.2 31.1 -24.5 42.6
5.4 51 22.6
325.7 -27.5 34.3 18 -6.1 -6.6
2404 63.1 -257 -19.3 -60.3 68.6
2883.2 185.8 -79.8 36.8 -30.8 44.8
5.1 62.9 23.6
323 -28.4 35.7 18.9 -3.9 -4.3
2439.3 83.7 -294.2 -22.5 -78.5 75.7
2878.9 185.9 -75 38.3 -31.4 45.1
5.2 77.7 23
320.6 -29 36.8 18.5 -2.6 -3
2453.4 114.5 -337.2 -37.6 -100.4 94.9
2870.8 190.4 -73.1 39.2 -30 45.2
5.1 96.7 27
319.6 -29.7 37.4 18.2 -3 -3.7
2353.9 142.9 -224.3 -87.7 -200.5 100
2876.7 208.9 -84.1 14.8 -47.2 47.2
5.1 96.3 45.4
318.9 -30.1 37.8 17.9 -2.6 -3.3
2193.1 201.5 -46.9 -239.7 -212.7 176.6
2887.7 220.8 -91.4 -11.7 -64.8 46.8
5.1 131.3 20.9
318.4 -30.4 38 17.8 -2.3 -3.1
2006.3 34.8 63.6 -31.3 29.5 161.9
2861.2 187.1 -71.8 38.3 -24.7 41.1
4.9 119.5 22.5
317.7 -30.6 38.3 18.1 -1.1 -2.1
1989.6 -7.5 73.7 -38.9 75.6 160.3
2864.4 178.2 -68.7 34.6 -23.1 41.7
5.1 116.5 23.4
318.2 -31 38.4 17.6 -1.7 -3.1
2018.4 -38.5 67.1 -50.4 75.5 162.1
2864.5 179.2 -70 35.5 -24.7 43.4
5 112.1 27.6
317.9 -31.1 38.5 17.9 -0.7 -2.1
2061.5 -64.5 66.2 -84 97 171.2
2868.1 173.5 -66.9 34.3 -25.7 46.3
5.1 111.5 36
318.6 -31.4 38.5 17.4 -1.5 -3.3
2118.5 -105 73.8 -106.4 108.4 150
2864.7 182.7 -74 43.6 -36.5 57.2
5 114.9 29
318.6 -31.3 38.6 17.7 -0.6 -2.5
2166.1 -110.4 52.2 -107.8 121.9 159.8
2882.3 148.3 -40.3 15.5 -12.6 37.7
5.1 189.7 26.1
319 -31.5 38.6 17.6 -0.6 -2.9
2178.2 -146.8 44 -23.8 173.9 176.7
2904.5 104.3 4.3 -22.8 19.8 11.2
5.1 153.8 91.7
319.6 -31.7 38.5 17.7 -0.4 -3.2
2334.4 -41.9 -56.6 -178.1 25.4 186.7
2961.4 133.1 -30.7 -99.8 -10.1 -13.9
5.2 173 172.3
320.6 -32 38.4 17.3 -1.3 -4.5
2471.7 -30.5 -181.8 -150.9 -2.6 117.3
3048.9 145.9 -154 -110.6 49.8 -47.6
5.2 173.7 181.8
321.2 -32 38.3 17.5 -1.4 -4.9
2520.9 69.2 -181.2 -294.8 -37.4 210.8
3095.2 127.1 -189.9 -114.7 30.2 13.8
5.1 80.4 159.3
321.3 -31.8 38.3 18.1 -0.6 -4.3
2670 32 -269.2 -105.4 -115.5 54.3
3226 64.1 -317.3 -6.2 -60 -40
5 37.2 120.7
321.8 -31.9 38.4 18.5 -0.6 -4.5
2729.5 80.3 -260.2 -53.2 -128.1 -26.1
3273.5 87.8 -370 -40 -59.4 -39.5
5.1 56.9 81.4
322.7 -31.9 38.3 18.2 -1.5 -5.8
2750.6 124.9 -231.9 -39.3 -134.4 -46.7
3315 146.2 -370.5 -72.5 -81.7 -65.5
winner is: 1
