Regression analysis information for: KLH033a_0772
number of formants: 3
number of coeccicients: 5
41.2 50 100.7
664.5 -32.2 -16 -37.8 -26.9 -7
1741.9 150.8 -7.2 -28.9 -36.3 -42.3
2058.3 275.5 62.2 -103 4.1 -66.6
41.5 46.4 103.2
665.7 -38.9 -9.2 -34 -37.8 2.2
1743.2 153.8 -5 -20.5 -35.2 -43.1
2051.3 265.2 74.7 -91.4 -0.1 -71.2
42.5 52.5 98.1
671.7 -48 -2.2 -34.1 -43.2 10.4
1739.7 175.3 -5.5 -7.3 -26.9 -48.7
2048.5 286.8 76.8 -108.5 -7.7 -61.5
48.8 68 151.8
689.7 -78.3 22.5 -53.4 -26.9 -4.3
1739 200.6 -0.3 3.4 -12.6 -46.8
2106.4 203 147.7 -172.1 17.2 -59.3
41.2 87.6 180.2
706.1 -101.2 32.6 -52.2 -33.3 5.2
1733.1 233.4 20.3 -15.3 37.3 -56.9
2163.7 131.5 198 -210.2 9.1 -26.9
45.9 71.3 102.9
721.3 -119.1 38.8 -58.2 -18.9 -14.9
1777.2 197.9 81.3 1.5 18 3.1
2339.3 -124.4 324.6 -212.2 -92 75.5
30.1 53.1 95.5
753.6 -162.6 56.9 -60.5 -20.7 -11.4
1806.8 191.4 120.3 30.4 -0.2 65.2
2414.2 -154.4 299.2 -149.6 -131.6 95.8
31.9 54.6 107.4
767.4 -174.2 52.6 -56.9 -17.8 -14.2
1816.8 192.5 116.7 36.2 4.9 70.7
2475 -149.2 264.8 -91.6 -124.2 88.6
34.3 23.1 139.8
777.7 -176.2 41.9 -54.4 -10.8 -17.6
1838.8 184.9 81.3 60.7 20.7 37.5
2550.5 -102.5 239.3 -24.5 -55.4 78.7
33.5 30.3 140.1
785.4 -171.3 22.8 -48.9 -3.4 -19.5
1832.9 189.7 91.2 56.8 5.7 44.8
2565.6 -89.2 233.3 -39.1 -65.2 85.7
33.3 101.7 150.1
789.5 -163.6 9.8 -50 0.1 -17
1794.3 193.9 169.8 50.2 -73.6 51
2576.8 -71.6 246.3 -41 -84.1 79.6
34.5 17.2 69.6
800.9 -148.6 -32.2 -39.2 13.2 -10.7
1845.7 196.8 68.4 60.1 20.8 39.3
2686.8 -77.5 71.4 4 50 51.4
46.7 18.9 77.1
786.6 -95.2 -98.7 3.5 -15.4 24.9
1845.3 203.5 66.2 58.3 20.7 40.8
2691.9 -51.7 71.6 -27 63.2 70.3
45.6 16.5 24.2
779.4 -70.1 -117.2 -3.1 -5.7 25.7
1846.7 207.1 62.8 59.2 20.4 37
2728.7 -73.8 40.7 34 31.5 25
44.5 16.2 22.7
775.4 -51.9 -130.4 -3.4 -7.5 29.5
1846.6 212 61.3 58.1 20.4 34.8
2734.6 -62.1 44.9 34.8 27.1 18.5
44.3 16.1 22.1
775 -43.4 -134.7 -6.2 -7.4 26.1
1846.7 216.5 60.4 57.6 20.4 32.7
2738.9 -51.2 47.4 36 23.7 13.2
44.5 16 22.3
770.9 -36.3 -131.9 -9.5 -7.7 20.2
1846.1 221.3 60.3 57.2 21.4 30.2
2741.4 -40.2 48.8 38.7 22.2 9.8
42.3 15.9 23
764.2 -29.8 -122.4 -15.5 -7.6 17.4
1845.5 224.6 61.4 56.5 22.4 28.2
2743.6 -30.6 51.7 41.2 23.2 6.8
40.1 15.6 23.3
755 -23.8 -106.7 -23.6 -13.7 20.1
1844.7 227 63.5 55.4 22.6 27.7
2745.1 -23.5 55.3 41.7 23.9 5.2
35 15.4 23.7
746.1 -22.6 -89.4 -23.5 -24.6 18.4
1844.5 228.7 66.9 56.2 22.1 27.2
2746.7 -17.6 61.2 43.4 25 4.2
winner is: 20
