Regression analysis information for: KLH033b_0664
number of formants: 3
number of coeccicients: 5
0.5 4.9 27.2
318 -44.3 8.6 -4 4.8 1.5
1248.5 -16.3 129.2 60.6 27.3 21.9
2337.3 -123.8 12.2 -90.1 37.1 -19.1
0.5 7.6 17.6
318.2 -44.5 8.8 -3.8 4.6 1.3
1259 -22.7 138 66.9 23.3 27.3
2357.5 -153.2 34.4 -89.6 28 -7.5
0.8 13 12.1
319 -45.4 8.3 -4 4 1.2
1282.6 -29 157 77.2 26.6 37.9
2389.2 -180 54.9 -82.5 8.7 20
0.8 16.7 17.4
319.9 -46 8.3 -3.7 3.9 1.3
1302.3 -55.1 164.5 78.5 17.3 44.3
2407.3 -197.3 57.9 -77.5 -5.3 32.7
1 19.5 15.8
320.2 -46.7 7.6 -4.3 3.3 0.9
1320.6 -50.8 179.5 87.2 21.4 51.8
2415.6 -191.1 54.9 -78.2 -8.4 32
0.8 18.2 10.9
321.5 -47.4 7.1 -3.7 3.3 1
1346.2 -72.8 180.9 96.1 9.9 51.8
2433 -192.5 45.3 -71.6 -18.6 29.2
1.1 18.5 11.3
321.6 -48.2 5.5 -4.7 2.8 0.6
1360.3 -51.7 190.9 106.2 20.6 54.2
2442.7 -181.9 41.1 -79.2 -24.2 25.8
1.1 16 10.5
321.6 -48.8 4.2 -5.4 2.8 0.4
1374.3 -34.6 196.9 115.5 26.3 52.6
2451.9 -173.6 35.1 -85.3 -29.8 21.9
1.9 20.4 17
320.8 -52.1 0.2 -7.5 1.8 -0.9
1421.3 29 243.2 160.7 60.7 63.5
2461.2 -175.2 11.3 -105.3 -48.8 4.2
2.9 22.8 18.7
319.7 -57.7 -5.4 -10 -0.2 -2.3
1478.7 62.8 271.4 195.7 46.6 45.4
2518.3 -108.1 58.2 -60.7 -35.1 16.8
2 17.7 8.9
320.7 -55.1 -4 -8.7 2.2 -1.3
1461.5 64.3 252.1 183.2 66.8 39.7
2500.9 -126.2 33.5 -79.7 -28.2 20.4
3.3 20.8 23.2
318.9 -59.9 -9.1 -11.6 -0.2 -3.4
1483.8 78.8 254.2 199.6 61.1 23.5
2534.4 -77.2 67.4 -49.4 -19.6 17.4
5 30.7 20.6
316.8 -67.1 -16.6 -14.4 -0.6 -4.4
1531.1 95.8 238 207.8 43.4 -19.4
2602.6 20.4 138.3 14.2 31 61.7
4.9 26.4 25.9
318.2 -64.2 -15.1 -13.4 0.1 -4.8
1518 85.3 223.9 213.9 63.9 -12.4
2591 8.8 129.1 13.6 39.6 66
6.5 28.4 27.3
316.1 -68.7 -19.7 -16.6 -2 -6.5
1528.5 92.3 219.8 217.7 62.1 -20.8
2600 19.9 132.8 15.9 37.2 64.2
9.1 35.4 29.3
314.2 -74.5 -26 -20.5 -5.6 -10.3
1553.2 79.4 195.1 243.4 70.5 -43.4
2607.7 21.5 136.1 24.1 36.6 65.5
7.9 29.6 31.4
318 -68.8 -21.1 -17.4 -4.5 -9.9
1557.7 41.3 176.7 255.5 77 -40
2602.8 1.2 128.2 26 37 70.7
7.5 31 32.2
318.1 -69.7 -21.4 -16.7 -3.1 -8.6
1577.4 35.9 171 264.8 72.8 -51.5
2611.5 3.7 129.3 26.9 31.6 70.7
4.5 31.5 32.5
324.2 -60.6 -13 -10 2.6 -4.5
1591.6 -5.1 140.4 270.6 81.6 -62.7
2604.7 -22.9 111.3 12.6 16.6 66.3
4.8 88.7 42.9
324.9 -63.1 -15 -9.3 3.5 -4.6
1684.1 -62.1 21 374.1 126.5 -171.9
2615.9 -27.9 116 23.8 2.1 65.9
winner is: 2
