Regression analysis information for: KLH033d_0188
number of formants: 3
number of coeccicients: 5
8.9 82.9 43.3
943.4 168.1 177.5 74.8 35.4 -0.6
1514.1 17.7 134.4 163.3 88.8 120.8
2464.7 102.4 21.1 26.3 -8.7 52.9
6.2 19.9 20.2
940.5 164.3 176.6 72 38.8 6.4
1455.1 -92.7 27.1 53.1 -6.1 39.7
2430.7 41 -28.7 -55.8 -60.1 4.3
10 30.9 17
951.7 174 178.4 63.6 26.8 -1
1471.6 -64.6 54.4 76.2 18.9 51.3
2442 37.8 -24.7 -67.5 -50.7 7
14.1 32 14.4
959.3 181.2 174.4 51.3 14.4 -11.3
1477.2 -61.9 65.8 85.2 34 59.7
2462.8 37.4 -11.8 -75.3 -37 9.9
17.1 33.6 13.3
969.5 188.7 165.7 35.3 0.6 -22.1
1486.6 -56.5 81.8 102.9 52.3 68.7
2489.4 26.7 -7.8 -81.8 -22.8 11.8
14.4 30.5 13.4
983.1 200 155.9 17.2 -10.8 -25.7
1499.3 -41.7 107.9 131.2 75.2 75
2506.2 -2.1 -18.4 -97.6 -11.5 13.3
12.2 30.4 16.2
999.3 210.4 145.2 4 -12.7 -20.1
1518 -25.6 139.8 167.7 97.1 78.9
2522.1 -77 -36.8 -112 2.3 19.8
26.2 43.1 16.6
999.5 195.1 133.4 21 31.1 17
1512.6 -59.5 133.6 181 102.5 80.5
2542.4 -177 -38.7 -95.8 35.2 32.3
12.2 87.9 79.9
1048.7 238.6 99.6 -43.8 -16.2 3.7
1776.9 308.8 209.8 -13.3 -229.4 -164.1
2673.3 -35.6 14.5 -73.1 -79.4 -80.1
16.8 78.8 30.6
1074.3 247 69.8 -56.4 7.5 28.1
1855.9 364.6 190.1 -42.7 -185.6 -47.7
2740.6 44 47.8 -20.5 -16.2 -14.6
8.1 67.4 116.5
1086.6 246.1 57 -49.8 22 27.1
1881.4 354.6 167.7 -37.5 -165.7 -33.1
2711.3 13.1 92.7 51 -56.6 -114.3
6.9 55 9.7
1097 245 45.9 -45.8 33.2 26.2
1918.3 354.7 128.4 -49.2 -136.3 -5.6
2780.1 41.8 -10.7 -15.8 20.8 -8.9
7 52.9 15.3
1102.5 243.9 42.4 -42.7 36.9 25
1936.6 351.5 117.9 -49.3 -130.9 -0.9
2777.9 38.5 -1.9 -13.4 11.4 -12.5
7.6 47.6 8.3
1107.1 241 37.1 -40 39.7 22.8
1954.4 347 101.2 -47.6 -122 -0.3
2784.3 37.4 -10.1 -14.3 19 -7.8
8.8 43.8 8.3
1107.7 235.4 32.7 -41.8 39.2 22
1963.9 339.1 90.7 -51.6 -120.4 -1.3
2785.2 34.4 -10.2 -14.5 18.1 -7.1
7.8 48.7 8.2
1105.1 232.8 32.7 -43.2 39.4 23.4
1955.1 334.7 98 -54.6 -127.2 -4
2784.3 32.9 -10.1 -14.3 19.1 -7
8.4 49.7 8
1102.4 225.3 26.6 -43.3 41 22.4
1947.1 316.3 90.1 -50 -122.2 -5.5
2783.4 30.1 -10.8 -13 20 -7.4
8.8 48.9 7.8
1100.4 218.7 22.9 -42.1 42.9 22.3
1936.8 294.8 87.1 -36.3 -112.4 -5.4
2783.3 27.4 -10.9 -11.7 20.4 -7.4
9.3 45.7 7.8
1097.1 212.1 20.6 -41.6 43.8 23.1
1921.8 269.6 89.5 -17.2 -100.8 -6.5
2783.1 25.4 -10.8 -10.8 20.2 -7
9.9 39.8 7.6
1095.6 208.2 18.1 -39.6 46 22.8
1909.8 252.6 91.1 3.1 -85.2 -7.8
2783 24.7 -11.4 -9.8 20.4 -7.3
winner is: 2
