Regression analysis information for: KLH033b_0203
number of formants: 3
number of coeccicients: 5
13.4 29.3 77.5
417.9 -52.5 -20.5 -2.4 -6.1 -0.9
1205.3 354.6 181.1 100.7 57.5 11.7
2333.6 14.5 66.4 109 98.8 94.3
16.1 29.6 104.1
425.5 -51.8 -19.7 -4.7 -11.3 -5.9
1219.6 366.6 186.8 88.9 42.2 -4.7
2401.2 59.1 90.7 95.9 52.5 34.8
33.2 31 107.2
447.5 -34.3 -18.4 -24.3 -42.5 -30.2
1244 390.5 194.6 60.1 9.6 -32.1
2528 171.1 134.1 36.7 -70.2 -83.5
47.5 32.9 105.2
478.2 -12.3 -28.3 -60.4 -83.4 -43.8
1266.5 407.7 196.5 21 -19.3 -42.5
2597.4 155.3 111.1 -4.7 -112.6 -66.9
41.6 48.6 120.6
508.5 -3.1 -51.6 -93.4 -101.5 -26.7
1287.2 401.4 217.2 -25.9 -23.7 -50.7
2685.6 126.5 77.4 -58 -159.1 -24.8
55 69.7 105.9
560.1 7.3 -121.3 -142 -76.6 39.8
1307.6 386.9 243.7 -77.9 -26.6 -38.2
2770.5 153.1 -38.2 -155.6 -103.5 89.8
66 131.3 84
580.8 -15.9 -154.1 -122.9 -61.1 45
1390.8 304.5 220.7 -69.7 -27.8 -27
2853.6 69.3 -80.2 -83.4 -119 64
65.4 145.4 70.5
592.1 -31.9 -179.4 -108.8 -36.3 51.5
1458 203.9 256.7 -102.4 -5.5 0.3
2884.6 48.7 -117.1 -55.5 -100.9 32.6
71.5 185.8 67.1
600.9 -43 -194.8 -91.8 -30.1 42.5
1526.3 156.3 154.3 -9.6 42.2 -91
2911.4 36.6 -157.4 -27.7 -79.9 8.5
66.3 199.1 64
606.5 -48.2 -206.9 -85.1 -19.6 44
1535.8 145.1 116.6 43.2 47 -100.8
2917.2 35.2 -166.4 -22.6 -77.9 14.9
78.7 216.4 65.5
591.1 -54 -191.3 -80.8 -16 65
1493.2 170.3 108.3 75.8 59.1 -41.9
2907.9 42.2 -153.6 -29.7 -92.2 43.3
52.4 207.5 65.4
535.3 -97.1 -114.5 16 -34.8 -24.6
1456.2 134.3 144.3 174.7 46.8 -149.4
2914.1 32.5 -168.5 -9.2 -82.2 25.3
26.6 190 56.5
510.7 -116 -92.7 58.6 -12.6 -43.9
1404.3 171 188.8 145.2 41.2 -110
2896.3 37.2 -145 -11.9 -95.4 41.8
30.3 196.2 63.2
501.8 -111.1 -81.5 51.8 -17.2 -38.1
1388.6 203.8 165 141 74.5 -130.9
2899.1 36.6 -162 1.7 -74.6 25.8
29.6 161.6 63.4
500.9 -108.5 -83.4 51.3 -14.9 -38.4
1354.2 269.8 121 160.6 72.4 -134.9
2893.7 39.2 -159.1 9 -71.7 23.3
31.8 135.9 64.6
493.4 -103 -73.8 43.3 -19.2 -32.2
1321.3 289.6 178.8 111 48.6 -79.6
2887.5 40.4 -157.9 11.5 -65.2 22.6
33.2 111.3 58.5
487.9 -95 -67 23.9 -12.8 -10.1
1296.3 332.3 222.9 2.7 80.4 53.5
2883 49.9 -144.6 -3.7 -65 40.4
36.6 170.4 61.9
497.2 -93.5 -85.7 22.9 4.8 -10.4
1335 336.9 164.1 -13.2 147.5 84.3
2889.1 57.2 -151.6 -9.6 -52.9 45.5
45 209.7 72.7
499 -91.4 -89.8 17.1 15.9 -5
1374.1 332.2 103.8 4.8 211.7 68
2903.5 65.2 -169.3 -11.9 -33.1 51.3
55.1 289.1 102.3
524.8 -94.8 -138 25.2 60 -15.2
1521.4 307.5 -169.2 109.6 446 -72.6
2954.4 60.5 -256.2 25.9 37.4 2.9
winner is: 1
