Regression analysis information for: KLH033e_0268
number of formants: 3
number of coeccicients: 5
10.2 114.9 63.6
330.7 94.9 -91.8 16.8 -10 14.5
1653.5 230.6 55 1.2 187 120.2
2157.8 301.1 234.3 154.9 54 -18.5
99.1 96.6 151.3
592.6 -384.5 301.3 -243.7 110.6 23.9
1790 165 185.8 -224.7 114.8 64.7
2427.4 -48 549.7 -113.9 5 -48.1
24 163.9 106.9
571.7 -323.4 198.2 -137.8 34.7 18.8
1835.5 87 257.8 -188.2 -74.9 222.5
2600.6 -160.4 467.8 -32.6 -273.2 13.5
15.2 77.7 138.1
559.2 -280.6 123.9 -65.8 -11.6 21.2
1923.7 -13.3 101.9 26.3 -106.3 -47.9
2754.9 -176.3 210.6 25.2 -200.5 -83.5
19.4 1.2 6.1
571.3 -287.6 93.9 -33.2 -23.1 6.6
1985 5.6 -5.8 7.3 3 -0.3
2860.4 -126.4 22.4 -26.6 -1.5 19.4
19.8 1.3 5
587.3 -299.3 73.9 -16.7 -22 -2.6
1984.8 6.4 -6.3 6.7 2.9 -0.7
2852.1 -113.2 24.6 -29.4 -3.3 15.3
16.8 1.5 3.9
588.4 -303.8 77.2 -17.8 -18.4 0.3
1985.2 6.1 -6.4 6.5 3.1 -0.7
2854.5 -108.8 20.6 -27.1 -6.8 13.2
14.5 1.8 8.4
593.5 -310.3 75.3 -8.7 -13.4 -7.5
1982.9 1 -9.1 5.4 3.6 -0.2
2844 -131.5 2 -36.5 -8.3 19.2
11.4 1.8 11.3
591.9 -308.7 81.3 -14.7 -10.1 -5
1982.2 -1.8 -10.3 5.1 3.8 0.3
2839.5 -147.7 -7.9 -36.4 -5.9 23.7
9 1.8 11.6
576 -298.1 109 -38.4 -15.4 16.7
1981.9 -3 -10.1 5.4 4.2 0.7
2842 -156.1 -10.5 -31.1 -2.7 26
14.4 1.7 10.6
553 -273.3 131.7 -72.3 -4.3 36.9
1981.4 -2.8 -9.8 5.8 4.3 1
2847 -161.4 -8.8 -26.3 -2.9 27
27.9 1.6 8.6
502.4 -200.4 124.9 -118.8 51.3 13.4
1978.4 -1 -9.6 6.5 3.6 0.7
2843 -167.8 0.5 -23.8 -3.4 29.5
31.5 1.6 7.4
458.5 -128.2 78.2 -112.2 69 -14.9
1977.1 4 -8.5 9.1 3.3 0.9
2841.6 -156.2 19.3 -20.5 -3.5 30.7
189.3 122.1 98.5
544.6 -299.6 223.9 -237.3 159 -75.6
2082.4 -194.5 167.3 -124.5 87.2 -34.1
2921.3 -298.5 182.3 -150.1 79.1 -8.5
3.9 2.9 8.5
357.5 60.8 -95.6 18.6 -12.7 12.4
1972.4 20.3 -10.7 11.9 4.2 -0.7
2814 -77.6 39.7 -48.8 19.2 19.5
1.6 3.6 6.1
369.7 30.6 -77.1 1.6 -3.6 7
1971.7 27.3 -11.1 13.8 4.6 -1.4
2806.6 -36.2 38.3 -47.7 24.7 9.9
1.5 3.8 5.4
371.1 17.3 -74.8 -3.9 -2.2 6
1972.6 32.2 -10 15 4.8 -1.6
2811.5 -8 41.8 -44.6 25 4.7
1.3 4.1 5.3
370 6.6 -76.4 -8.6 -3 5.5
1973.6 36 -8.7 16.1 5.6 -1.8
2818.1 14.3 48.7 -40.4 27.2 1.4
1.1 4.3 4.9
365.9 -1.3 -81.7 -11.3 -5.6 5.4
1975 38.6 -7.4 16.3 6.4 -2.1
2829.8 29.3 56.6 -37.8 28.4 -0.6
1.5 4.3 5.7
357.9 -14.5 -90.3 -19.3 -9.3 2.7
1977.6 41 -6 17.9 6.8 -1.8
2850.4 46.4 63.8 -25 28.7 -2
winner is: 19
