Regression analysis information for: KLH033a_0404
number of formants: 3
number of coeccicients: 5
9.5 13.2 36.5
585.1 92.1 -46.5 10.9 -23.5 10
1416.8 -213.6 -10.2 27.6 1.4 -8.7
2762.8 91.6 -59.9 -28.6 -83.5 -33
11.5 16.2 18.4
603.1 110.1 -44.1 6.3 -30 6.4
1446.5 -181.3 6 39.5 7.7 -7.9
2795.1 123.2 -11.3 13.2 -41.6 3
12.3 14.7 18.3
618.3 125.7 -42.8 1.8 -36.5 3.6
1473.1 -150.5 22.4 52.1 15.2 -3.9
2803.9 114 -8.5 14.6 -38.9 2.8
11.9 13.4 18.4
629.1 138.2 -43.4 -2.7 -41.1 1
1491.6 -127.4 32.1 59.1 19.2 -3.3
2810.5 107.4 -8.8 15.5 -37.9 1.6
11.3 12.8 18
636.5 145.8 -45 -7 -44.2 0.6
1503.7 -112.9 37 62.5 20.9 -2.2
2816.1 103 -10 17.2 -38.1 1.9
11.1 13 18.5
640.9 151.3 -45.9 -9.8 -46.3 -1
1511.6 -103.2 39.9 64.3 21.9 -3.3
2820.8 99.5 -10.8 18.1 -37 0.6
11.6 12.9 17.3
641 153.6 -45.4 -8.8 -46 -2.6
1513.6 -98.5 41.6 69.5 25.4 -3.1
2821.6 103.1 -17.5 24 -39.8 2.4
12.3 15.5 14.8
637.2 150.7 -45.6 -10.1 -48.9 -6.3
1504.9 -108.6 34.6 65.1 19.4 -9.4
2819.8 110.2 -25.7 30.7 -43.9 5.4
12.4 16.2 16.4
630.3 145.3 -44 -10.3 -48.5 -6.9
1490.3 -123.8 30.6 57.9 17.9 -11.4
2820.1 109.4 -21.4 23.4 -37.5 1.6
12.8 15.8 16.6
618.6 132.3 -43.2 -6.3 -46.1 -7.6
1465.1 -157 16.1 48 12 -14.8
2816.3 113.4 -20.5 19.2 -35 -0.1
13 11 16.3
602.6 112.3 -43.3 2.1 -40.4 -6.2
1441.2 -191.6 3.3 41.4 7.8 -13.6
2813.1 111.5 -16.1 15.5 -36.3 -0.4
11.7 9 17.4
591 97 -42.9 11.3 -30.3 0.3
1432.4 -203.4 3.2 42.2 9.5 -9.7
2811.2 105.6 -8.9 10.6 -35.3 -2.5
10.2 7.9 21.1
586.4 92 -40.6 13.7 -29.6 2
1429.2 -204.8 8.6 41.7 6.6 -9
2807.9 101.3 2.4 5.4 -37.3 -4.4
9.6 7.7 23.4
583.9 88.1 -41.5 16 -26.5 4.9
1430.2 -204.9 9 40.9 7.5 -8.1
2809.7 94.2 8.2 0.7 -32.2 -7.6
9.1 7.7 25.7
583 87.1 -41.7 17.6 -25.4 6.9
1432.8 -204.7 10.3 40.8 7.6 -7.3
2814.9 83.5 16.6 -4.2 -28.1 -10.2
8.8 7.3 30.2
583.4 87.3 -42.1 18.7 -25 8.5
1435.8 -204.4 11.2 41.2 7.9 -7
2821.9 71.6 24.8 -9.7 -22.3 -15.1
8.6 7.3 34
584.9 89.2 -42.6 19.9 -25.2 10
1438.9 -205 12.4 41.8 8.3 -6.7
2832.9 55.5 35.6 -17.3 -15.5 -19.4
8.1 7 34.9
586.5 92.2 -43.8 21.5 -25.3 12.1
1442 -206.2 13 42.8 8.7 -7
2843.5 41 43.6 -21.9 -11 -22
7.8 6.8 33.9
588.6 98.1 -45.4 23.8 -26.3 14.4
1444.3 -209.1 13 44.1 9.4 -7.5
2854.7 26.8 51 -24.9 -8.8 -21.7
7.8 6.6 33.3
592.1 105.9 -47.6 26.3 -27.2 17.2
1445 -214.2 12.1 46.6 10.3 -9.4
2865.4 16.2 53 -23.7 -8.6 -20.9
winner is: 12
