Regression analysis information for: KLH033b_0704
number of formants: 3
number of coeccicients: 5
10.7 8.5 16.8
513.1 -33.8 -70.3 25 -20.6 13.3
1044.4 -46.2 -15.3 0.8 -7.1 13.1
2056.3 133.8 -22.2 -5.9 51.8 15.8
10.9 8.9 20.3
517.3 -36.3 -69.7 25.9 -23.2 14.1
1046.6 -48.7 -15 1.1 -7.9 14
2081.3 129.9 -10.1 -9 53 16.4
12.1 9.7 21.7
523.4 -40.2 -71.8 27 -24.2 16.8
1049.3 -51.5 -14.5 1.8 -9.3 15.6
2103.7 120.6 -13.2 -18.3 60 17
11.6 9.9 25.7
532.3 -45.2 -77.2 31 -27.7 17.5
1051.1 -55 -14.1 3 -11 17
2129.8 123.3 -12.2 -31.2 70.3 13.2
13.6 11 45.4
550.1 -61.4 -81.4 36.8 -34.7 20.3
1054.1 -64.1 -10.3 4.9 -14.1 21.3
2102 228.7 -80.8 -15.4 73 3.7
17.1 29.7 218.5
572.7 -81.5 -94.7 48.5 -39 17.6
1042.1 -54.4 -9.3 -7 3.2 6.1
2254.8 -6.7 148.4 -183.4 127.5 100.5
25.2 10.7 120.4
605.8 -106.6 -134 78.3 -40.5 7.8
1057.8 -88.5 -0.1 18.7 -41.2 36.1
2401.1 -212 273.6 -161 -12.6 221.7
34.1 27.2 133.5
650.3 -171 -111.8 23.3 12.8 -28
1067.3 -114.1 -14.7 56.9 -47.1 7.2
2530.2 -323.2 119.6 96.1 -72.2 16.5
26.6 34 80.1
640 -153.4 -202.8 53.2 -4.2 29
1102 -143 -78.1 106.9 -16 -31.8
2554.1 -354 54.7 185.8 48.9 -47.4
109 155.7 208.5
731.1 -58.2 -105.8 62.8 44 -9.6
1243.3 93.1 87.5 246.8 52.2 -67.5
2583.3 -292.2 158.4 389.7 209.6 -124.2
80.4 126.8 33.7
775.1 54.8 -174.2 -11.4 -75.8 -26.5
1269.2 106.2 18.9 175 43.2 -59.7
2870.3 14.3 -44.4 -89.3 -92.6 -73.1
58.5 86.7 50.7
801.8 116.8 -157.5 -1.8 -89.9 -18.3
1296 156.1 63.5 219.3 93.7 -4.3
2912.4 93.6 33.3 -16.2 -24.4 -15.9
12 70.8 94.4
823.3 179.9 -111.1 46.9 -37.7 22.9
1377.6 302.7 154.7 270.7 182.9 108
2965.5 198.6 135.7 85.2 74 75.7
13.8 69.9 97.9
820.5 185 -111.7 43.1 -30.7 17.3
1380.7 314.8 153.3 261.3 184.7 100.8
2970 206.4 141.6 90.7 79.7 78.7
15.3 69.2 76.2
814.7 190 -114.9 33.9 -23.4 16.1
1306.1 286 219.1 212.2 70.9 58.5
2929.6 134.7 69.7 25.8 20.7 30.3
12.3 79 72.7
810.8 201.7 -108.5 24.3 -16.4 10.3
1324.8 324.7 242.6 240.5 165.3 136.4
2927 137.8 64.4 24.4 18.8 30.3
12.9 67.9 75.6
801.8 212.6 -100.3 8.7 -10.1 16.5
1281.7 288.6 249.2 203.5 110.1 112.5
2920.2 138.7 59.3 17.7 16.6 27.9
24.4 90.1 115
788.9 211.7 -82.3 11.6 -3.6 21.6
1247.7 272.2 317.4 291.1 149.9 116.5
2969.5 235.9 161.1 102.1 97.6 97.6
36.1 129.8 114.5
750.2 192.3 -32.4 50 -2.6 5.9
1198.1 175.5 257.9 290.1 195.9 168.5
2960.6 233.5 159.6 97.6 91 97.9
58.9 129.6 98.5
708 141.5 -43.6 42.9 -7.5 10.8
1246.8 248.8 285.2 286.3 157.2 93
2907.3 140.5 44.2 -45.7 -83.2 -94
winner is: 1
