Regression analysis information for: KLH033d_0051
number of formants: 3
number of coeccicients: 5
6.4 112.8 54.7
317.3 10 14.7 16.9 12.1 4
2146.2 -323.6 -222.1 -55.4 -20.6 17.6
2588.3 -126.4 38.6 129.1 78.9 -46.3
6.3 125.8 59.1
317.3 10.2 14.7 16.6 11.9 3.7
2115.3 -295.5 -205.8 -68 -22.3 -7.5
2613.9 -82.6 41.6 90.8 23.8 -95.1
6.4 118.1 56.1
317.4 10.6 14.9 16.5 12.1 3.9
2110.4 -259.3 -204.6 -110.8 1.3 1.5
2619 -76.1 44.9 83.2 17.4 -100.3
6.6 98.9 57.3
317.6 11 15.2 16.6 12.4 4.1
2102.9 -214 -204.8 -171.9 46 16.7
2625.9 -74.5 46.6 74.4 19.6 -97.6
6.8 85.8 57.7
317.8 11.2 15.5 16.7 12.6 4.3
2114.8 -208 -214.5 -186.9 61.1 30.3
2639.8 -73 35 59.3 30.6 -85.6
7 78.7 59
318.1 11.6 15.8 16.9 13 4.7
2144.2 -218.1 -220.8 -181.4 69 43.9
2667.5 -61.6 3.9 26.1 49.7 -58.7
7.1 91.2 61.7
318.4 11.8 16.1 17 13.3 5
2170.9 -238.4 -223.4 -157.9 90.1 47.7
2694.6 -46.4 -25 -13.7 58.1 -33.9
7.3 99.3 30.4
318.7 12.1 16.4 17.1 13.5 5.2
2208.2 -253 -223.9 -144.2 84.2 65.4
2721.5 -27.6 -35.8 -66.2 33 -25
7.3 108.2 35.9
318.9 12.1 16.6 17.2 13.7 5.3
2241.5 -285.1 -231.1 -104.7 77.5 71.8
2733.4 -42.1 -34.7 -71.1 47.4 -29.8
7.2 104.5 46
319.1 12.1 16.7 17.3 13.8 5.4
2270.4 -308.9 -236 -66.9 55.4 73
2760 -75.3 -29.7 -69 53 -23.8
7.4 93 74
319.4 12.3 17 17.6 14 5.6
2297.3 -319 -236.3 -25.6 42.4 74.6
2793.5 -123.2 -18.5 -59.7 38.4 -1.5
7.5 77.5 113.4
319.8 12.5 17.4 17.9 14.2 5.7
2327.1 -321.8 -234.4 21.2 36.1 68.6
2837.1 -194.7 10.4 -47.8 -8 57
7.6 66.4 122.5
320.1 12.6 17.6 18.1 14.3 5.7
2359.5 -318.3 -226.2 72.7 34.3 63.4
2872 -249 11.7 -15 -60.7 91.4
7.7 63.7 101.7
320.4 12.9 18 18.4 14.5 5.7
2378.4 -301.1 -210.6 95.6 39.7 61.2
2917.8 -300.3 -6.1 53.1 -113.3 98.2
7.9 61.8 61.6
320.7 13.2 18.4 18.8 14.7 5.8
2395.9 -269.6 -181.3 113.6 54.6 67.6
2971.6 -333.5 -14.1 146.5 -151.1 107.1
7.9 57.2 30.9
321 13.4 18.8 19 14.7 5.7
2408.5 -248.3 -162.7 122.1 57 61.5
2984.2 -376.9 -54.3 167.4 -188.4 65.5
7.9 55.7 37.3
321.1 13.4 18.7 18.9 14.6 5.5
2413.5 -243 -158.3 118.8 51.6 52.7
2993.4 -361.5 -36.9 180.8 -167.5 77.4
8 66.9 43.1
321.3 13.6 19 19 14.6 5.4
2419 -237.4 -158.4 107 31.4 25.1
2997.7 -355 -27 186.2 -156.1 85.7
8 78.1 37.8
321.5 13.9 19.3 19.3 14.7 5.5
2424.4 -230.3 -155.5 102.1 19.7 8.4
2999 -354.1 -25.9 186.2 -153.7 82.3
8.2 50.8 93.8
321.8 14.3 19.6 19.4 14.7 5.4
2467.7 -151.6 -84.1 156.4 62 36.5
3076.1 -209.9 117.3 312.5 -39.8 175.1
winner is: 16
