Regression analysis information for: KLH033d_0277
number of formants: 3
number of coeccicients: 5
30.1 23.8 27.5
605.1 -231.4 20.9 -36.5 -15.1 45.4
1025.3 36.5 -62.4 19.2 7 51.9
2625.8 -56.2 -52.6 -80.2 -40 25.6
58.4 23.8 54.9
565.3 -145.6 -63.3 50.2 -82.1 102.9
1030.5 30.6 -54.8 17.4 13 47.6
2610.6 -70.5 -15 -25.7 -8.7 16.3
59.7 25.3 41.5
567.2 -154.3 -44.5 37.1 -81.4 102.9
1028.8 32.5 -52.4 14.4 13.1 48.9
2627.1 -59.2 -27.1 -47.4 -20.5 28.5
51.7 21.5 32.8
549.6 -122.4 -66.2 57 -91 95.7
1023.7 44.9 -50.6 11.5 27 36.8
2635.3 -48 -18.8 -39.8 -22.3 36.4
49.2 19.6 27.4
540.5 -109.6 -71.6 57.3 -86.5 85.1
1018.1 53.7 -52.1 7.4 36.6 25.8
2644.9 -41 -29.6 -53.9 -29.5 47.9
17.2 21.8 25.7
502.1 -47.4 -91.8 33.2 -36.6 23.7
1023.7 50.8 -45.5 12.2 34.3 35
2663.7 -10.7 -37 -73 -42.9 58.8
11.6 23.5 30.2
490 -31.5 -89.8 22.1 -28.3 13.4
1026.3 49.8 -42.3 14.7 32.2 38.7
2660.3 2.6 -43.4 -79.8 -42.7 59.7
14.1 28.2 32.3
487.4 -24 -89 18.3 -24.8 8.7
1030.5 52.8 -36.3 21.6 34.4 46.1
2653.9 23.8 -36.1 -80.2 -27.8 46.9
15.1 31.4 35.2
487.6 -23 -86.4 15.6 -23.1 8
1034.4 53.1 -30.6 24.8 37.8 49.7
2642.2 43.3 -39.7 -78.6 -16.5 39.2
16.2 43.5 36.3
489.8 -22.4 -85.1 16.2 -22.2 8.1
1041.1 64 -17.2 36.3 50.5 61.8
2646.8 53.5 -33.8 -72.9 -13.2 40.7
17 48.4 36.4
490.1 -19.9 -84.4 16.8 -24.3 11.2
1042 67.9 -16.3 40.9 52.7 65.8
2652 52.4 -23.2 -74.7 -15.7 42.7
19.6 60.7 35.8
491.2 -16.1 -86.2 21.8 -28.5 15.4
1043 78.5 -11 50.8 62.8 76.7
2665.9 48.7 -7.5 -72 -25.6 45.3
22.1 37.9 28.7
488.4 -12.6 -97.8 30 -38.2 20
1025.5 58.2 -39.2 26.4 39.2 56.3
2674.8 29.6 -10.7 -77.6 -37.9 40.7
51.8 164.8 128.5
504.1 -42.1 -68.4 1.9 -6 -11.1
1074.7 -57.1 65.2 -90.3 152.1 -57.7
2733.5 -66 85.9 -165.2 42.7 -45.1
60.2 169.6 126.1
498.6 -26.8 -82.3 17.5 -10.3 0.2
1061.2 -70.7 49 -103.8 145.8 -62.1
2750.9 -70.4 90.8 -169.3 40.2 -46
69.9 206.1 143
525.9 -122.5 -31.5 -62.2 39.8 -54
1173.4 -298.1 262.8 -299.4 313.1 -191
2850.8 -251.7 253.8 -316.8 168.3 -141.6
80.4 196.6 137.2
522.5 -103.4 -35.6 -50.9 49.7 -57.3
1170.3 -290.5 269.2 -306 316.1 -193.4
2862.7 -271.8 250.6 -311.9 165.5 -138.6
86 239.9 156.3
564.2 -99.5 32.6 -42.1 81.7 -37.3
1297.2 -282.5 471.8 -293.3 363.1 -168.7
2970.4 -257.8 395.7 -299.4 208.8 -122
90.5 298.3 179.2
598.9 -84.1 78.5 -45.6 66.8 -44.9
1438.9 -272.6 649.2 -281.3 290.2 -145.5
3068.4 -240.3 502 -282.6 161.5 -115.5
104.5 303.5 175.7
582.2 -73.5 71.9 -52.8 95.3 -48.4
1437.2 -277 655.8 -284.1 289.3 -142.8
3082.3 -243.7 499.9 -283.2 163.2 -113
winner is: 6
