Regression analysis information for: KLH033a_0753
number of formants: 3
number of coeccicients: 5
0.9 274.2 63.2
315.8 -24.2 -26.7 -12.8 -6.5 -3.9
2020.4 301.7 264.4 -205.1 -92.9 -210.6
2734.7 277.2 2.2 -102.4 -132.1 -24.4
0.8 151.7 63.7
315.5 -24.5 -26.6 -12.5 -6.2 -3.7
1907.3 214.2 474.2 -77.3 -94.9 -340.9
2697.5 240 87.2 -33.5 -134 -107.6
0.8 139.9 72.9
315.4 -24.6 -26.4 -12.3 -6.1 -3.6
1906.3 170.2 475 -23.7 -20.3 -323.9
2683 226.4 99.7 1.2 -110.2 -112.8
0.8 193.7 73.7
315.4 -24.8 -26.5 -12.2 -6 -3.4
1911.5 195.2 452.1 -50 -1.9 -369
2683.1 222.6 101 -0.9 -107.2 -111.5
0.7 237.8 84.1
315.3 -25.1 -26.5 -12.1 -5.7 -3.2
2029.9 -14.3 493.2 67.2 -46.8 -202.6
2660.9 99.5 100.8 74.1 0.2 -21.9
4.5 300.2 112.9
313.5 -27.4 -25.6 -8.4 -2.1 -2.3
2190.1 -70.9 309.9 99 4.3 -151.2
2716.7 99.7 36.1 38.1 22.7 34
0.7 244.4 120.6
315.5 -25.1 -26.7 -12.1 -5.6 -3
2304.7 -59.6 191.3 62.6 -49.7 -100.1
2742.1 83.4 -0.1 24.3 63.1 109.3
0.7 185.3 100.3
315.6 -25.1 -26.7 -12.1 -5.7 -3.1
2381 -32.9 115.8 -9.8 -90.5 11.1
2790.9 118 -33.9 -3.3 77.1 146
0.6 55.8 81.4
315.6 -25.2 -26.9 -12.2 -5.6 -3
2481.1 -32.3 -43.9 2 -16.2 -2.9
2825.1 124 -76.4 2.7 106.8 143.2
0.7 51.4 63.1
315.6 -25.2 -27 -12.3 -5.7 -3.2
2486.6 -47.4 -48.9 30.9 -18.6 -5.6
2863 142.2 -85 13.9 63.4 86.6
0.7 27.7 28.9
315.7 -25.2 -27 -12.4 -5.9 -3.4
2500.3 -28.7 -54.8 5.8 -40.8 -8.3
2910.1 191.7 -93.9 -31.8 -13.4 33.1
0.9 27.2 26
315.6 -25.4 -27.2 -12.7 -6.2 -3.7
2501.6 -26.5 -52.7 7.6 -38.1 -6
2927.8 216.3 -89.3 -46.7 -42.9 4.2
1.2 26.3 25.2
315.3 -25.8 -27.6 -13.1 -6.6 -4.1
2503.7 -24.9 -51.6 10.1 -36.7 -4.5
2928.8 215 -89.3 -47 -40.2 4.9
1.7 26 23.7
315 -26.3 -27.9 -13.5 -7.2 -4.8
2506 -22.4 -49.5 12.1 -34.7 -3.2
2929.8 215 -88.4 -47.2 -38.7 5.2
2.2 25.7 23.1
314.8 -26.7 -28.4 -14.1 -7.8 -5.4
2508.2 -19.8 -47.7 14.6 -33.8 -2.4
2929.3 216.5 -86.3 -47.6 -38 6.3
3 25.5 22.6
314.2 -27.7 -29.4 -15.1 -8.8 -6.4
2510 -18 -45.8 16.9 -33.9 -1
2927.4 219.9 -85.1 -49.3 -35.5 3.8
3.8 25 23.4
313.7 -28.6 -30.2 -15.9 -9.6 -7.2
2511.1 -17.6 -43.4 18.2 -34 -1.5
2924.8 222.2 -80.7 -53.5 -33.7 3.5
4.8 24.3 22.7
313.1 -29.7 -31.3 -17 -10.8 -8.3
2510.9 -15.5 -40.1 20.8 -35.6 -1.3
2918.9 228.8 -78.3 -53.5 -33.4 -2.3
6.4 23.8 22.4
312.1 -31.5 -33 -18.7 -12.4 -10
2510.1 -13.9 -35.9 22.1 -35.5 -0.9
2914.5 232.2 -71.6 -56.7 -33.1 -2.6
7.8 23.3 21.5
311.2 -33.2 -34.7 -20.3 -14.1 -11.5
2509.3 -13 -31.5 23.2 -35.5 -2
2912.8 231.4 -64.9 -58 -34.1 -1.4
winner is: 15
