Regression analysis information for: KLH033a_0690
number of formants: 3
number of coeccicients: 5
4.1 34.3 96.1
383.8 -56 37 -21.7 2.6 0.6
1230 498.7 233.3 124.4 65.5 13.5
2416 67.5 211.6 94.7 118.1 101.8
4.8 39.8 90.9
386.7 -60.2 39.9 -24.1 3.8 -0.7
1245.4 511.6 236.3 116.6 52.9 -4.1
2488.8 12 231 80.7 117.7 82.7
5.5 44.6 105.3
389.8 -64.4 42.6 -26.1 4.7 -1.7
1260.8 521.3 236.8 106.4 42.3 -20.5
2553.3 -35.7 211.4 70.7 114 46
5.8 46.2 111.9
393.1 -68.7 45 -27.8 5.1 -2.2
1276.3 530.1 234.1 95.9 30.6 -35.6
2609.6 -45 158.6 91.7 81.5 -1.7
5.6 44.6 101.2
395.5 -71.1 45.5 -27.8 4 -1.2
1289.9 540 225.9 88.4 18.1 -45.2
2673.9 -30.8 126.3 115.4 39.9 -58.1
4.9 41.2 94
397.4 -72.6 45.1 -27.2 3.1 -1.4
1301.1 548.1 214.8 83.3 8.6 -52.4
2737 -8.6 92.8 112.8 -26.8 -131.9
3.9 37.5 81.4
398.8 -73.1 43.9 -26.4 2.3 -1.7
1310.4 555.5 203.7 78.5 1.5 -56
2770.4 23.7 81.8 80.9 -50.1 -137.6
3 33.6 69.6
400 -73.5 42.8 -25.5 1.3 -1.6
1319.5 562.1 193.7 73.3 -4.6 -57.9
2809.6 67.4 79.9 54.7 -63.2 -122.9
2.5 30.3 68.3
400.2 -72.4 41.1 -24.9 0.7 -1.7
1327 568.8 185.6 66.7 -8.9 -58.3
2837.9 99.7 75.4 42.2 -54.4 -91.9
2.7 27.9 70.5
400.7 -72.4 40.5 -24.5 -0.1 -1
1331.3 572.7 181.1 61.6 -12.4 -56.1
2863.3 129 80.2 38.9 -42.8 -59
3.6 27.3 69.9
401 -72.1 39.8 -24.3 -0.6 -0.3
1335.8 576.8 176.6 55.7 -13.8 -53.5
2883.4 149.9 75 32.4 -31.1 -29.3
4.3 26.5 68.1
401.4 -72.5 40.3 -25 -1 0.8
1337.9 581.2 175 48.8 -16.7 -47.8
2894.4 155.5 61.4 12.4 -33.3 -8.1
4.7 27.2 68.8
401.2 -72 40.1 -25.6 -0.5 1.2
1339.8 583.2 172.6 45.6 -14.7 -43
2900.6 161.8 51.5 0.1 -31.8 1.7
5 26.3 68
401.3 -72.2 40.6 -26.1 -0.8 2.7
1339.1 583 171.4 42.8 -10.6 -34.8
2903.6 165.1 50.5 -6.9 -33.3 9.8
5.3 26.6 65
401.5 -72.2 40.2 -25.7 -1.6 4.2
1341.5 584.2 170.2 39.3 -7.7 -32.4
2904.8 165.4 51 -6.3 -32.1 12.6
6 27.1 61.6
403 -74.3 41.6 -26.7 -1.7 5.3
1342.8 587.7 165.6 36.8 -5.6 -28.2
2907.9 161.9 52.5 -6.8 -30.4 17.5
6.8 27.3 58.2
405.2 -77.8 44.2 -28.5 -0.9 5.5
1343.7 594.5 160.1 36.9 -6.6 -27.5
2913.5 159.9 54 -8.1 -28.6 20.4
7.5 27.2 55.8
407.4 -81.1 46.1 -29.6 -0.7 6.2
1344.7 600.4 153.9 35.9 -5.7 -26.3
2919.3 157.2 53.2 -7.5 -26.9 22.6
8.1 29.6 53.8
411.4 -88 51.4 -33.9 2.5 4.1
1342.4 612.9 142.1 40.7 -10.5 -22.1
2925.4 154.6 52.6 -8.4 -23.6 23.5
8.8 33 51.3
416.9 -97.7 58.6 -39 6 1.9
1336 630.4 127.5 51.3 -15.8 -19.2
2932 151 53.3 -4.3 -21.7 23.5
winner is: 18
