Regression analysis information for: KLH033b_0357
number of formants: 3
number of coeccicients: 5
7.1 149.2 117.8
338.5 10.8 26.3 5.2 -5.5 -9.7
1218.5 593.6 607.8 83.6 -197.4 -198.9
2644.8 262.7 257 22.1 -124.8 -91.7
9.4 182.5 111.3
340.5 13.2 25.4 0.1 -5.9 -7
1270.5 575.2 568.4 117.9 -278.2 -259.3
2703.4 239 239.6 27.3 -164.8 -122.2
22.7 237.6 133.2
332.9 9.7 39.5 5.5 -14.5 -10.1
1299.6 547.6 528.4 169.2 -251.4 -298.7
2756.9 230.2 240.6 58.4 -138.1 -115.1
14.6 378.8 159.2
342.9 11.2 25.6 2.7 -8.2 -11.6
1486.7 588.9 247.5 74.9 -141.8 -261.5
2866.5 223.9 104.6 33.8 -108.3 -76.2
12.7 204.7 92.7
349.4 13.5 17.3 -5.5 -7.2 -3.8
1758.8 686.3 -182.7 -191.2 75.2 72
2963.2 244.3 -38.9 -52.5 -47.1 42.3
7.8 147.4 63.5
355.1 11.2 8.3 -2.3 -3.5 -9.3
1843 599 -386.1 -83.4 167.7 -133.6
2983.5 207.7 -96.8 -26.2 -26.9 -14.5
7.7 112.1 43.6
356.8 9.8 5.1 -3.2 -1.6 -7.8
1846.9 627.9 -302.5 -44.2 166.1 -92.1
3002.1 239.4 -54.7 1.8 -11.6 3.9
8.2 114.4 40.1
357.9 9.4 3.6 -3.5 0.2 -7.2
1835.1 624.2 -271.8 -48.1 145.8 -85.2
3004.7 239.6 -48 1.7 -15.1 5.4
8.3 113.2 41.5
358.5 8.8 2.2 -4.5 1.3 -5.2
1837.1 614.1 -256.4 -28.8 125.1 -96
3009.4 242.3 -42.9 1.9 -22.4 -0.3
8.2 123.4 43.2
357.8 7.9 2.4 -4.5 1.9 -4.3
1851.8 606.6 -262.7 -16.7 115.6 -97.7
3017.1 250 -38.2 2.3 -24.7 -1.2
8 121.2 43.1
357.4 7.1 2.2 -4.5 2.5 -3.9
1853.6 614.9 -260.9 -21.3 119.8 -98.4
3022.4 256.4 -34.4 2.3 -24.3 -1.4
8.3 133.5 43.6
356.1 6.2 3.4 -3.9 3.2 -2.8
1846.6 635.1 -251.3 -55.7 132.9 -80.1
3029 264.7 -33.2 -2.3 -28.7 -3.1
8.4 137 43.7
354.2 5 5.6 -2.4 3.4 -3
1858.6 641.8 -268 -64.8 139.9 -79.6
3034.9 271 -33.1 -9.2 -32.8 -5.2
8.3 141.9 43.2
352.4 4.4 8.4 -2 2.4 -2.3
1868.8 644 -284.8 -69.3 149.4 -84.3
3035.4 271.2 -34.7 -16.7 -37.9 -8.2
8.9 140.8 47.4
349.8 2.2 10.8 0.1 3.1 -2.3
1914.6 627.3 -333.9 -21 132.3 -126.6
3047.6 285 -28.4 -17.9 -43.6 -14.4
8.8 136.8 46.1
347.6 0.6 14.1 1.7 2.5 -2.9
1921.2 641.5 -342.7 -50.7 145.7 -109.5
3046.9 289.1 -20.1 -27.9 -48.2 -15.2
8.8 148 48.7
345.6 -0.2 17.3 1.9 1.1 -2.3
1939.6 641.6 -365.4 -49 152.3 -114
3046.6 294.3 -8.4 -34.9 -57.5 -14.1
8.2 165.6 47
343.8 -1.6 20.3 2.8 -0.3 -2.4
1944.9 651.8 -363.5 -74.7 146.8 -81.2
3046.4 297.5 7.8 -35.4 -67.4 -17.1
10.4 208.9 53
340.1 -1.9 24.4 0.2 0.9 -0.2
1923.2 686.6 -322.6 -145.8 142.3 -17.1
3046.2 299.2 20.7 -36.1 -79 -30.5
6.8 304.8 55.8
340.5 -5.7 24.5 5.5 -0.8 -3.2
1869.3 646.2 -226.5 -52.7 97.6 -82.9
3048.4 303.5 34.8 -32.4 -83.7 -36.4
winner is: 8
