Regression analysis information for: KLH033d_0158
number of formants: 3
number of coeccicients: 5
16.5 27.5 69.2
382.6 18.6 28.3 -1.4 9.7 -18.7
986.5 -33.3 70.1 -2.4 57.6 -38.9
2354.4 68.5 212.4 -74.4 58.5 -114.9
16.5 27.8 66.1
383.7 19.4 28.4 -1.3 9.7 -18.8
989.9 -32.9 69.3 -1.5 58.5 -39.2
2371.6 66.1 209.2 -83.7 61.7 -121.3
16.7 27.6 61.3
385.3 20.6 28.6 -1.4 9.6 -19.3
994 -32.7 67.9 -1.1 59.5 -40.3
2391.5 64.9 202.2 -94.2 63.6 -126.8
17 27.6 61.9
387 21.5 28.2 -1.6 9.3 -20
998.5 -33.9 65.3 -0.7 60.3 -42.2
2416.7 55.6 198.1 -108.8 72.6 -136.9
17.9 27.5 62.5
388.5 21.3 26.4 -3 7.7 -21.8
1002.8 -36.9 60.8 -1.3 60.2 -45.4
2443.9 47.2 189.8 -123 79.9 -146.9
20.1 27.8 59.2
389.7 19.7 23 -5.7 4.6 -25.2
1007.9 -40.3 55.3 -0.7 60.1 -48.7
2471.5 44 169.5 -129.6 80.2 -149.8
18.7 47.6 55.1
398.8 32.2 34.2 6.3 16.4 -14.2
1025.6 -23.4 72.2 22.3 84.1 -30.6
2506.7 42.2 153 -129.2 89.8 -147.4
19.2 47.6 66.2
402 32.2 32 5.9 15.7 -14.9
1033.2 -29.2 64 25.3 86 -35
2552.8 45.8 128 -122.4 109.9 -139.4
19.6 48.3 78.7
406.2 32.2 29.6 5.4 14 -16.1
1043.3 -37 52.5 31.3 89 -40.8
2607.4 29.7 70.8 -125 129.1 -148.9
19.7 52.5 101.7
410.6 31.2 26.5 5.5 12.8 -15.3
1057.4 -47.7 36.5 43.5 92.6 -48.8
2660.6 22.3 17.9 -149.4 156.6 -117
20.4 66.4 143.2
415.5 29.8 24.4 5.7 10.4 -14.7
1078.5 -67 15.2 68.9 90.1 -63.1
2712.6 14 -32.4 -172 199.6 -94.5
20.5 83.2 137.8
420.6 27.2 20.8 5.7 7.3 -12.4
1094.5 -83.7 -0.8 84.5 84.6 -64.7
2805.9 -63 -100 -79.8 133.3 -100.9
21.3 95.9 125.8
426.1 25.9 19.3 6.7 3.6 -10.3
1126.1 -116.1 -23 131.8 61.7 -70.1
2882.4 -119.6 -150.9 -19.4 106.2 -93.1
25.3 137.1 101.6
434.5 32 25.4 13.1 6.8 -0.5
1179.2 -155.5 -4.6 208.9 13.5 -0.7
2956.7 -162.4 -146 41.3 67.1 -4.5
24.9 135.3 100.2
437.9 31.4 25.9 11.8 3 0.3
1183.9 -171.7 -2.4 213.6 5.1 6.8
2968.8 -173.1 -141.6 40.2 57.4 4.2
27.8 148.9 111.3
443.6 38.3 32.9 16.2 5.4 6.4
1196.1 -159.1 26.6 240.7 18.6 39.8
2989.4 -156.8 -116.3 64.3 69.4 30.1
27 147 109.9
444.9 39.6 34.9 15.9 7.1 9
1193.9 -164.9 28.1 234.2 14.3 41.7
2996 -166.7 -116.3 63 63.4 37.1
26.9 145.5 112
445.8 42.5 37.8 15.7 8.8 9.3
1187.1 -167 30.3 224.4 12.5 44.2
2998.8 -171 -114.8 60.8 60.1 40.8
28 160.3 135.4
447.4 50.2 43.3 17.4 14.5 11.3
1187.7 -129.7 59.7 232.4 51.4 63.7
3012.2 -130.9 -81.4 83.6 95.5 69
27.4 159.5 143.5
448.8 55.3 47.7 17.1 15.6 9.7
1172.9 -126.1 61.9 212.4 63.6 64.3
3009.8 -118.8 -69.7 78.7 107.1 70.1
winner is: 3
