Regression analysis information for: KLH033a_0248
number of formants: 3
number of coeccicients: 5
6.9 59.5 77.7
483 -120.7 -45 48.4 -16 -5.3
1872.8 157.1 -23.7 -4.4 -18.7 6.9
2078.4 33.1 57.4 -88.6 92.6 -53.5
8.7 35.5 73.6
487.8 -128.2 -41.8 48.1 -14.7 -7.1
1906.5 164.7 25.8 -3.2 0.8 11.8
2122.7 -39.6 70.7 -60.7 87.2 -51.7
9.3 36.6 100.6
491.5 -132.6 -42.1 51.3 -17.3 -4.5
1902.9 175.6 31.5 13.3 6 6.6
2190.1 -79 74.2 17.2 40.8 -11.4
10.3 19 95.7
495.8 -138.2 -40.8 53.1 -20.3 -1.3
1917.8 167.3 42.6 1.1 -0.1 7.9
2265.1 -135.8 114.9 69.9 12.9 27.6
10.3 51.1 100.2
497.8 -139.6 -44 60.3 -27.6 4
1902.4 199.3 26.2 6.1 -4.4 -26.5
2313.9 -133.5 117 141.4 11.5 19.2
12.5 32 136
500.6 -140.9 -47.9 67.1 -35 10.8
1920.6 194.4 33 -20.4 -5.6 -20.6
2352.1 -110.4 121.8 177.4 48.9 -26.6
15.6 12.4 66.9
505.3 -145.8 -48.4 70.1 -38.7 15.4
1931.1 176.9 37.8 -11 -18.3 -0.6
2420.7 -150.3 129.3 211.1 -15.6 37.7
17.5 10 60.9
509 -149.5 -49.9 73 -41.4 18.4
1932.8 176 35.3 -9.2 -15.2 1.2
2435.8 -164.1 79.2 204.9 -18.3 24.8
16.7 8.3 60.5
509.1 -147.1 -54.4 75.7 -42.5 19
1934.1 175.8 31.3 -8.3 -12.8 3.5
2474 -123.3 65 215.4 -15.4 23.4
14.7 7.6 51.9
505.4 -138.6 -61.2 75.3 -36.6 12.5
1934.6 177.5 27.5 -8.4 -9.7 3.7
2487.9 -121.9 14.6 202 -15.2 5.3
14.9 7.1 51.4
507 -138.1 -65.3 78 -36.4 11.3
1935.3 178.6 23.4 -7 -9.3 5.2
2514.4 -92.6 -11 210.3 -16.3 2
11.4 6.6 48.7
504.2 -131.8 -70.9 78.5 -32.9 6.4
1934.9 181.3 19 -6.7 -8 5.3
2521.3 -84.7 -50.5 190.6 -21.8 -6
10.4 6.9 44.1
503.9 -130.1 -72.9 79 -31.9 4.1
1935.5 182.4 16.6 -7.2 -6.6 4.9
2549.6 -46.8 -49.5 188.8 -22 -20.9
9.9 7.5 46.6
503.3 -128.6 -73.4 78.2 -30.4 2.2
1935.8 183 16.3 -8.3 -4.7 3.6
2574.6 -8.1 -34.1 185.5 -19.2 -40.9
9.1 8.5 41.5
503.2 -127.2 -75 78.5 -29.7 0.9
1936.4 184.8 13.9 -8.9 -3.3 3.6
2603.2 29.2 -43.2 178.3 -13.4 -40
8.4 9.5 41.8
502.5 -125.8 -74.9 77.9 -29.2 0
1936.4 186.4 13.7 -9.6 -1.9 2.3
2626.5 76.1 -23 177.8 -13.7 -58.2
8.4 10.2 56.7
502.8 -126.2 -74.2 77.8 -29.4 -0.2
1938.4 186 14.1 -11 0.4 2.5
2668 124.9 3.4 181.9 -4.7 -66.8
8.2 11.5 67.5
502 -125.2 -73 76.9 -29.6 0.1
1938.5 186.2 16.4 -12.3 2.2 1.2
2695.6 185.3 60.4 189 -2.8 -86
8.1 12.6 80.9
501.9 -125 -72.3 77 -30.3 0.2
1940 186.2 17.8 -14.3 3.1 1.8
2742.9 251.2 103 188.5 -0.4 -80.1
8.2 13.5 75.9
502 -125.2 -71.4 77.3 -31.2 0.7
1941.7 185.7 19.9 -15.5 4 2
2781.7 303.7 154.3 203.2 17.7 -62.8
winner is: 15
