Regression analysis information for: KLH033e_0431
number of formants: 3
number of coeccicients: 5
27.1 16.5 33.7
580 207.4 -29 -12.8 -26.3 -7.5
1555.1 -76.6 18.5 20.7 -19.2 3.4
2385 75.1 208.7 -112.2 131.5 -121.9
28.6 16.9 69.5
578.8 200.2 -35.4 -11.9 -21 -3.4
1558.2 -88.1 15.4 25.2 -9.8 13.1
2425.4 -63.3 227.1 -143.4 219.1 -98.1
28.9 18.4 80.9
579.6 196 -40.8 -8.8 -17.6 -3.7
1563.6 -97.6 12.6 32.7 -3.6 17.5
2488.1 -134.4 211.4 -132 218.8 -79.2
31.3 18.7 81.7
585.8 197.7 -46.5 -6.6 -15.7 -2.2
1573.9 -100.4 6.2 32 -3.2 21.6
2667.1 -299.4 196.1 -49.7 73.6 95.8
33.2 17.4 57.2
596.3 204.1 -54.9 -4.7 -11.3 -0.7
1585.7 -98.1 -4 26.7 -4.5 22.1
2821.3 -329.2 54.8 -6.8 48.9 131.5
33.9 16.6 50.4
612 208.1 -69.3 -0.7 -5.8 2.2
1597.5 -94.9 -15.3 21.1 -8 22
2898.6 -299.5 -22.4 -19.9 40.1 106.8
37.8 16.7 42.2
637.7 215.5 -98 6.3 19.6 3.2
1606.1 -92.3 -26.2 14.5 -12.4 18.4
2930 -253.1 -14.3 -47.7 3.2 87.4
39.8 16.4 30.8
639.6 232.8 -96.7 -2.7 24.2 0.8
1609.9 -87.5 -31.9 1.7 -22.5 14.5
2964.7 -206.3 -8.4 -77.2 -48.3 47.3
37.1 16.1 15.4
633.3 239.3 -77.8 -6 7.5 -4.4
1609.4 -84.8 -33.4 -6.9 -32.1 7
2984.6 -179.2 -4 -94.2 -83.7 12.7
67.4 68.1 28.7
651.1 278.5 -36 22.1 14.8 -9.7
1657.1 12.1 58.9 73 28.4 42.3
2998.1 -159.1 5.4 -94.4 -97.7 -7.5
66.5 56.5 33.3
694.3 363.3 50.2 94.3 81.3 52.9
1685.9 70.5 115.3 125.7 83.1 95.9
3022.9 -113.5 50.4 -49.3 -56.1 32.6
58.3 38.5 10.1
724.8 421.3 98.6 120.2 83.1 39.6
1690.9 82.9 122.1 124.9 78.3 83.6
3040.3 -82.8 75.3 -32.5 -50.8 27.1
53.5 31.8 10.4
725.8 421.2 100 117 76.3 36.8
1696.8 95.5 131.6 129.5 79.7 80.2
3041.1 -81.7 74.8 -32.1 -49.9 26.8
51.4 32 11.5
725.6 423.7 105.7 117 72.8 36.8
1698.8 103.8 140.3 134.2 85.3 82.4
3039.9 -79.9 77.7 -33.5 -50.1 26.8
52.5 33.2 12.7
724.9 421.9 106.6 116.9 74.1 40.7
1700.8 108.5 145.3 138.7 90.6 86.4
3039.6 -77.9 77.4 -33.4 -49.7 26.2
53.8 36.7 13.6
725.7 425.6 111.1 120.9 76.1 42.4
1704.9 115.8 154.7 146.4 97.6 91.8
3038.6 -79.8 79.4 -34.1 -51.9 24.4
54.3 37.9 13.9
726.3 429.2 111.5 122.5 76.4 43.1
1707.6 119.9 160.1 148.5 101 94.4
3036.8 -81 83.9 -38.6 -52.8 24.8
56.1 39.1 14.7
726.2 432.8 109.5 123 76.4 44.1
1709.3 119.9 160.7 147.7 100.6 94.3
3039.6 -84.3 83.5 -39.8 -52.8 24
61.6 61.6 14.2
726.4 439.7 109.8 128.3 81.9 48.4
1657.7 18.5 65.8 64.6 31.6 41.8
3037.9 -89.1 85.6 -45.7 -55.8 25.7
53.7 62.8 13.6
706.9 412.8 77.1 115.9 76.8 55.1
1661.6 23.8 71.8 69.7 37.5 46.2
3037.8 -91.9 89.5 -50.8 -54.2 28.3
winner is: 9
