Regression analysis information for: KLH033d_0647
number of formants: 3
number of coeccicients: 5
6.8 35.1 11.4
327 5 -8 -1.6 -7.7 2
2052.8 42 71.4 31.1 12 83.4
2732.2 -54.9 3.4 -2.2 -15 13.4
6.7 36.1 12.3
325.8 5.1 -7.9 -0.5 -7.9 1.7
2016.5 30.3 98.7 71.8 2.7 67.3
2723.9 -58 3.9 0.3 -20.9 10
6.7 33.7 13.2
325.3 4.9 -7.8 -0.2 -7.6 1.3
1988.4 21.1 109 97.3 12.4 52.1
2718.4 -59.5 1.7 -0.2 -21.3 6.1
6.7 35.7 15.5
325.1 4.9 -7.7 0 -7.5 1.1
1976.5 20.9 112.3 104.6 18.6 42.7
2715.2 -60.7 -1.3 -3.1 -22.7 1.5
6.7 37.2 16.1
325.1 5 -7.7 -0.2 -7.2 1.2
1971.2 31 112.3 87.3 37 43.7
2714.6 -57.3 -0.8 -5.7 -17.6 1.4
6.8 34.8 15.5
325.4 5.1 -7.8 -0.2 -7.2 1.2
1983.3 40.7 102.3 88.8 38.2 47.7
2717.8 -54.2 -1.3 -2.8 -16.4 2.7
6.8 31.8 14.5
325.7 5.2 -8 -0.3 -7.2 1.3
2007 41 93.1 82.4 42 54.9
2723.3 -53.6 -0.2 0.5 -14.5 4.8
6.9 31.8 14.4
326.3 5.4 -8.3 -0.4 -7.2 1.3
2038.4 47.6 82.9 69.1 46 57.5
2728.9 -52.9 1.3 3.7 -13 5.1
6.8 32.5 14.4
326.9 5.7 -8.7 -0.4 -7.5 1.5
2085.7 52 68.8 63.5 40.2 61.3
2735.5 -52.9 4.8 10 -11.4 6.5
6.7 35.6 17.4
327.5 5.9 -9.2 -0.4 -7.9 1.7
2142.4 57.9 48.8 56.2 29.2 64.2
2740.7 -53.5 9.3 17.8 -9.8 8.4
6.7 44.9 22.4
328.3 6.2 -9.7 -0.3 -8.3 1.7
2212.6 63.6 21.2 49 5.7 64.4
2742.7 -56 14.2 25.7 -8.5 10.8
6.6 70.3 33.9
328.9 6.4 -10.4 -0.2 -8.8 2
2307.3 74.7 -25.2 49.2 -26.6 65.8
2741.7 -56 24.9 34.7 -1.8 19.2
6.5 91.2 47.9
329.6 6.5 -11 -0.5 -9.2 2.2
2415.8 116.8 -79.1 29.1 -67.1 76.5
2743 -60.2 26.3 34.9 1.6 40
6.4 63 81.1
330.1 6.5 -11.7 -0.6 -9.5 2.2
2476.3 139 -114.7 0 -74.5 40.8
2823.9 -41 -11.5 43.3 -44.2 89.9
6.5 47.8 127
330.3 6.3 -12.3 -0.7 -9.7 2.4
2497.7 120.9 -124.6 8.2 -62 29.4
2955.9 30.9 -66.6 23 -97.6 124.8
6.4 36.4 167
330.4 6 -13.2 -0.7 -10.1 2.6
2516 97.7 -121 13 -51.2 19.4
3110.5 146.2 -136.4 -48.2 -157.3 159.9
6.1 30.9 168.5
330 5.9 -14.3 -0.3 -10.7 3.3
2534 73.3 -109.6 10.2 -42 10.2
3205.2 232.5 -155.8 -39.7 -128.5 174.7
6 26.6 158.6
329.5 5.6 -15.5 -0.3 -11.4 3.7
2549 52.2 -96.7 5.5 -34.6 3.8
3305.8 330.7 -181.9 -60.4 -128.9 189.1
5.5 28 148
328.5 6 -17.4 0.6 -13 4.8
2564.6 26.7 -72.6 -10.3 -22.7 -3.5
3377.6 415.9 -164 -21.4 -106.5 198.6
5.2 27.1 147.4
326.9 7.5 -20.5 2.4 -15.7 6.8
2581.1 -0.9 -48.5 -25.4 -13.2 -6.1
3390.9 416.9 -126.8 34.1 -85.4 155.2
winner is: 7
