Regression analysis information for: KLH033b_0164
number of formants: 3
number of coeccicients: 5
5.2 14.7 33.9
368.2 -17.4 -35 -20.3 -21.9 -9.1
2109.8 21 -66.4 -80.8 39.7 13.6
2511.5 -2.7 -18.5 43.7 -34.6 50.4
5.2 19.3 28.7
367.2 -17.2 -34.1 -20.8 -21.7 -9.2
2092.2 16.5 -50 -74 37.8 14.4
2513.2 -11.2 -4.3 31.8 -23.4 39
5.2 22.1 27.1
366.6 -16.6 -33.3 -21.1 -21.3 -9.2
2066.7 24.3 -16.4 -78.6 43.2 22.6
2504.1 1.8 -5.9 27.7 -14.7 29.8
5.3 32.3 26.7
366.2 -16.4 -32.9 -21.4 -21 -9.3
2041.3 39.3 16.7 -86.7 57 21.4
2504.7 -1.8 6.2 11 3.7 15.8
5.2 27.1 20.7
366.1 -16.4 -32.9 -21.6 -21.1 -9.3
2037.2 51.8 30.1 -90.3 54.8 26
2498 11.4 -1.6 14.4 4.4 13
5.3 27 23
366.1 -16.4 -32.7 -21.5 -21.2 -9.5
2039.8 61.6 47 -80 52.4 21.4
2506.3 -2.3 11.5 3.2 14.6 5
5.4 23.7 27.7
366.5 -16.2 -32.5 -21.7 -21.1 -9.7
2061.4 84.5 54.8 -74 59.7 24.5
2518.6 -25.1 31 -13.7 28.6 -5.4
5.5 21.2 30.7
366.9 -16.2 -32.5 -21.9 -21.3 -9.8
2088.2 103.1 54.6 -69.5 58.9 25.7
2534.2 -54 55 -31.5 42.7 -14
5.5 17.3 24.2
367.2 -16.6 -32.9 -22.2 -21.6 -10
2118.1 113.4 39.4 -68.3 58.8 30.3
2547.6 -76.2 73.7 -38.3 46.3 -9.8
5.5 14.2 25.2
367.9 -16.5 -33.2 -22.5 -21.9 -10.1
2164.7 142.6 28.8 -67.7 50.8 32.3
2561.6 -106.4 95.5 -46 49.9 -3
5.8 19.5 38
368.6 -16.5 -33.4 -22.8 -22.3 -10.4
2222.2 177.4 10.8 -68.5 44.7 33.7
2572.7 -129 115 -44.1 50.9 11
6 31.1 31.9
369.4 -16.6 -34 -23.3 -22.9 -10.7
2287.3 197.8 -32.4 -77.2 16 20.8
2595.7 -105.2 142.5 -20.5 60.9 35.7
6.2 39.4 42.2
370.3 -17 -34.7 -23.8 -23.6 -11
2322.6 170.4 -65 -36.3 -0.8 2.2
2669.4 -35.5 138 -61 40.8 63.9
6.4 40.1 85.1
371.2 -17.4 -35.5 -24.4 -24.5 -11.4
2346.2 145.9 -93.8 1.8 -0.4 -21.2
2799.5 73.8 103.5 -130.2 -6.1 90.1
6.7 29.1 89.3
372.2 -17.8 -36.1 -24.7 -25.2 -12
2360.2 135 -113.7 20.9 10.9 -42.7
2863.7 102.2 90.7 -118.4 -16.3 96
7.1 24.6 73.2
373.1 -18.4 -37.2 -25.3 -26 -12.6
2363.3 132 -113.8 23.4 13.5 -43.9
2900.8 97.1 64.5 -96.7 -15.2 83
7.4 24.3 61.4
373.7 -19.5 -38.5 -26.2 -27 -13.3
2363 131 -106.8 20.1 11.2 -37.2
2929 91.8 44.6 -78.9 -13.3 66.6
7.7 24.1 55.8
374.3 -20.1 -39.4 -26.8 -27.7 -13.9
2364 130.2 -103.3 19.3 9.8 -33.9
2948.9 90.6 34.5 -67.2 -13.8 58.6
8.1 24.5 51.9
374.5 -20.8 -40.5 -27.5 -28.4 -14.8
2365.5 129.9 -100.8 19 10 -32.7
2964.4 92.2 29.4 -59.7 -12.6 53.9
8.4 25.2 50.5
374.3 -21.5 -41.3 -28.4 -28.7 -15.2
2367.1 129.2 -100.2 19.9 9.8 -32.6
2971.6 94.6 27.2 -60.3 -10.8 52.2
winner is: 10
