Regression analysis information for: KLH033d_0437
number of formants: 3
number of coeccicients: 5
4.6 189.2 114
397.5 18.7 -28.9 6.2 -15.3 6.7
1986.4 -262.1 111.2 -87.5 -285 -51
2712.6 -172.9 102.8 -134.9 -242.3 -24.4
4.1 147 114.6
397.1 19.6 -30.1 5.7 -14.8 6.2
2080.4 -193.1 26.7 -158.3 -241.3 29.2
2741.2 -160.3 71.3 -175.5 -231.5 27.3
3.9 143.5 113.2
396.5 20.3 -30.9 5.4 -13.7 6.1
2101.6 -164 43.8 -133.6 -236.4 0.5
2743.8 -163.4 74.8 -173.1 -236.2 29.4
3.8 135.6 126.2
396.7 21.1 -31.8 5.2 -13.3 6.3
2173 -131.8 -17.1 -121.7 -183.3 24.9
2794.8 -174.7 -6.8 -153.9 -192.3 17.5
3.9 52.8 49.6
396.9 21.6 -32.1 5 -12.6 6.2
2269.5 -105.8 -150.4 -75.1 -17.9 18.8
2871 -184.9 -152.2 -117.6 -65.3 -20.4
3.9 19.4 40.7
397.1 22.4 -32.3 5.2 -11.9 6.1
2322 -9.7 -85.7 -49.7 -35.2 -27.5
2897.8 -142.5 -126.9 -120.3 -99.2 -66.9
4 30.6 40.1
396.9 23.2 -31.8 5.8 -11.5 6.1
2320.9 -10.9 -85.7 -47.7 -29.1 -20.4
2899 -145.1 -129 -123 -99.7 -67.1
4.2 4.5 7.6
396.6 23.5 -31.2 6.7 -11.2 6
2367.8 79.8 -6.2 15.7 17.2 5.4
2987.3 21.6 18.7 -6.4 -10.9 -16.7
4.4 4.5 8
396.6 23.3 -30.7 7.4 -10.8 6
2367.9 80.1 -6.8 15.5 17.1 5.3
2986.8 23.5 15.7 -9.2 -11.4 -17.5
4.4 4.5 8.6
396 22.7 -30 8.4 -10.4 6
2368.3 80.5 -6.9 15.3 16.8 5.4
2988.8 26.9 13.4 -12.7 -12.4 -17.2
4.5 4.5 8.2
395.7 22.6 -29.8 8.7 -10.4 6.2
2368.4 80.6 -6.8 15.4 16.6 6.1
2989.7 28.1 13.6 -12.5 -12.4 -17
4.4 4.8 8.5
395.4 22.2 -29.4 9.2 -10.3 6.2
2368.9 80.3 -6.5 16.1 15.8 6.9
2991.6 28.3 13.9 -12.3 -14.1 -15.4
4.5 4.7 8.3
394.9 21.3 -29.1 9.6 -10.1 6.2
2369 79.5 -5.6 16.8 16.1 7
2991.5 27.5 15.7 -10.3 -14 -15.6
4.5 5 8.3
394.7 21 -29 9.7 -10.3 6.4
2368.2 79.6 -5.2 18.5 14.4 8.7
2989.6 26.3 17.9 -5.3 -16.3 -13.8
4.4 5.2 8.6
394.5 20.8 -28.9 9.9 -10.4 6.4
2367.9 77.8 -4.1 19.7 13.4 9.1
2987.5 21.2 22.8 1.2 -17.7 -14.2
4.4 5.1 8.5
394.5 20.4 -29 9.8 -10.6 6.4
2368.7 74.3 -2.6 19.3 13.3 9.4
2988.4 13.5 26.2 2.3 -18.8 -12.9
4.4 5.1 8.3
394.5 19.9 -28.9 9.7 -10.6 6.5
2369 71.7 -1 18.3 13.7 9.8
2988 7.8 28.9 1.2 -18.4 -10.7
4.5 4.8 8.2
394.6 19.7 -29 9.5 -10.7 6.6
2370.2 68.8 -0.2 16.8 14.2 9.9
2991.1 2.5 28.8 -2.8 -18.9 -8.5
4.5 4.5 8.4
394.8 19.7 -29.1 9.5 -10.7 6.7
2371.9 66 0.4 15.1 14.6 9.9
2995.6 -2.1 28.2 -7 -19.1 -6.2
4.5 4.5 8.9
394.9 19.5 -29.1 9.3 -10.7 6.6
2373.7 64.3 0.5 13.3 15.5 9.2
3000.2 -3.9 25.7 -13.5 -19 -5
winner is: 8
