Regression analysis information for: KLH033e_0415
number of formants: 3
number of coeccicients: 5
35 228 68.7
285.6 56.7 13.6 26.7 32.7 25
1403.2 104.4 126.6 127.5 -79.7 -108.6
2590.1 33.9 -127.1 14.7 -52.9 6.5
35.9 233.7 54.2
291.1 66.6 23.3 36.9 41.4 33.2
1455.7 63.7 81.7 209.1 -103.7 -160.1
2621.3 56 -96.1 46.8 -33.6 12.1
35.1 235.6 50.6
290.6 65.4 22.8 36.1 40.8 32.3
1463.8 64.3 96.9 224 -115.8 -158.4
2627.2 59.2 -88.5 47.5 -35.6 14
35.2 240.3 46.2
290.2 64.6 21.7 34.8 40 32.5
1490.6 60.8 81.7 252.2 -106.2 -182.4
2638.3 60.7 -86.4 45.6 -28.3 13.7
35.4 221.9 46.8
289.4 64.4 22.6 32.9 40.1 32.9
1451.1 119.2 158.2 167.4 -81.6 -99.4
2638.8 71.7 -74.6 41.2 -28.9 21
34.6 215.3 40.6
286 55.3 12.3 25.7 32.4 25.4
1482.5 114.8 158.5 213 -111.4 -135.6
2651.8 67.9 -68.3 38.9 -21.1 17.1
35.3 233 35.2
287.5 58.4 13.7 28.7 34.8 28.2
1561.4 57.8 37.2 331.3 -74.5 -262.3
2659.8 49.8 -73.2 37 -17 4
35.5 192.1 26.9
288.3 59.9 11.7 30.2 36 30.2
1704.5 56.3 -207.9 357.1 180.9 -241.8
2664.7 35.1 -69.5 33.4 1.8 3.1
37.8 160 20.9
288.8 63.5 10 32.9 36.1 34.2
1791.3 37.1 -293.9 387.5 194.5 -208.1
2680.1 26 -67.7 19.4 5.7 -2.9
48 132.5 28.7
292.3 76.2 13.5 44.8 41.9 46.5
1796.2 3.6 -273.8 401.6 131.8 -226.3
2675.2 -7.3 -83 -26.8 -0.2 -31.8
176.1 218.6 70.8
366.7 -33.1 159.7 -64 186.6 -59.1
1893.8 -81.8 -235.8 312.4 255.2 -228.4
2720.7 44.2 -13.3 43.8 69.8 32.6
145.7 175.9 75.3
343.5 24 110.4 -6.3 140.3 -6.5
1894.6 -41.8 -295 399.6 139.2 -137.6
2727.2 46.1 -16.1 43.5 62.1 41
91 157.9 77.3
320.6 68.1 67.1 33.8 95.6 37.9
1911.4 4.3 -347.7 346.3 180.9 -132.8
2733.1 48.1 -11.7 23.4 57.7 31.6
103.4 152 82.2
326.3 58.6 79 23.6 106 27.5
1947.8 17 -379.8 312.4 177.3 -110.7
2739.3 51.9 -8.9 16.2 46.8 29.1
106.8 140.5 84.5
327.6 58.7 81.7 22.3 108.1 27.3
1982.9 35.2 -421.4 271.3 178.9 -80.4
2742.7 57.7 -7 8 40.4 29
104.2 148.3 84.1
327.1 56.8 82.5 20.2 106.7 25.9
1997.9 55.9 -412.9 262.8 163.8 -76
2745.6 64.4 -2.3 5.6 33.4 26.9
93.3 157.6 84.4
321.7 53.7 73.1 16.9 96.3 23
1984.5 66.4 -395.3 231.1 140.4 -53.8
2745.9 68.3 -2.8 1.5 28.7 26.3
69.1 148.2 82.3
308.4 49.6 48 13 70.8 19.2
1957.5 77.3 -321.7 228.4 79.2 -51.6
2747.5 70.1 -2.4 0.2 24.7 24.8
112.1 187.5 197
327.3 0.2 86.9 -34.6 106.7 -25.8
1864.9 27.1 -48.1 256 -49.2 -194
2800.1 -36.6 101.1 -104.9 122 -77.9
168.1 212.4 279.9
356 -62.8 145.6 -97.5 164.9 -88.7
1855 -1.9 56.7 212.2 -51.1 -202.7
2851.5 -146.7 203.2 -211.2 225.5 -186
winner is: 10
