Regression analysis information for: KLH033d_0273
number of formants: 3
number of coeccicients: 5
0.9 37 30.2
371.7 -16.4 -18.8 0.1 1.2 -0.5
2295.6 -310.1 -215.3 -110.8 -27.4 -25.3
2539.3 -96.4 -119.5 -34.5 81.5 13.3
0.6 101 34.3
370.3 -15.2 -17.2 -0.4 1 0
2222.7 -207.3 -156.5 -159 47 24.4
2517.4 -48.8 -136.1 -44.2 76.8 58.3
0.7 90.4 44.7
369.4 -14.5 -15.9 -0.2 0.1 0
2142.6 -87.2 -83.1 -168.1 -25.1 121.1
2493.4 -48.9 -91.6 -40.5 40.1 62.3
0.7 95.4 10.4
369.1 -14.1 -15.2 0 0.2 0
2130.5 -53.8 -9.3 -137.9 -14.5 102.7
2460.8 -65.5 -36.4 1.9 5.2 7.8
0.7 70.7 9.3
369 -14 -14.2 0.1 -0.2 0
2117.2 -38.5 132.2 -95.4 -78.3 46.7
2459.3 -67.4 -34.5 5.7 4.3 5.1
0.7 77.5 12.7
369.3 -13.9 -14 0 0.1 0.3
2186.3 -28.4 126.1 -109.9 -17.6 86.8
2469.6 -47.7 -19.5 16.2 6.1 0
0.8 65.6 11.8
369.5 -14.1 -14.2 0.2 0.1 0.3
2214.1 -63.3 104.8 -99.8 -5 102.7
2462.9 -58.9 -28.9 9.7 5.2 2.9
1 42.9 20.7
370 -14.3 -14.3 0.2 0.1 0.1
2277.7 -70.2 86.7 -126.9 5.4 98.9
2472.4 -69.8 -11.3 6.4 10.4 10.7
1.2 37.6 30.9
370.5 -14.8 -14.6 0.4 -0.1 -0.3
2332.4 -70.2 49 -116.7 -29.5 61.6
2488.1 -120.9 18.2 -24 22.5 12.8
1.3 42 48
371.2 -14.8 -14.8 0.9 -0.3 -0.7
2387.6 -74.5 8 -85.6 -53.7 35.7
2536 -83.6 66 -36.2 22 16.1
1.4 48 55.7
371.9 -14.9 -15.1 1.2 -0.4 -1.1
2401.8 -78.7 -18.4 -77.6 -29.2 36.2
2641.8 -36.6 108.3 -61.9 -5.4 -2.5
1.5 98.3 96.4
372.8 -15.1 -15.1 1.2 -0.3 -1.5
2390.3 -78.1 3.6 -86 -51.1 61.3
2848.4 -58 101 -72.3 -43.6 -90.1
1.5 10.9 40.7
373.6 -15.5 -15.6 1.6 -0.3 -1.6
2426.4 -99.2 -64.9 -28.3 -17.7 -16.4
3016 -74.1 -63.5 -23.9 3.4 -76.7
1.4 10.3 34.7
374.2 -15.9 -15.8 1.9 -0.3 -1.7
2425.8 -98.7 -64.5 -28.2 -17.3 -16.6
3041 -90.4 -68.7 -9.1 -9.1 -42.2
1.3 9.3 11.6
374.8 -15.9 -15.9 1.9 -0.2 -1.5
2425.9 -97.9 -63.6 -27 -16.2 -16.3
3051.5 -76.7 -85.1 -39.5 -20.5 -29.8
1.1 8.7 9.5
375.2 -15.9 -15.7 1.7 -0.1 -1
2426.3 -97.3 -62.9 -25.9 -15.3 -15.9
3050.3 -75.3 -85.6 -38.6 -19.4 -31.6
0.9 8.3 8.8
375.5 -15.7 -15.3 1.4 -0.1 -0.7
2426.8 -96.8 -62.2 -25 -14.6 -15.4
3050.3 -76.3 -84.3 -35.6 -17.4 -31
0.8 7.6 9.1
375.9 -15.6 -15.1 1.4 -0.4 -0.2
2428.1 -95.4 -60.8 -23.6 -13.4 -14.2
3052.2 -76.2 -81.9 -32.4 -15.5 -30
0.8 7.6 9.8
375.9 -15.2 -15.2 1.3 -0.3 0.1
2428.9 -94 -60.2 -23 -12.8 -13.4
3053.2 -73.8 -81.3 -29.9 -15.3 -28.4
0.8 6.9 9.9
376 -15.1 -14.5 1.1 -0.6 0.4
2430.1 -92.3 -58.3 -22.1 -11.9 -12
3056.1 -73.4 -78.3 -28.8 -13.6 -26.6
winner is: 18
