Regression analysis information for: KLH033d_0005
number of formants: 3
number of coeccicients: 5
5.8 103 19.1
355.5 35.4 1.4 -6 -12.7 4
2256 -63.4 282.3 29.6 6.8 -171.5
2829.6 -30.6 -48.1 24.5 -22.8 21.9
6.1 104.6 19.4
355 35.7 1.6 -6 -13.2 4.3
2260.1 -65.6 299.4 24.1 2 -179.5
2827.9 -28.8 -50.4 26.3 -25 23.9
6.1 106.2 18.2
354.6 35.7 1.5 -6 -13.4 4.4
2257.6 -63.3 310.3 22.7 -4.9 -177.1
2826.8 -28.6 -51.4 26.2 -25 23.7
6.1 103.3 18
354.3 35.5 1.6 -5.8 -13.4 4.5
2244.7 -72 320.8 29.5 -7.9 -160
2825.7 -28.5 -51.5 27 -25.8 24
6.1 93.6 17.1
354.2 35.7 1.6 -5.8 -13.5 4.5
2232.7 -62.1 324.9 29.3 -19 -152.6
2824.7 -27.2 -51.4 27.4 -26.3 23.8
6 86.2 16.6
354 35.6 1.6 -5.9 -13.6 4.7
2210.4 -61.4 315.3 30.1 -23.4 -136.9
2824.2 -26.8 -50.8 26.8 -26.6 23.4
6 90 16.6
354.1 35.8 1.5 -5.9 -13.6 4.7
2213.4 -37.8 303.4 37.7 -27.5 -129.2
2824.6 -26.5 -51.1 26.1 -25.8 23.7
6 81.6 16.5
354.3 36 1.3 -6 -13.5 4.9
2218.1 -28.8 294.7 35.2 -19.2 -132.3
2825.3 -26 -51.4 25.8 -25.2 24
6.1 78.6 16.3
354.5 36.2 1 -6.2 -13.4 5
2228.3 -9.5 274.8 39.2 -23.7 -140.7
2826.6 -26.8 -52.1 25 -24.4 24.5
6.1 78.6 16.1
355 36.4 0.9 -6.5 -13.4 5.2
2265 -10.8 284.6 31.9 -15.3 -145.7
2827.6 -26.3 -53.8 25.2 -24.5 25.7
6.1 80 15.7
355.4 36.7 0.7 -6.7 -13.4 5.2
2307.8 -3.9 292.1 27.1 -9.6 -160.5
2828 -26.4 -56 25.5 -24.8 27.2
6.1 81.8 16
356 36.9 0.4 -6.9 -13.3 5.4
2358.3 -5.2 291.3 27.3 1.7 -165.5
2831.4 -22.7 -54.8 24.3 -27.7 22.7
6.1 82.6 23.7
356.6 37.1 0.1 -7.2 -13.2 5.5
2399.7 -12.4 270 26.5 0.7 -161.9
2845 -23.5 -38.5 10.4 -27.8 1.6
6.1 87.4 41.5
357.3 37.4 -0.1 -7.3 -13.1 5.5
2459.9 -2.8 254 51.2 11.7 -149.3
2867 -21.3 -10 -10.9 -29.8 -34.1
6.1 98.8 69
357.9 37.6 -0.3 -7.5 -13.2 5.4
2522.9 -6.9 216.8 71 17.1 -141.6
2898.7 -14 29 -42.4 -38.5 -85.1
6.3 115.1 109.9
358.7 38 -0.6 -7.7 -13.3 5.3
2595.2 -10.9 162.4 79.3 15.8 -125.9
2951.8 18.3 64 -64.7 -41.3 -152.3
6.4 123.1 138.1
359.4 38.3 -0.8 -7.8 -13.2 5.3
2664.5 -26 105.3 80.9 6.1 -89.7
3030.1 43.2 69.1 -78.6 2.3 -221.6
6.6 107.8 163
360.1 38.5 -0.8 -7.7 -13.2 5.1
2717.2 -37.9 50.4 89.3 -7 -57.4
3110.5 35.9 89.6 -104 46 -220
6.8 80.7 213.6
360.8 38.7 -0.9 -7.6 -13.1 5
2752.3 -45.4 13.1 89.1 -26.5 -34.7
3205.3 21 61.9 -96.4 95.8 -128.2
7.1 58.6 224.9
361.3 38.7 -0.7 -7.2 -13.1 4.9
2770.3 -39.6 -11.9 74 -27.4 -22.7
3273.6 -32.1 84.8 -52 41.4 -56.8
winner is: 10
