KLH014a_0053 analysis information:
Number of steps:
20
Cutoff frequencies were: 
5400 5432 5463 5495 5526 5558 5589 5621 5653 5684 5716 5747 5779 5811 5842 5874 5905 5937 5968 6000
Number of coefficients for prediction: 
5
Number of formants: 
3
Winner is:
5400 5400 5400
Errors (total,f1,f2,f3): 
37.8 39.2 39 39.4 39.6 40.7 40.9 40.5 42 44.2 43.5 44.1 41.5 40.7 41.7 40.7 41.6 42.3 42.3 42.4
13.7 13.3 12.8 12 11.6 11.6 11.3 10.7 10.5 10.5 10.2 10.4 10.1 10.4 10.6 11 11 11.7 12 13.1
12.4 13.5 13.3 13.9 13.9 14 13.7 14.1 16 18.3 18.5 18.2 18.1 17.5 18 17.2 17.6 17.3 17.1 16.4
11.7 12.4 12.9 13.5 14.1 15.1 15.9 15.7 15.5 15.4 14.8 15.5 13.3 12.8 13.1 12.5 13 13.3 13.2 12.9
Coefficients are (row-wise by formant):
275.8 59.1 -33.1 8.1 -9.2 6.1
1943.6 -96.3 -41.9 -14 8.8 71
2822.6 -18.7 30 8.2 12.5 24.3
