KLH014b_0317 analysis information:
Number of steps:
20
Cutoff frequencies were: 
5400 5432 5463 5495 5526 5558 5589 5621 5653 5684 5716 5747 5779 5811 5842 5874 5905 5937 5968 6000
Number of coefficients for prediction: 
5
Number of formants: 
3
Winner is:
5400 5400 5400
Errors (total,f1,f2,f3): 
257.2 275.3 287.1 302.5 318.2 393.4 653.2 622.4 310.5 515.4 525.1 543.2 359.3 363 343.2 337.5 338.5 331.5 335.5 369.7
29.4 27.8 33.9 41.5 52.5 51.9 67.9 64.8 50.8 70.2 51.9 65.4 16.4 21.9 66.4 20.5 27.1 31.1 40.4 30.2
181 171 174.1 179.7 184 234.8 434.1 404.1 161.1 315.7 353.2 353.5 257.3 255.7 211.4 244.7 241.5 238.1 236.3 256
46.8 76.5 79.1 81.3 81.7 106.7 151.2 153.5 98.6 129.5 120 124.3 85.6 85.4 65.4 72.3 69.9 62.3 58.8 83.5
Coefficients are (row-wise by formant):
439.5 24.2 56.3 -46.9 63.2 -32.6
953 -385.1 429.7 -368.8 243.7 -200.5
2859.3 -115.8 46.1 -71.6 117.7 -77.3
