KLH014b_0891 analysis information:
Number of steps:
20
Cutoff frequencies were: 
5400 5432 5463 5495 5526 5558 5589 5621 5653 5684 5716 5747 5779 5811 5842 5874 5905 5937 5968 6000
Number of coefficients for prediction: 
5
Number of formants: 
3
Winner is:
5621 5621 5621
Errors (total,f1,f2,f3): 
105.2 110.8 133.9 199.1 235.2 79.4 72.7 63.6 75.1 72.7 70.2 68.4 68.1 66.4 66.8 68.7 70.5 73.7 76.6 82.5
22.8 26.5 36 48.7 46.4 32.2 26.6 25.4 23.8 22 22.1 22.2 22.6 22.9 23.9 24.6 25.9 26.9 28.8 30.8
20.7 23.8 28.2 36.7 82.2 11.5 11.4 11.4 10.1 9.5 8.9 8.6 8.3 8.4 8.6 8.9 9.2 9.7 9.9 10.6
61.7 60.5 69.7 113.7 106.6 35.7 34.7 26.8 41.2 41.2 39.2 37.6 37.2 35.1 34.3 35.2 35.4 37.1 37.9 41.1
Coefficients are (row-wise by formant):
604.4 -109.9 27.7 -55.4 51.1 -58.1
1442.6 -288.5 20.4 50 -26 -19.7
2314.1 -170.5 -60.1 -164.6 -18 -75.3
