KLH014a_0178 analysis information:
Number of steps:
20
Cutoff frequencies were: 
5400 5432 5463 5495 5526 5558 5589 5621 5653 5684 5716 5747 5779 5811 5842 5874 5905 5937 5968 6000
Number of coefficients for prediction: 
5
Number of formants: 
3
Winner is:
5684 5684 5684
Errors (total,f1,f2,f3): 
98.2 81 67.5 61.2 59 57.8 56.4 55.4 54.8 54.3 54.5 55.8 55.9 56.4 56.7 57.3 57.9 58 58.3 58.1
7.8 7.7 7.7 7.6 7.5 7.5 7.5 7.4 7.3 7.2 7.2 7.2 7.2 7.2 7.2 7.1 7.2 7.2 7.2 7.2
38.3 32.5 28.8 25.8 24.1 23.2 22.1 21.4 21 20.6 20.5 20.9 20.9 21.1 21.3 21.7 22 22.1 22.4 22.3
52.1 40.8 31 27.8 27.4 27.1 26.8 26.6 26.5 26.5 26.8 27.7 27.8 28.1 28.2 28.5 28.7 28.7 28.7 28.6
Coefficients are (row-wise by formant):
396.8 -35.9 14.8 -20.3 13.8 -16.1
2394.5 151.3 -135.6 62.2 -15 26.5
2955.8 76.1 -31.9 39.3 -18.7 -42.7
