KLH014a_0630 analysis information:
Number of steps:
20
Cutoff frequencies were: 
5400 5432 5463 5495 5526 5558 5589 5621 5653 5684 5716 5747 5779 5811 5842 5874 5905 5937 5968 6000
Number of coefficients for prediction: 
5
Number of formants: 
3
Winner is:
5937 5937 5937
Errors (total,f1,f2,f3): 
31.4 32.3 32.7 32.6 32.7 32.5 33.2 33.9 33.6 35.3 33.5 34.2 34.4 35.6 34.8 33.4 34.1 30.3 32.5 32.6
7 7.3 7.6 7.4 7.4 7.3 7.6 7.8 7.7 8.2 7.4 7.8 7.6 7.8 7.7 7 7.2 6.9 7.6 7.6
6.3 6.3 6.3 6.2 6.2 6.3 6.4 6.5 6.4 6.4 6.4 6.4 6.6 6.8 6.8 6.6 6.6 5.8 5.7 5.8
18.1 18.7 18.8 19 19.1 18.9 19.2 19.6 19.5 20.7 19.7 20 20.2 21 20.3 19.8 20.3 17.6 19.2 19.2
Coefficients are (row-wise by formant):
731 -65.5 2.9 -28.4 18.5 -11.6
1496.8 13.7 -23.6 17.7 -9.2 -5.8
2493.8 -95.8 -81.7 24.9 -22.1 29.2
