KLH014a_0490 analysis information:
Number of steps:
20
Cutoff frequencies were: 
5400 5432 5463 5495 5526 5558 5589 5621 5653 5684 5716 5747 5779 5811 5842 5874 5905 5937 5968 6000
Number of coefficients for prediction: 
5
Number of formants: 
3
Winner is:
5432 5432 5432
Errors (total,f1,f2,f3): 
13.1 12 12.6 12.3 12.7 12.7 12.2 12.7 12.2 12.4 12.7 12.9 13.3 13.9 14.3 14.7 15.4 16.5 17.1 18
1.6 1.5 1.6 1.5 1.5 1.6 1.5 1.5 1.5 1.5 1.5 1.5 1.5 1.6 1.5 1.6 1.6 1.7 1.9 2.1
4.5 4.5 4.4 4.4 4.5 4.6 4.5 4.6 4.5 4.5 4.6 4.6 4.7 4.8 4.9 4.9 5 5.3 5.3 5.5
7 6 6.6 6.4 6.7 6.5 6.2 6.6 6.2 6.4 6.6 6.8 7.1 7.5 7.9 8.2 8.8 9.5 9.9 10.4
Coefficients are (row-wise by formant):
509.2 -52.1 -7.9 -23.2 0.9 -7.3
1314 153.2 18.1 7.4 22.2 9.6
2595.1 -16.1 3.3 -2.1 5 1.8
