KLH014b_0254 analysis information:
Number of steps:
20
Cutoff frequencies were: 
5400 5432 5463 5495 5526 5558 5589 5621 5653 5684 5716 5747 5779 5811 5842 5874 5905 5937 5968 6000
Number of coefficients for prediction: 
5
Number of formants: 
3
Winner is:
6000 6000 6000
Errors (total,f1,f2,f3): 
57.4 58.1 57.5 57.6 57.6 57.6 57.2 56.4 55.8 54.2 53 51.7 50.9 48.5 46.7 44.6 42.2 40.1 37.4 35.4
16.4 16.5 15.4 14.6 14 13.1 12.7 11.6 11.3 11 10.6 10.2 10.2 10 10 9.8 9.9 9.9 9.8 10
6 6.3 6 6.1 6.1 6.2 6.3 6.3 6.5 6.5 6.6 6.7 6.7 6.6 6.6 6.7 6.6 6.6 6.4 6.4
35 35.3 36.1 36.9 37.5 38.3 38.2 38.5 38 36.7 35.8 34.8 34 31.9 30.1 28.1 25.7 23.6 21.2 19
Coefficients are (row-wise by formant):
807.9 -76.8 -62.8 -11.5 -21.6 10.7
1481.8 147.6 -21.3 0.8 -6.6 8.6
2629.5 133.1 178 74.4 -8.9 -23.1
