KLH014b_0083 analysis information:
Number of steps:
20
Cutoff frequencies were: 
5400 5432 5463 5495 5526 5558 5589 5621 5653 5684 5716 5747 5779 5811 5842 5874 5905 5937 5968 6000
Number of coefficients for prediction: 
5
Number of formants: 
3
Winner is:
5968 5968 5968
Errors (total,f1,f2,f3): 
24.9 25.3 24.9 25.5 25.5 25.9 25.1 24.4 24.3 26.7 24.4 22.9 22.8 23.1 23.2 22.3 21.4 22.6 20.9 23.5
11.6 12.7 11.7 12 12.1 12 11.5 11.3 11.2 12.8 10.4 9.5 10.5 10.9 11.2 11.1 11 11.4 11.2 12
7.4 7.2 7.6 7.9 7.9 8.2 8.3 8.1 7.6 7.2 7.5 6.9 6.2 5.8 5.7 5.4 5.2 5.1 4.9 4.7
5.9 5.4 5.6 5.6 5.5 5.7 5.3 5 5.5 6.7 6.5 6.5 6.1 6.4 6.3 5.8 5.2 6.1 4.8 6.8
Coefficients are (row-wise by formant):
784.3 -47 17.4 -65.1 17.7 -22.6
1237.3 -60.2 -7.4 19 3.5 -8.7
2649.6 18 63.6 -1.9 -20.5 -17.4
