KLH014a_1130 analysis information:
Number of steps:
20
Cutoff frequencies were: 
5400 5432 5463 5495 5526 5558 5589 5621 5653 5684 5716 5747 5779 5811 5842 5874 5905 5937 5968 6000
Number of coefficients for prediction: 
5
Number of formants: 
3
Winner is:
6000 6000 6000
Errors (total,f1,f2,f3): 
28.9 29.9 29.8 31.2 31 33 34.7 33.7 35.5 39.2 39.9 38.2 37.1 35.9 35.1 33.7 32.3 30.6 28.6 26.6
3.8 3.7 3.8 3.6 3.7 3.6 3.6 3.6 3.4 3.2 3.2 3.3 3.3 3.3 3.3 3.4 3.5 3.6 3.8 4.1
12.5 13.5 13.1 13.2 12.7 14.1 15.1 14.4 16.2 19.5 20 19.5 19 18.5 18.2 17.3 16.6 15.5 14.1 12.5
12.6 12.7 12.9 14.4 14.6 15.3 16 15.7 15.9 16.5 16.7 15.4 14.8 14.1 13.6 13 12.2 11.5 10.7 10
Coefficients are (row-wise by formant):
426.4 51.6 7.4 -0.6 -9 -9.6
1936.9 118.4 -8.8 34.3 40.3 -5.4
2853.7 10.4 -23.3 12.2 8.3 12.7
