KLH014a_0328 analysis information:
Number of steps:
20
Cutoff frequencies were: 
5400 5432 5463 5495 5526 5558 5589 5621 5653 5684 5716 5747 5779 5811 5842 5874 5905 5937 5968 6000
Number of coefficients for prediction: 
5
Number of formants: 
3
Winner is:
5400 5400 5400
Errors (total,f1,f2,f3): 
27.6 29.3 28.5 30.6 30 32.8 31 31.9 34.3 31.9 33.8 32.5 33.8 33.8 32.1 34 31.8 34.3 33.4 34.4
3.2 3.7 3.5 3.9 3.7 4.3 3.9 4.2 4.8 3.9 4.5 4.4 4.4 4.7 4.4 5.1 4.8 4.9 5.2 5.6
8.1 9.8 8.9 11.1 10.3 12.4 11.4 11.6 13.7 12.8 14.4 13.3 14.9 14.5 13 13.5 12 13.7 12.7 13
16.3 15.8 16.1 15.6 16 16.1 15.7 16.1 15.8 15.2 14.9 14.8 14.5 14.6 14.7 15.4 15 15.7 15.5 15.8
Coefficients are (row-wise by formant):
413.7 4.9 -12 -0.4 -1.3 4.5
981.7 -38.2 19.7 -13.6 25.4 -10.6
2650.9 140.3 29.8 38.1 28.2 -41.2
