KLH014a_1476 analysis information:
Number of steps:
20
Cutoff frequencies were: 
5400 5432 5463 5495 5526 5558 5589 5621 5653 5684 5716 5747 5779 5811 5842 5874 5905 5937 5968 6000
Number of coefficients for prediction: 
5
Number of formants: 
3
Winner is:
5811 5811 5811
Errors (total,f1,f2,f3): 
14.1 14.1 14 13.8 13.6 13.6 13.6 13.7 13.5 13.6 13.7 13.6 13.3 13.1 13.4 13.5 13.4 13.6 13.8 14
2.8 3.1 3.2 3.3 3.3 3.4 3.4 3.5 3.5 3.5 3.5 3.5 3.5 3.5 3.6 3.6 3.6 3.7 3.7 3.8
8.8 8.5 8.3 8.1 7.8 7.6 7.6 7.3 7.2 7.1 7.1 6.9 6.7 6.8 6.8 6.9 6.9 6.9 7.1 7.1
2.5 2.5 2.5 2.4 2.5 2.6 2.6 2.9 2.8 3 3.1 3.2 3.1 2.8 3 3 2.9 3 3 3.1
Coefficients are (row-wise by formant):
441.1 12.1 2.5 2.7 2.8 1.1
1243.9 -231.9 68.8 -40.3 8.9 -6.9
2761.3 46.7 23.8 2.8 5.7 8.7
