KLH014a_1505 analysis information:
Number of steps:
20
Cutoff frequencies were: 
5400 5432 5463 5495 5526 5558 5589 5621 5653 5684 5716 5747 5779 5811 5842 5874 5905 5937 5968 6000
Number of coefficients for prediction: 
5
Number of formants: 
3
Winner is:
5653 5653 5653
Errors (total,f1,f2,f3): 
69.4 68.3 67.8 67.6 67.5 65.3 64.2 60.9 60.3 61.1 61.6 61.6 64.2 68.2 76.2 80.5 157 152.3 148.4 144.5
21.9 21.8 21.9 22.1 22.4 21.3 21.1 19.5 19.2 19.9 20 19.3 21.6 25.1 32.6 37.3 29.7 28.3 27.3 26.2
11.3 11.1 11.3 11.3 11.3 10.5 9.8 9.3 8.7 8.3 8.2 7.9 7.6 7.7 7.6 7.2 64.6 62.9 60.2 57.9
36.2 35.4 34.6 34.2 33.8 33.5 33.3 32.1 32.4 32.9 33.4 34.4 35 35.4 36 36 62.7 61.1 60.9 60.4
Coefficients are (row-wise by formant):
868.3 114.9 -46.4 -68.6 -31.7 -13.8
1546.9 -42.4 -29.3 -18.4 -8.4 -2.5
2671.9 -159 45.6 -51.4 -32.7 -44.6
