KLH014a_1425 analysis information:
Number of steps:
20
Cutoff frequencies were: 
5400 5432 5463 5495 5526 5558 5589 5621 5653 5684 5716 5747 5779 5811 5842 5874 5905 5937 5968 6000
Number of coefficients for prediction: 
5
Number of formants: 
3
Winner is:
5684 5684 5684
Errors (total,f1,f2,f3): 
117.9 124.1 122.3 120.2 117.5 117.3 116 114.5 113.6 112.5 113.1 113.6 116.5 117.4 118.9 121.8 121.8 123.5 125.9 123.6
55.5 60.5 62.7 61.3 58.7 56.8 55.6 54.9 54.2 54.2 54.7 54.4 57.2 58.4 59.4 61 60.8 61.5 63.9 64.3
26.2 25.7 21.5 18.8 18 17.8 17.6 17.1 17.1 17.1 17.3 17.5 18.6 19.5 20.4 21.6 22.7 23.7 23.8 22.9
36.2 37.9 38.1 40.1 40.8 42.7 42.8 42.5 42.3 41.2 41.1 41.7 40.7 39.5 39.1 39.2 38.3 38.3 38.2 36.4
Coefficients are (row-wise by formant):
748.5 223.1 -61.3 -21.3 -19.4 9.7
1427.4 -38.4 38 -21.6 10.4 -7.6
2449.5 -200.1 20.4 -60 18.1 4.9
