KLH014a_0858 analysis information:
Number of steps:
20
Cutoff frequencies were: 
5400 5432 5463 5495 5526 5558 5589 5621 5653 5684 5716 5747 5779 5811 5842 5874 5905 5937 5968 6000
Number of coefficients for prediction: 
5
Number of formants: 
3
Winner is:
5432 5432 5432
Errors (total,f1,f2,f3): 
32.3 31.4 35.1 34.9 37.1 41.4 41.5 42.1 41.2 40.9 39.1 37.2 35.7 35.3 35.8 37.3 39.3 42.3 46.1 53
3.3 3.3 3.3 3.3 3.4 3.5 3.6 3.6 3.6 3.7 3.7 3.7 3.7 3.7 3.9 3.9 4.1 4.1 4.3 4.3
18.2 17.1 18 20.5 19.9 26.4 23.2 24.5 24 22.5 21.2 20.2 19.2 19.6 20.5 22.1 23.8 25.7 27.9 33
10.8 11 13.8 11.1 13.8 11.5 14.7 14 13.6 14.7 14.2 13.3 12.8 12 11.4 11.3 11.4 12.5 13.9 15.7
Coefficients are (row-wise by formant):
378.8 -30.9 -10.1 -33 0 -10.6
2320.9 65.9 -83.9 6.9 -101.7 -26.1
2788.8 46.5 -16.4 4.7 -34.5 -14.5
