KLH014b_0685 analysis information:
Number of steps:
20
Cutoff frequencies were: 
5400 5432 5463 5495 5526 5558 5589 5621 5653 5684 5716 5747 5779 5811 5842 5874 5905 5937 5968 6000
Number of coefficients for prediction: 
5
Number of formants: 
3
Winner is:
5874 5874 5874
Errors (total,f1,f2,f3): 
107.2 100.8 96.9 93.7 92.8 93.7 93.5 93.2 92.9 92.8 92.8 91.6 90.8 90.3 89.5 89.3 89.6 89.8 90.6 90.1
3.3 3.4 3.5 3.6 3.7 3.7 3.7 3.6 3.6 3.6 3.6 3.5 3.5 3.5 3.5 3.5 3.4 3.5 3.4 3.4
66.7 63.6 60.3 58.6 58 58.2 58.2 58.3 58.3 58.3 58.3 57.4 56.8 56.5 56.5 57.4 58.8 59.2 60.2 60.5
37.2 33.8 33.1 31.5 31.1 31.8 31.6 31.3 31 30.9 30.9 30.7 30.5 30.3 29.5 28.4 27.4 27.1 27 26.2
Coefficients are (row-wise by formant):
488.6 14.7 -23.7 7.6 -14.2 6.1
2247 -150.6 -37.6 -166.8 -35.9 35.7
2926.6 -140.4 -47.7 -4.3 23.4 38.1
