KLH014a_0030 analysis information:
Number of steps:
20
Cutoff frequencies were: 
5400 5432 5463 5495 5526 5558 5589 5621 5653 5684 5716 5747 5779 5811 5842 5874 5905 5937 5968 6000
Number of coefficients for prediction: 
5
Number of formants: 
3
Winner is:
5621 5621 5621
Errors (total,f1,f2,f3): 
31.7 29.9 28.5 28.3 27.4 26.5 25 24.3 25.7 26.6 27.9 30 32.3 35.4 39.2 43.6 58.7 87.8 128.7 147.2
2.6 2.6 2.6 2.7 2.7 2.9 3 3.4 3.7 4.2 4.7 5.4 6.2 7.2 8.4 9.7 11.1 12.7 13.5 13.8
13.2 13.1 13.1 13.2 13.4 13.6 13.8 14.2 14.6 15.2 16 17.3 18.6 20.4 22.8 25.6 38.9 66 105.7 123.4
15.9 14.2 12.8 12.4 11.3 10 8.2 6.7 7.4 7.2 7.2 7.3 7.5 7.8 8 8.3 8.7 9.1 9.5 10
Coefficients are (row-wise by formant):
495.9 24.5 -10.6 16.9 3.2 8
978.6 -83.7 64.1 1.8 30.5 -9.4
2719.5 13.1 -0.8 -12.3 24.2 -15.4
