KLH014a_1064 analysis information:
Number of steps:
20
Cutoff frequencies were: 
5400 5432 5463 5495 5526 5558 5589 5621 5653 5684 5716 5747 5779 5811 5842 5874 5905 5937 5968 6000
Number of coefficients for prediction: 
5
Number of formants: 
3
Winner is:
5432 5432 5432
Errors (total,f1,f2,f3): 
24.2 23.1 23.6 23.1 23.4 23.5 24.3 23.5 24.5 26.3 29.3 29.7 29.7 29.9 30.3 30.2 29.9 30 30 30.8
6.6 6.5 6.6 6.6 6.5 6.5 6.4 6.5 6.4 6.4 6.4 6.5 6.5 6.4 6.4 6.5 6.5 6.6 6.6 6.7
13.6 12.6 13.1 12.6 12.7 13 13.4 12.8 13.6 14.9 17.4 17.5 17.6 18 18.6 18.8 18.7 19 19.3 20
4 4 3.9 3.9 4.2 4 4.5 4.2 4.5 5 5.5 5.7 5.6 5.5 5.3 4.9 4.7 4.4 4.1 4.1
Coefficients are (row-wise by formant):
396.2 13.3 8.3 20.6 5.6 5.4
2201.2 -201.7 -83.5 -29.1 -34.2 -18.2
2808.7 -59.7 -10.8 -3.2 -16 9.5
