KLH014a_0300 analysis information:
Number of steps:
20
Cutoff frequencies were: 
5400 5432 5463 5495 5526 5558 5589 5621 5653 5684 5716 5747 5779 5811 5842 5874 5905 5937 5968 6000
Number of coefficients for prediction: 
5
Number of formants: 
3
Winner is:
5589 5589 5589
Errors (total,f1,f2,f3): 
24.4 26.8 27.3 23.9 19.2 18 16.2 17.6 17 16.9 17.4 18 18.9 18.8 19.4 20 21.1 22 22.8 24.9
1.5 1.4 1.3 1.3 1.4 1.4 1.4 1.4 1.6 1.5 1.5 1.5 1.5 1.5 1.6 1.6 1.6 1.7 1.8 2
5.1 5.1 5.1 5.1 5.2 5 5.1 5 4.8 4.6 4.6 4.8 4.9 4.9 5.1 5.3 5.6 5.7 5.9 6.3
17.8 20.3 20.9 17.5 12.6 11.6 9.7 11.2 10.6 10.8 11.3 11.7 12.5 12.4 12.7 13.1 13.9 14.6 15.1 16.6
Coefficients are (row-wise by formant):
380.2 -2.4 22.4 -4.6 -4.8 -2
980.6 125 68.4 30.9 8.3 -6.7
2769.9 0.9 -40.1 -1.7 -17.1 -11.8
