KLH014a_1573 analysis information:
Number of steps:
20
Cutoff frequencies were: 
5400 5432 5463 5495 5526 5558 5589 5621 5653 5684 5716 5747 5779 5811 5842 5874 5905 5937 5968 6000
Number of coefficients for prediction: 
5
Number of formants: 
3
Winner is:
5558 5558 5558
Errors (total,f1,f2,f3): 
268.9 272.1 268.4 272.1 274 142.2 276.6 144.9 160 163.7 174.8 320.3 316.9 316.7 316.3 311.8 312.5 304.8 304.3 301.6
56.6 56.7 55.3 54.5 52.3 54.4 51.2 42.7 50 48.3 48.3 47.5 48 47.2 46.1 45.6 45.7 45.3 43.9 43.1
125.2 126 125.5 128.5 130.7 67.8 135.6 82.9 91.2 96.9 108.6 169.9 168 169.1 170.1 169.5 169.7 167.8 169.2 169.6
87.1 89.4 87.6 89.1 91 20 89.8 19.3 18.8 18.5 17.9 102.9 100.9 100.4 100.1 96.7 97.1 91.7 91.2 88.9
Coefficients are (row-wise by formant):
726.3 -253.4 -89.6 47.3 46.6 -59.2
1384.9 -32.9 48 -38.3 80.6 -45.1
2780.7 -44.8 16.2 -13.1 28.6 -48.5
