KLH014a_1461 analysis information:
Number of steps:
20
Cutoff frequencies were: 
5400 5432 5463 5495 5526 5558 5589 5621 5653 5684 5716 5747 5779 5811 5842 5874 5905 5937 5968 6000
Number of coefficients for prediction: 
5
Number of formants: 
3
Winner is:
5400 5400 5400
Errors (total,f1,f2,f3): 
82.3 98.9 218.4 261.4 251.2 231.6 169.7 129.1 123.1 132.1 157.7 168.2 168.4 169.1 166.7 164.8 161.2 156.1 149.8 144.2
3.3 3.4 3.6 3.7 3.6 3.6 3.7 3.7 3.8 3.9 4.2 4.3 4.4 4.5 4.5 4.5 4.4 4.4 4.3 4.1
37.1 49.4 86.4 18.8 18.6 23.7 7.3 7.5 7.8 7.9 8.2 8.3 8.6 8.8 8.9 9.1 9.2 9.4 9.5 9.5
41.9 46.1 128.4 238.9 229 204.3 158.7 117.9 111.5 120.3 145.3 155.6 155.4 155.8 153.3 151.2 147.6 142.3 136 130.6
Coefficients are (row-wise by formant):
370.8 41.3 -32.1 -4.7 -12.6 -2.1
1537.9 -86.7 31.2 39.5 32.6 -9.9
1725.8 -66.6 107.8 31.1 119.3 0.5
