KLH014b_1258 analysis information:
Number of steps:
20
Cutoff frequencies were: 
5400 5432 5463 5495 5526 5558 5589 5621 5653 5684 5716 5747 5779 5811 5842 5874 5905 5937 5968 6000
Number of coefficients for prediction: 
5
Number of formants: 
3
Winner is:
6000 6000 6000
Errors (total,f1,f2,f3): 
47.1 47 46.7 47.3 47.9 49.2 49.5 47.9 43.4 39.7 38 35.7 33.5 31.5 31 29.6 28.2 27.2 26.3 25.7
2.6 2.6 2.6 2.6 2.6 2.6 2.6 2.5 2.5 2.4 2.4 2.4 2.4 2.3 2.3 2.3 2.2 2.2 2.2 2.2
16.2 16.2 16.4 17.1 17.9 19.3 19.6 19.7 17.9 16 15.2 13.8 12.8 12.4 12.7 12.5 12.6 12.9 13 13.2
28.3 28.2 27.7 27.6 27.4 27.3 27.3 25.7 23 21.3 20.4 19.5 18.3 16.8 16 14.8 13.4 12.1 11.1 10.3
Coefficients are (row-wise by formant):
390.9 -16.3 -13.6 -13.2 -3.9 -3
2346.1 -247 -65.8 -2.3 18.3 11.7
2861.4 -159 -10.1 -20.4 4 -27.4
