KLH014a_1051 analysis information:
Number of steps:
20
Cutoff frequencies were: 
5400 5432 5463 5495 5526 5558 5589 5621 5653 5684 5716 5747 5779 5811 5842 5874 5905 5937 5968 6000
Number of coefficients for prediction: 
5
Number of formants: 
3
Winner is:
6000 6000 6000
Errors (total,f1,f2,f3): 
59.4 59.7 60.1 60.9 60.7 60.7 60.5 60.3 60.3 60.8 60.6 60.9 60 59.7 59.1 57.8 56.8 56.2 55.3 54.7
4.8 4.8 4.8 4.8 4.8 4.8 4.7 4.7 4.7 4.7 4.7 4.7 4.7 4.7 4.7 4.8 4.8 4.8 4.8 4.8
37.9 38 38.4 38.7 38.6 38.8 39.1 39.1 39.5 40 40 40.3 39.8 39.9 39.6 38.8 38.2 37.7 37 36.5
16.7 16.9 16.9 17.4 17.3 17.1 16.7 16.5 16.1 16.1 15.9 15.9 15.5 15.1 14.8 14.2 13.8 13.7 13.5 13.4
Coefficients are (row-wise by formant):
354.3 2.9 12.8 7.5 16.1 12.4
2343.7 -15.6 -187 -20.4 -88.2 -1.6
2861.7 -11.5 -70.3 -20.8 -33.7 -6.8
