KLH014a_0769 analysis information:
Number of steps:
20
Cutoff frequencies were: 
5400 5432 5463 5495 5526 5558 5589 5621 5653 5684 5716 5747 5779 5811 5842 5874 5905 5937 5968 6000
Number of coefficients for prediction: 
5
Number of formants: 
3
Winner is:
5716 5716 5716
Errors (total,f1,f2,f3): 
87.7 89.7 86.1 84.5 84 82.8 82.4 81.9 80.7 80.3 79.1 79.3 79.6 79.4 80.3 79.9 82.5 83.3 83.5 79.7
20.2 20.7 20.2 20.3 20.1 20.2 19.8 19.4 18.7 18.7 17.8 17.9 17.9 17.8 18.2 17.2 18.7 18.5 17.6 16.6
26 25.7 25.4 25.2 25 24.5 24.2 23.6 23.5 23.2 23 22.9 23 23 22.7 22.8 22.8 22.6 22.4 22.2
41.5 43.3 40.5 39 38.9 38.1 38.4 38.9 38.5 38.4 38.3 38.5 38.7 38.6 39.4 39.9 41 42.2 43.5 40.9
Coefficients are (row-wise by formant):
917 85 -35.2 60.6 31.6 8.2
1427.4 -98.1 50.3 -24.9 0.8 -24.1
2760 117 -68.2 4.1 -42.9 62.1
