KLH014b_0171 analysis information:
Number of steps:
20
Cutoff frequencies were: 
5400 5432 5463 5495 5526 5558 5589 5621 5653 5684 5716 5747 5779 5811 5842 5874 5905 5937 5968 6000
Number of coefficients for prediction: 
5
Number of formants: 
3
Winner is:
5463 5463 5463
Errors (total,f1,f2,f3): 
105.3 104 98.9 180.8 303.3 304 301.9 181.2 185.8 184.3 184.5 184.9 187.3 189.7 189.6 189.4 191.6 191 190.1 192.6
23.9 25.1 26.3 97.4 170.7 172.2 173.3 102.5 103.9 104.1 104.2 103.7 104.2 105.7 106.4 108.1 109.6 109.9 110.5 112.6
53.4 52 48.4 30 41.6 40.1 37.5 24.2 25 23.1 22.2 22.3 22.4 22.6 21.9 20.2 21.4 21 20.4 20
28 26.9 24.2 53.4 91 91.7 91.1 54.5 56.9 57.1 58.1 58.9 60.7 61.4 61.3 61.1 60.6 60.1 59.2 60
Coefficients are (row-wise by formant):
340.1 35.4 -4.9 36.5 0.3 21.6
2513.7 -79.4 -28.8 12.4 -13.6 -18.9
2825.5 -40.4 -32.8 -27.7 -30.7 2.3
