KLH014b_1584 analysis information:
Number of steps:
20
Cutoff frequencies were: 
5400 5432 5463 5495 5526 5558 5589 5621 5653 5684 5716 5747 5779 5811 5842 5874 5905 5937 5968 6000
Number of coefficients for prediction: 
5
Number of formants: 
3
Winner is:
5937 5937 5937
Errors (total,f1,f2,f3): 
71.3 71.9 72.1 73.4 74.1 75.6 74.5 75.5 76.7 76.5 76.1 77.2 75.3 75.3 70.4 70 69.8 66.8 69.3 68.1
19.1 19.5 19.5 21.2 21 21.7 20.7 21.8 22.3 21.2 20.8 19.2 19.5 17.4 17.1 17 17.4 18.2 18.7 20
21.2 21.4 21.7 21.2 21.2 21.3 21.8 21.3 20.9 21.2 21.4 21.3 21.3 21.2 21.2 20.7 20.5 19.9 18.9 18.4
31 31 30.9 31 31.9 32.6 32 32.4 33.5 34.1 33.9 36.7 34.5 36.7 32.1 32.3 31.9 28.7 31.7 29.7
Coefficients are (row-wise by formant):
872.6 76.6 -18.2 -16.2 23.1 -39.3
1461.2 -135.6 41.3 -19.2 -1.3 -17.6
2563.5 -199.8 86.9 -69.9 48.7 -10.9
