KLH014a_0290 analysis information:
Number of steps:
20
Cutoff frequencies were: 
5400 5432 5463 5495 5526 5558 5589 5621 5653 5684 5716 5747 5779 5811 5842 5874 5905 5937 5968 6000
Number of coefficients for prediction: 
5
Number of formants: 
3
Winner is:
5400 5400 5400
Errors (total,f1,f2,f3): 
12.5 13 13.1 13.2 14.8 14.3 14.9 15 15.2 15 15.3 15.5 16.1 17 17.4 18.1 19.1 19.8 20.4 21
1.9 1.8 2 1.8 1.5 1.6 1.5 1.5 1.5 1.5 1.6 1.6 1.7 1.7 1.7 1.8 1.9 2 2.1 2.2
4 4.4 4.5 4.6 6.4 5.5 6.5 6.6 6.9 6.7 6.8 7.5 7.6 8.6 9.1 9.8 10.7 11.4 11.7 12.3
6.6 6.8 6.6 6.8 6.9 7.2 6.9 6.9 6.8 6.8 6.9 6.4 6.8 6.7 6.6 6.5 6.5 6.4 6.6 6.5
Coefficients are (row-wise by formant):
389.5 -18.6 -7.5 -2.3 7.6 -1.6
1960.8 -26.9 -111.2 8.5 -17.4 18.1
2814.7 60.2 -13.9 -26.3 -11.4 -4.3
