KLH014a_0970 analysis information:
Number of steps:
20
Cutoff frequencies were: 
5400 5432 5463 5495 5526 5558 5589 5621 5653 5684 5716 5747 5779 5811 5842 5874 5905 5937 5968 6000
Number of coefficients for prediction: 
5
Number of formants: 
3
Winner is:
5716 5716 5716
Errors (total,f1,f2,f3): 
312.3 313.5 287.5 236.4 238.4 235.4 255.6 300.1 194.8 160.7 159 229.4 214.4 274.1 270.4 252.7 292.8 301.1 330.1 321
37 40.6 39.5 40.9 41.4 41.7 42.3 44.1 42.5 43 43.8 43.4 43.2 42.3 39 39 36.5 44 56.8 57.2
69.7 78.3 75.4 54.6 58.6 56.9 50.5 56.9 52.6 46.1 46.6 47 48.1 60.1 56.8 57.3 59.7 72.6 88.4 87.1
205.6 194.6 172.6 140.9 138.4 136.8 162.8 199.1 99.7 71.6 68.6 139 123.1 171.7 174.6 156.4 196.6 184.5 184.9 176.7
Coefficients are (row-wise by formant):
582.9 1 -34.7 -61.2 -36.6 -34.6
1091.3 295 -75.6 -45.2 2.8 20.4
2979 -20.3 -221.5 -140.2 -110.4 -102.4
