KLH014a_1381 analysis information:
Number of steps:
20
Cutoff frequencies were: 
5400 5432 5463 5495 5526 5558 5589 5621 5653 5684 5716 5747 5779 5811 5842 5874 5905 5937 5968 6000
Number of coefficients for prediction: 
5
Number of formants: 
3
Winner is:
6000 6000 6000
Errors (total,f1,f2,f3): 
90.5 90.1 87.4 77.9 70.2 65.9 59.8 54.8 49.2 50.1 50 47.7 48.3 46.6 45 43.6 42.4 42 42.5 41.9
50.7 53.3 54.8 51.7 48.3 43.1 32.6 25.9 19.4 19.1 18.6 17.4 17.5 17.6 17.8 17.7 17.8 17.8 18 18.1
28.6 27.3 23.3 16.6 11.7 12.2 13.7 13.2 13.4 13.2 13.3 13.3 13.4 13.5 13.5 13.5 13.7 13.6 13.7 13.7
11.2 9.5 9.3 9.6 10.2 10.6 13.5 15.7 16.4 17.8 18.1 17 17.4 15.5 13.7 12.4 10.9 10.6 10.8 10.1
Coefficients are (row-wise by formant):
731.2 79.7 -83.9 -0.1 -1.1 10.7
1244.7 -2.1 -28.3 25.7 1.9 -4.8
2772.8 64.8 55.4 40.3 14 14.1
