KLH014a_0700 analysis information:
Number of steps:
20
Cutoff frequencies were: 
5400 5432 5463 5495 5526 5558 5589 5621 5653 5684 5716 5747 5779 5811 5842 5874 5905 5937 5968 6000
Number of coefficients for prediction: 
5
Number of formants: 
3
Winner is:
5937 5937 5937
Errors (total,f1,f2,f3): 
96.7 99.3 105.6 104.4 103.2 100.6 100 98 95.4 93.1 90.9 86.2 84.3 82.2 79.8 78 76.5 76.4 76.7 77.9
2.2 2.1 2.1 2.1 2.1 2.1 2.1 2.2 2.2 2.2 2.3 2.3 2.4 2.4 2.4 2.5 2.5 2.5 2.5 2.6
77 78.6 81.3 80 79.8 77.9 77.5 75.9 74.4 73 71.3 68.3 67.3 66.2 64.8 64 63.3 64 64.8 66.5
17.5 18.6 22.2 22.3 21.3 20.6 20.4 19.9 18.8 17.9 17.3 15.6 14.6 13.6 12.6 11.5 10.7 9.9 9.4 8.8
Coefficients are (row-wise by formant):
352.1 7.3 7.1 5.6 3.7 2.8
2176.3 -161.9 -300.3 -12.4 -97.7 -6.3
2871.9 -67.8 -104.3 0.8 -8.5 30
