KLH014a_0226 analysis information:
Number of steps:
20
Cutoff frequencies were: 
5400 5432 5463 5495 5526 5558 5589 5621 5653 5684 5716 5747 5779 5811 5842 5874 5905 5937 5968 6000
Number of coefficients for prediction: 
5
Number of formants: 
3
Winner is:
5400 5400 5400
Errors (total,f1,f2,f3): 
14.2 15 16.2 16.9 19.2 17.2 20.1 19.8 20.2 16.9 15.7 14.6 14.8 15 15.2 15.7 17.5 16.3 17.8 17.2
2.6 2.8 3 3 3.2 2.7 3 3.1 3.1 2.9 3 2.9 2.9 2.9 2.8 2.8 2.7 2.7 2.5 2.6
8.1 8.2 8.6 8.7 9.5 9.3 10.4 10.3 10.5 9.8 9.5 9.3 9.1 8.7 8.5 8.2 7.5 7.8 6.9 7.1
3.5 4 4.6 5.2 6.5 5.2 6.7 6.4 6.6 4.2 3.2 2.4 2.8 3.4 3.9 4.7 7.3 5.8 8.4 7.5
Coefficients are (row-wise by formant):
783.8 84.1 -44.9 -7.1 -2.4 -3.5
1412.1 -22.2 -10.5 9.6 -19.8 16.7
2530.4 -72.2 33.2 -8.1 4.9 6.8
