KLH014a_0925 analysis information:
Number of steps:
20
Cutoff frequencies were: 
5400 5432 5463 5495 5526 5558 5589 5621 5653 5684 5716 5747 5779 5811 5842 5874 5905 5937 5968 6000
Number of coefficients for prediction: 
5
Number of formants: 
3
Winner is:
5811 5811 5811
Errors (total,f1,f2,f3): 
19.9 19.8 19.4 19.1 18.7 18.3 18.2 17.9 18 17.3 18.3 17.5 17.3 16.6 17.6 17.9 18.9 20.4 22 24.4
4 4 3.9 3.7 3.8 3.7 3.6 3.6 3.6 3.3 3.3 3.4 3.4 3.6 3.8 4.4 4.9 5.9 7.3 9.2
4.8 4.6 4.5 4.2 4.1 4 3.9 3.8 3.6 3.4 3.5 3.5 3.5 3.6 3.6 3.6 3.7 3.8 3.8 3.9
11.1 11.2 11 11.2 10.8 10.6 10.7 10.5 10.8 10.6 11.5 10.6 10.4 9.4 10.2 9.9 10.3 10.7 10.9 11.3
Coefficients are (row-wise by formant):
482.2 6 -56.5 8.8 -12.8 8.5
975 20.7 -13.4 9.5 -2.2 4.3
2739.2 -12.7 94.8 47.8 42.6 10.8
