KLH014a_0736 analysis information:
Number of steps:
20
Cutoff frequencies were: 
5400 5432 5463 5495 5526 5558 5589 5621 5653 5684 5716 5747 5779 5811 5842 5874 5905 5937 5968 6000
Number of coefficients for prediction: 
5
Number of formants: 
3
Winner is:
5589 5589 5589
Errors (total,f1,f2,f3): 
66.5 61.8 59.4 58.3 58.6 58.3 57.5 58.4 58.8 59.5 60.4 60.9 61.9 62.9 64.2 63.7 64.9 65.4 67.6 69.5
3.8 3.9 3.9 3.9 4 4.1 4.2 4.2 4.3 4.4 4.5 4.6 4.7 4.9 5.1 5.3 5.5 5.8 6.1 6.4
13.9 13 12.7 12.6 12.5 12.3 11.4 12.6 12.9 12.8 13.5 13.7 14.3 14.6 14.9 15.6 16 16.5 17.7 18.5
48.8 44.9 42.8 41.8 42.1 41.9 41.9 41.6 41.6 42.3 42.4 42.6 42.9 43.4 44.2 42.8 43.4 43.1 43.8 44.6
Coefficients are (row-wise by formant):
398.7 68.9 32.5 25.9 -1.4 -1.8
960 -63.9 92.8 26.2 10.2 -22.1
2745.2 102 -194.1 55.4 -84.3 54.3
