KLH014a_1389 analysis information:
Number of steps:
20
Cutoff frequencies were: 
5400 5432 5463 5495 5526 5558 5589 5621 5653 5684 5716 5747 5779 5811 5842 5874 5905 5937 5968 6000
Number of coefficients for prediction: 
5
Number of formants: 
3
Winner is:
5463 5463 5463
Errors (total,f1,f2,f3): 
97.6 88.8 87.4 93.5 127 134.5 134.6 132.3 129.6 122.2 114.8 104.2 104 104.7 104.8 103.2 99.8 97 92.9 91.3
15.6 15.5 15.4 15.2 15.4 15.5 15.5 15.5 15.5 15.5 15.6 15.7 15.8 15.9 16.1 16.3 16.5 16.7 16.9 17.1
40.5 41.4 41.1 41 44.8 49.7 44.5 38.8 39.7 40.3 41.2 41.8 42.1 43.3 44 43.8 43.1 42.6 41.4 40.4
41.5 31.9 30.9 37.3 66.8 69.3 74.6 78 74.4 66.4 58 46.7 46.1 45.5 44.7 43.1 40.2 37.7 34.6 33.8
Coefficients are (row-wise by formant):
454.5 206 84.5 22.1 5.2 2.4
2287.6 -468.3 -208.3 64.4 -29.1 27.2
2891.1 -186.3 -85.8 -39.8 9.6 4.4
