KLH014b_0567 analysis information:
Number of steps:
20
Cutoff frequencies were: 
5400 5432 5463 5495 5526 5558 5589 5621 5653 5684 5716 5747 5779 5811 5842 5874 5905 5937 5968 6000
Number of coefficients for prediction: 
5
Number of formants: 
3
Winner is:
5400 5400 5400
Errors (total,f1,f2,f3): 
201.5 218 212.2 227 263.2 247.5 230.3 232 250.3 284.5 282.9 287.1 282.8 280.6 279.9 279 279.2 250.3 266 220
27.7 27.6 27.7 27.7 30.5 32.5 24.5 28.8 27.5 26.6 26.4 27 26.7 26.4 26.7 27.8 26.6 26.7 27.5 27.3
146.7 163.3 154 166.1 189.2 164.9 160.7 163 182.3 217.5 216.9 219.6 215.8 215.7 216.9 215.9 217.7 190.9 202.4 164.1
27.1 27.1 30.5 33.2 43.5 50.1 45.1 40.2 40.5 40.4 39.6 40.5 40.3 38.5 36.3 35.3 34.9 32.7 36.1 28.6
Coefficients are (row-wise by formant):
403.1 -17.3 -40.3 7.7 -12.7 -33.7
1457.4 -138.1 334.6 -64 241.1 -151.9
2992.7 -98.4 -4.4 -37.5 21.7 -53.6
