KLH014a_1530 analysis information:
Number of steps:
20
Cutoff frequencies were: 
5400 5432 5463 5495 5526 5558 5589 5621 5653 5684 5716 5747 5779 5811 5842 5874 5905 5937 5968 6000
Number of coefficients for prediction: 
5
Number of formants: 
3
Winner is:
5621 5621 5621
Errors (total,f1,f2,f3): 
50.3 50 50.1 49.8 50.1 50.3 49.9 46 46.1 48 50.1 49.8 49.4 50.2 48 49.2 48.7 49.4 49.8 49.3
4.6 4.6 4.6 4.5 4.5 4.4 4.4 4.4 4.3 4.3 4.4 4.4 4.4 4.5 4.5 4.6 4.6 4.7 4.8 4.9
31.6 31.8 32 31.6 32.1 32.4 31.4 28.4 27.9 28.7 30.1 30.2 30.2 30.5 29.6 30.3 30.1 30.8 31 30.5
14.1 13.6 13.5 13.7 13.5 13.5 14.1 13.2 13.9 15 15.6 15.2 14.8 15.2 13.9 14.3 14 13.9 14 13.9
Coefficients are (row-wise by formant):
388 -19.5 -20.4 -16.9 -12.7 -10.5
2346.2 153.1 -130.1 117.1 -44.8 42.5
2839.9 39.4 -56.8 36 4.8 4.6
