KLH014a_0514 analysis information:
Number of steps:
20
Cutoff frequencies were: 
5400 5432 5463 5495 5526 5558 5589 5621 5653 5684 5716 5747 5779 5811 5842 5874 5905 5937 5968 6000
Number of coefficients for prediction: 
5
Number of formants: 
3
Winner is:
6000 6000 6000
Errors (total,f1,f2,f3): 
60.6 62.2 64.8 67.6 64 68.2 75 78.2 83 84.6 76.4 73.4 71 69 66.3 62.2 60.2 57.5 56.7 56
8.3 7.6 7.3 6.6 6.3 6.2 6.2 5.9 5.4 4.9 4.9 5 4.9 4.9 4.9 5 5.1 5.2 5.5 5.7
16.4 16 15.7 15.5 14.9 14.7 14.5 14.5 14.4 14.1 14.2 14.3 14.6 15.1 15.5 15.9 16.4 16.9 17.1 17.6
35.9 38.6 41.8 45.5 42.8 47.3 54.3 57.8 63.2 65.6 57.3 54.1 51.5 49 45.9 41.3 38.7 35.4 34.1 32.7
Coefficients are (row-wise by formant):
449.6 29.1 -30.4 -8.2 -24.5 -6.9
1217.6 -128.1 224.3 -32.1 69.4 0.1
2845.4 -2.3 -121 -64.6 -33 1.7
