KLH014b_1316 analysis information:
Number of steps:
20
Cutoff frequencies were: 
5400 5432 5463 5495 5526 5558 5589 5621 5653 5684 5716 5747 5779 5811 5842 5874 5905 5937 5968 6000
Number of coefficients for prediction: 
5
Number of formants: 
3
Winner is:
5937 5937 5937
Errors (total,f1,f2,f3): 
33.1 35.2 35.1 36.3 37.8 39.8 39.6 42 38.9 40.2 40.6 41.6 39.4 38.7 36 37.9 33 30.4 31.7 31.7
5.1 5.3 5.2 5.1 5 4.9 4.8 4.8 4.8 4.9 4.8 5.1 5.3 5.2 5.3 5.2 5.5 5.8 5.5 5.5
10.7 11 10.6 10.7 10.8 10.8 10.4 10.5 9.2 8.9 8.7 6.8 6.6 6.8 7.3 7.5 7.3 7.1 7.4 8.4
17.3 18.9 19.3 20.5 22 24.1 24.4 26.7 24.9 26.4 27.1 29.7 27.5 26.7 23.4 25.2 20.2 17.5 18.8 17.8
Coefficients are (row-wise by formant):
663.8 77.4 -61.9 17.7 -4.7 4
1637.8 -136.2 65.5 -10.4 3.3 -7.6
2788.7 -2.3 -24.7 -97.9 -50.6 -21.4
