KLH014a_1437 analysis information:
Number of steps:
20
Cutoff frequencies were: 
5400 5432 5463 5495 5526 5558 5589 5621 5653 5684 5716 5747 5779 5811 5842 5874 5905 5937 5968 6000
Number of coefficients for prediction: 
5
Number of formants: 
3
Winner is:
5747 5747 5747
Errors (total,f1,f2,f3): 
93.2 94.9 99 100.3 103.9 96 94.2 92.7 89.2 223.6 88.1 87.6 89.5 89 89.4 89.6 90 91.5 92.1 94.8
63.9 65.8 69.4 70.6 74 65.7 63.1 60.4 56.8 84.4 51.6 50.7 51.9 50.6 51.2 51.1 51.6 53 53.9 56.1
10.5 10.4 10.7 10.9 10.8 10.9 10.8 10.8 10.9 48.5 10.8 10.9 10.7 10.6 10.7 10.5 10.5 10.5 10.5 10.5
18.8 18.7 18.9 18.8 19.1 19.4 20.3 21.5 21.5 90.7 25.7 26 26.9 27.8 27.5 28 27.9 28 27.7 28.2
Coefficients are (row-wise by formant):
871.4 156.3 -188.6 18.6 -77.5 -19.3
1507.3 -113.3 -4.3 9.6 -1 12.4
2694.2 128.4 -12.8 0.3 -14.1 40.8
