KLH014a_1495 analysis information:
Number of steps:
20
Cutoff frequencies were: 
5400 5432 5463 5495 5526 5558 5589 5621 5653 5684 5716 5747 5779 5811 5842 5874 5905 5937 5968 6000
Number of coefficients for prediction: 
5
Number of formants: 
3
Winner is:
5874 5874 5874
Errors (total,f1,f2,f3): 
114.5 118.3 121.4 125.7 130.8 134 139.4 158.5 161.8 251.1 48.1 48.3 48.9 39.2 34.6 32.8 33.1 34.3 36.5 40
86.2 90.4 92.7 97.1 101.2 104.4 109.5 129.9 134.9 114.5 18.7 17.2 17.7 10.5 7.7 6.1 6.4 7.3 8.6 11
17.5 17.5 17.6 17.3 18 17 16.9 13.1 12.3 58.9 12.6 12.8 12.1 10.1 8.7 8.1 7.6 7.6 8.2 9.1
10.8 10.4 11.1 11.3 11.6 12.6 13 15.5 14.6 77.7 16.8 18.3 19.1 18.6 18.2 18.6 19.1 19.4 19.7 19.9
Coefficients are (row-wise by formant):
559.8 -18.7 -91.9 -33.4 -12.5 13.4
1737 -20.9 35.9 -7 39.7 -10.6
2445.7 -73.3 92.2 28.2 55.7 18.5
