KLH014b_0563 analysis information:
Number of steps:
20
Cutoff frequencies were: 
5400 5432 5463 5495 5526 5558 5589 5621 5653 5684 5716 5747 5779 5811 5842 5874 5905 5937 5968 6000
Number of coefficients for prediction: 
5
Number of formants: 
3
Winner is:
5589 5589 5589
Errors (total,f1,f2,f3): 
41.2 41.7 41.6 40.7 39.5 40.3 39.3 40.7 41.2 44.6 47.7 52.5 57.9 61 60.4 59.8 61.2 62.5 62.4 62.7
5.2 5.1 5.2 5.1 5 5 5.1 5.1 5.2 5.2 5.3 5.4 5.6 5.7 5.9 6.1 6.5 6.4 7.2 8.1
13.6 13.5 13.5 13.9 13.7 14.3 14.4 14.6 14.9 15.2 15.2 14.9 15.2 15.1 15.1 14.8 14.7 15 14.9 14.9
22.4 23.1 22.9 21.7 20.8 21 19.8 21 21.1 24.2 27.2 32.2 37.1 40.2 39.4 38.9 40 41.1 40.3 39.7
Coefficients are (row-wise by formant):
556.5 130.4 1.6 -7 -1.7 0
1785.8 -272 -75.6 -0.3 -11.4 -13.5
2644.8 -25 54.5 -6.2 38.9 -8.2
