KLH014b_0826 analysis information:
Number of steps:
20
Cutoff frequencies were: 
5400 5432 5463 5495 5526 5558 5589 5621 5653 5684 5716 5747 5779 5811 5842 5874 5905 5937 5968 6000
Number of coefficients for prediction: 
5
Number of formants: 
3
Winner is:
5747 5747 5747
Errors (total,f1,f2,f3): 
52.7 51.1 50.1 49.7 49.9 49.5 48.2 47.9 47.1 46.6 46.2 46.1 46.2 46.6 47.2 48.2 49.3 51.7 54.6 57.7
7.9 8.1 8.1 8.1 8.2 8.2 8.3 8.3 8.5 8.7 8.8 9 9.2 9.4 9.6 9.9 10.3 10.6 10.8 11.1
20.8 20.8 20.9 21.1 21.2 21.1 19.9 19.8 19.1 18.6 18.2 17.7 17.3 16.9 16.4 16.1 15.9 16 16 15.9
24 22.2 21.1 20.5 20.5 20.2 20 19.8 19.5 19.3 19.2 19.4 19.7 20.3 21.2 22.2 23.1 25.1 27.8 30.7
Coefficients are (row-wise by formant):
593.8 77.6 -5.6 6.5 -6.5 -17.4
1886.8 -453.9 -208.2 -25.7 -25.2 14.7
2681.9 -211.6 -102.3 -1.7 -25.9 -3.8
