KLH014a_0463 analysis information:
Number of steps:
20
Cutoff frequencies were: 
5400 5432 5463 5495 5526 5558 5589 5621 5653 5684 5716 5747 5779 5811 5842 5874 5905 5937 5968 6000
Number of coefficients for prediction: 
5
Number of formants: 
3
Winner is:
5968 5968 5968
Errors (total,f1,f2,f3): 
18.3 10.7 11.3 11.3 11.7 10.9 10.8 10.2 10.4 10.3 8.7 9 8.2 8 8.2 7.9 7.4 6.8 6.6 7.4
4 4.4 4.2 4.8 4.9 4.7 4.7 4.5 4.8 4.7 4 4.2 3.7 3.6 3.9 3.9 3.7 3.4 3.4 3.6
3 3.2 3.2 3.4 3.5 3.5 3.4 3.3 3.3 3.3 2.7 2.7 2.4 2.2 2.2 2.1 1.8 1.2 1.1 1.2
11.3 3.1 3.9 3.1 3.3 2.7 2.7 2.4 2.3 2.3 2 2.1 2.1 2.2 2.1 1.9 1.9 2.2 2.1 2.6
Coefficients are (row-wise by formant):
700 -88 -70.5 -17.9 -5.3 -2.2
1395.9 44 -16.3 -29.3 -1.6 9.2
2634.8 71.6 42.7 -9.9 20.3 4.1
