KLH014a_1469 analysis information:
Number of steps:
20
Cutoff frequencies were: 
5400 5432 5463 5495 5526 5558 5589 5621 5653 5684 5716 5747 5779 5811 5842 5874 5905 5937 5968 6000
Number of coefficients for prediction: 
5
Number of formants: 
3
Winner is:
5905 5905 5905
Errors (total,f1,f2,f3): 
37.3 37.4 37.2 37.3 37.6 37.9 37.6 37.1 37.5 37.3 37.1 36.7 36.3 36.4 36.7 35.2 34.2 34.4 34.4 35
14.9 14.6 14.4 14.1 14.2 14.2 14 13.4 13.6 13.4 13.1 12.8 12.5 12.3 12.2 11.5 11.3 11.1 10.8 10.9
7.6 7.5 7.4 7.4 7.4 7.4 7.4 7.1 7.1 7.2 7.1 7 6.9 7 7 6.9 6.7 6.8 6.8 6.9
14.8 15.3 15.4 15.8 16 16.3 16.2 16.6 16.8 16.7 16.9 16.9 16.9 17.1 17.5 16.8 16.2 16.5 16.8 17.2
Coefficients are (row-wise by formant):
808.7 129.1 -49.9 -7.4 -36.4 26.1
1412 -148.5 46 -27 -0.9 2.5
2549.4 -15.8 -8.9 18.7 16.6 -5.3
