KLH014a_0047 analysis information:
Number of steps:
20
Cutoff frequencies were: 
5400 5432 5463 5495 5526 5558 5589 5621 5653 5684 5716 5747 5779 5811 5842 5874 5905 5937 5968 6000
Number of coefficients for prediction: 
5
Number of formants: 
3
Winner is:
5558 5558 5558
Errors (total,f1,f2,f3): 
64.5 62 55.2 47.4 36.4 35.6 37.7 37 38.2 38.8 39.3 37.8 35.7 36.4 38.9 41.6 40.9 42.4 47.6 50.3
16.2 15.7 14.4 13.3 12.2 11.5 12.8 12.3 12.5 13.1 13.6 12.6 11.7 12.3 13.7 16.9 16.7 18.2 21.6 23.5
2.7 2.8 2.7 2.8 2.6 2.6 2.6 2.5 2.5 2.5 2.9 2.8 2.9 2.9 3.2 3.3 3.1 3.3 3.5 3.4
45.6 43.5 38.1 31.3 21.6 21.5 22.3 22.2 23.2 23.2 22.8 22.4 21.1 21.2 22 21.4 21.1 20.9 22.5 23.4
Coefficients are (row-wise by formant):
747.4 10.7 -98.1 -16.9 -38.2 10.2
1567.9 -70.4 24.8 0.4 -14.7 2.4
2607.5 -126.7 19.9 5.2 43.1 15.4
