KLH014b_0915 analysis information:
Number of steps:
20
Cutoff frequencies were: 
5400 5432 5463 5495 5526 5558 5589 5621 5653 5684 5716 5747 5779 5811 5842 5874 5905 5937 5968 6000
Number of coefficients for prediction: 
5
Number of formants: 
3
Winner is:
5400 5400 5400
Errors (total,f1,f2,f3): 
40 40.4 40.7 42.1 42.4 42.2 42.1 42.8 42.9 44.2 44.1 44.6 45.4 45.6 46.1 46.6 46.4 45.3 44.6 43.8
10.5 10.5 10.8 10.4 10.9 10.8 11.1 11 10.9 11 11.2 11.5 11.7 11.7 11.6 11.4 11.1 10.3 9.4 8.4
11.9 12 12.1 12.4 12.2 12.3 12.2 12.5 12.6 12.8 12.5 12.4 12.6 12.6 12.7 12.9 13.1 12.9 13 13.1
17.6 17.9 17.8 19.3 19.3 19.1 18.8 19.3 19.4 20.4 20.4 20.7 21.1 21.3 21.8 22.3 22.2 22.1 22.2 22.3
Coefficients are (row-wise by formant):
626.8 174.9 13.1 18 -16 -29.2
1474.9 -210.8 91.9 -27.7 22.5 5.1
2591.5 -128.2 40.6 -34.6 -3.2 14.5
