KLH014a_0515 analysis information:
Number of steps:
20
Cutoff frequencies were: 
5400 5432 5463 5495 5526 5558 5589 5621 5653 5684 5716 5747 5779 5811 5842 5874 5905 5937 5968 6000
Number of coefficients for prediction: 
5
Number of formants: 
3
Winner is:
6000 6000 6000
Errors (total,f1,f2,f3): 
55.3 54.6 53.3 52 51 52.8 49.7 50.6 49.4 48.3 45.8 44.6 44 44.8 42.5 43.4 42.8 42.2 41.7 40.8
1.1 1.1 1.1 1.1 1.1 1.1 1.1 1.2 1.2 1.2 1.1 1.1 1.2 1.3 1.2 1.3 1.3 1.4 1.4 1.4
44.6 43.8 42.6 41.7 40.9 42.7 40.1 41.2 40.2 39.4 37.1 36.2 35.6 36.3 34.1 34.8 34.1 33.2 32.5 31.5
9.6 9.7 9.6 9.2 9 9 8.5 8.2 8 7.7 7.6 7.3 7.2 7.2 7.2 7.3 7.4 7.6 7.8 7.9
Coefficients are (row-wise by formant):
369.4 -3 4 1.1 0.8 0.4
2215.2 -94.6 -208.4 20.5 -16 27
2776.9 -8.9 -33.4 11.1 2.2 10.4
