KLH014a_1372 analysis information:
Number of steps:
20
Cutoff frequencies were: 
5400 5432 5463 5495 5526 5558 5589 5621 5653 5684 5716 5747 5779 5811 5842 5874 5905 5937 5968 6000
Number of coefficients for prediction: 
5
Number of formants: 
3
Winner is:
5716 5716 5716
Errors (total,f1,f2,f3): 
65.3 67.1 65.5 63.8 59.3 55.9 51.7 48.4 46.2 45.6 45.5 46.2 47.8 47 46.4 47 47.8 48.7 49.7 50
18.3 18.8 19.3 19.9 20.4 20.8 21.3 21.2 21.9 21.8 21 21.9 22.8 22.6 22.3 22.3 22.2 22.3 22.2 21.8
4.5 4.5 4.6 4.7 4.7 4.9 4.9 5.2 5.4 5.9 6.5 7 7.8 7.6 7.4 8.3 9.8 10.5 12.4 13.1
42.5 43.8 41.6 39.2 34.2 30.2 25.5 22 18.9 17.9 18 17.3 17.2 16.8 16.7 16.4 15.8 15.9 15.1 15.1
Coefficients are (row-wise by formant):
978 235.4 -42.8 64.1 -41 7.2
1456.6 -104.1 -19.6 -4 -2.8 -13.6
2789.8 -48 60 13.8 0 5
