KLH014a_1375 analysis information:
Number of steps:
20
Cutoff frequencies were: 
5400 5432 5463 5495 5526 5558 5589 5621 5653 5684 5716 5747 5779 5811 5842 5874 5905 5937 5968 6000
Number of coefficients for prediction: 
5
Number of formants: 
3
Winner is:
5968 5968 5968
Errors (total,f1,f2,f3): 
99.8 91.1 71.2 85.6 117.5 127.1 105.7 99.9 115 99.6 85.8 83.3 82 74.8 80.2 78.7 60.8 48.4 40.8 43
1 0.9 0.9 0.9 1 1 1 1 1 1.1 1.3 1.3 1.3 1.3 1.4 1.4 1.5 1.5 1.3 1.3
56 48.1 32 31.8 61.5 66.5 54.8 46.4 53.6 42 44.5 37.9 34.3 28.4 23 24.3 23.3 23.4 23 23.5
42.8 42.1 38.3 52.9 55 59.6 49.9 52.5 60.4 56.5 40 44.1 46.4 45.1 55.8 53 36 23.5 16.5 18.2
Coefficients are (row-wise by formant):
381.6 4 1.1 -2.2 -6.4 2.4
2490.4 -266.3 -136.5 -103.1 -20.2 5
2986.1 64.4 -43.8 0.8 -13.3 37.2
