KLH032a_2832 analysis information:
Number of steps:
20
Cutoff frequencies were: 
5000 5053 5105 5158 5211 5263 5316 5368 5421 5474 5526 5579 5632 5684 5737 5789 5842 5895 5947 6000
Number of coefficients for prediction: 
5
Number of formants: 
3
Winner is:
5474 5474 5474
Errors (total,f1,f2,f3): 
41.3 41.1 41.5 39.4 36 34.5 32.1 30 29 27.4 28.5 29.5 32.7 34.4 38.8 39.8 41.6 42.5 43 276.3
21.2 21 20.9 19.5 17.2 15.1 11.9 10.2 9 8.5 8 7.7 7.5 7.5 7.8 7.9 8.4 9.4 10.6 129.8
9.2 10 10.4 10.3 9.8 10.1 10 9.5 9.5 9.2 10.7 11.5 13.9 14.4 17.5 17.8 18 17.4 17 51
10.9 10.1 10.2 9.6 9 9.3 10.2 10.3 10.5 9.7 9.8 10.3 11.3 12.5 13.5 14.1 15.2 15.7 15.4 95.5
Coefficients are (row-wise by formant):
289.7 70.8 -13.8 2.3 -1.5 9
2186.2 199.7 -80.9 -5.3 39.4 1.3
2754.3 157.5 -63.5 -24.7 42.4 -22.4
