KLH032a_1088 analysis information:
Number of steps:
20
Cutoff frequencies were: 
5000 5053 5105 5158 5211 5263 5316 5368 5421 5474 5526 5579 5632 5684 5737 5789 5842 5895 5947 6000
Number of coefficients for prediction: 
5
Number of formants: 
3
Winner is:
5263 5263 5263
Errors (total,f1,f2,f3): 
34.3 30.6 27.8 27.7 28.2 27.6 30.3 33.1 36.6 42.5 60.9 65.7 69.5 72 87.7 75.6 71.9 63.8 54.7 55.4
9.2 7.2 5.9 6.6 7.7 8.4 11.4 14.9 16.3 17.9 12 10.8 10.5 8.2 8.6 7.2 7.5 7.3 7.4 7.9
2 2.1 2.2 2.1 2.1 2 2 2 2.1 2.8 4.3 4.7 5.9 5.9 7.8 6.9 6.8 6.6 6.3 6.1
23.1 21.3 19.7 19 18.4 17.2 16.9 16.2 18.2 21.8 44.6 50.2 53.1 57.9 71.3 61.5 57.6 49.9 41 41.4
Coefficients are (row-wise by formant):
847.1 -78.8 -71.5 -62.5 -20.1 -4.3
1711 51.3 -4.7 7.1 2.1 4.3
2790.5 34.9 5.7 -36.1 12.3 -13
