KLH032a_2722 analysis information:
Number of steps:
20
Cutoff frequencies were: 
5000 5053 5105 5158 5211 5263 5316 5368 5421 5474 5526 5579 5632 5684 5737 5789 5842 5895 5947 6000
Number of coefficients for prediction: 
5
Number of formants: 
3
Winner is:
5211 5211 5211
Errors (total,f1,f2,f3): 
214 285.2 142.2 73 68.2 182.9 217.8 257.5 324 424.9 357.6 313.4 351.4 372.3 399.4 416.7 401 419.3 382.7 397.4
4.9 4.6 4.3 3.8 3.1 3 2.7 2.6 2.8 2.8 2.8 2.9 2.9 2.8 2.9 2.9 2.9 3.8 3.2 3.2
93.9 91.1 67.7 58.7 51.1 93.8 113.2 145.3 198.3 292.3 225 199.4 207.7 204 214.2 245.5 250.9 269.8 307.5 270
115.2 189.5 70.2 10.5 14 86.1 101.9 109.6 122.9 129.8 129.8 111.1 140.8 165.5 182.3 168.3 147.2 145.7 72 124.2
Coefficients are (row-wise by formant):
369.1 -6.1 -1.6 -5.8 -12.9 -4.3
1370.3 -155.6 396.5 -9.9 -59.7 -98.7
2804.6 0.9 98.4 57.7 19.8 -10.1
