KLH032a_0743 analysis information:
Number of steps:
20
Cutoff frequencies were: 
5000 5053 5105 5158 5211 5263 5316 5368 5421 5474 5526 5579 5632 5684 5737 5789 5842 5895 5947 6000
Number of coefficients for prediction: 
5
Number of formants: 
3
Winner is:
5368 5368 5368
Errors (total,f1,f2,f3): 
160.4 157 154.3 152.4 149.1 151.4 148.5 142.7 145.7 143.7 147.7 144.1 185.1 256.3 193.1 246 240.1 263.1 255.7 273.2
7.3 7.8 8.3 9.1 9.6 10.1 10.4 10.7 11.1 11.9 13.4 13.6 31.3 61.2 29 58.6 57.2 60.1 55.5 60.7
128.3 123.5 119.4 116 111.7 110.7 108 102.4 103.4 98.9 97.3 94.5 92.3 94.8 85.5 85.2 79.8 69.7 87.1 62
24.8 25.7 26.6 27.3 27.8 30.6 30.1 29.6 31.2 32.9 37 36 61.5 100.3 78.6 102.2 103.1 133.3 113.1 150.5
Coefficients are (row-wise by formant):
364.7 47.9 21.7 27.5 2.6 14.3
2326.3 -336 -134.1 153 145.5 10.1
2792.1 -99.4 -10.6 3.6 15.5 -55.5
