KLH032d_0306 analysis information:
Number of steps:
20
Cutoff frequencies were: 
5000 5053 5105 5158 5211 5263 5316 5368 5421 5474 5526 5579 5632 5684 5737 5789 5842 5895 5947 6000
Number of coefficients for prediction: 
5
Number of formants: 
3
Winner is:
5000 5000 5000
Errors (total,f1,f2,f3): 
44.2 49.4 53.2 53.8 54.5 56.8 57.7 60 61.2 64.4 66.3 67.1 68.1 68 67 66.6 66.7 66 66.6 66.1
11.8 11.6 11 10.5 10.1 9.6 9.5 8.8 8.7 9.1 9 9.4 9.5 9.6 9.7 9.9 10.1 10.2 10.1 10.1
17.6 21 21.4 22 22.7 23.1 24.6 27.1 28.5 30.2 31.2 31.8 32.2 31.8 31.1 29.7 29 27.6 27 25.8
14.8 16.8 20.8 21.3 21.7 24.1 23.6 24.1 24 25.1 26.1 25.9 26.4 26.6 26.2 27 27.6 28.2 29.5 30.2
Coefficients are (row-wise by formant):
470.8 4.5 -36 -30.5 -33.8 -20.2
2340.9 -46.2 -95 -27.3 -51.8 -16.2
2806.4 -78 26.1 18.4 -39.9 -17.6
