KLH032e_0194 analysis information:
Number of steps:
20
Cutoff frequencies were: 
5000 5053 5105 5158 5211 5263 5316 5368 5421 5474 5526 5579 5632 5684 5737 5789 5842 5895 5947 6000
Number of coefficients for prediction: 
5
Number of formants: 
3
Winner is:
6000 6000 6000
Errors (total,f1,f2,f3): 
47.9 103.3 123.9 109 107.7 97.4 71.7 52.7 48.6 51.3 54.7 60.2 56.3 54.7 58 54.1 50.8 48 46.7 44
11.3 11.1 10.9 10.7 10.8 10.3 10 9.7 9.3 9 8.7 8.7 8.2 8.4 8.3 8 8 7.8 7.4 7.4
7.8 8 7.9 8.2 9 8.5 7.9 7.1 6.7 7.2 7.1 6.4 6.3 5.2 4.7 4.7 4.9 5.4 6.1 6
28.8 84.2 105.1 90.1 87.9 78.6 53.8 35.9 32.6 35.1 38.9 45.1 41.8 41.1 45 41.4 37.9 34.8 33.2 30.6
Coefficients are (row-wise by formant):
422 28.2 -17.5 -25.4 -4.3 -1.5
998.3 -49.4 47.2 -23.6 19.4 -16.5
2990.3 43 -8.8 -38.2 39.5 10.1
