KLH032a_1417 analysis information:
Number of steps:
20
Cutoff frequencies were: 
5000 5053 5105 5158 5211 5263 5316 5368 5421 5474 5526 5579 5632 5684 5737 5789 5842 5895 5947 6000
Number of coefficients for prediction: 
5
Number of formants: 
3
Winner is:
5684 5684 5684
Errors (total,f1,f2,f3): 
283.3 288.9 266.8 217 181.8 205.4 284.1 216.7 224.4 267 231.7 210.7 193.5 162.5 222.9 197.9 190.2 189.1 177.4 164.4
10.6 11.2 11.9 12.8 13.6 13.8 17.3 13.2 12.2 11.6 11.1 10.9 10.5 10.4 10.3 10.3 10.3 10.3 10.2 10.1
218.5 229.1 236 184.3 146.2 158.6 216.3 159.1 169.6 166.1 127.9 107.6 88.2 59.5 81.5 80.7 78.3 76.3 75.1 75
54.2 48.6 18.9 19.9 22 33 50.5 44.4 42.6 89.3 92.7 92.2 94.8 92.6 131.1 106.9 101.6 102.5 92.1 79.3
Coefficients are (row-wise by formant):
365.3 10.3 -50.9 9.1 -9 6.4
2568.2 -268.5 -14.9 -37.1 -65.8 17.1
2938.1 -91.2 -2.8 -13.3 -18.8 52.5
