KLH032e_0027 analysis information:
Number of steps:
20
Cutoff frequencies were: 
5000 5053 5105 5158 5211 5263 5316 5368 5421 5474 5526 5579 5632 5684 5737 5789 5842 5895 5947 6000
Number of coefficients for prediction: 
5
Number of formants: 
3
Winner is:
5105 5105 5105
Errors (total,f1,f2,f3): 
9.5 8.2 5.9 6.4 8.1 10.5 13.4 15.6 16.8 15.6 21 22.1 20.3 23.1 26.1 22.4 25.7 30.9 31.5 24.3
1.6 1.5 1.4 1.5 1.4 1.5 1.4 1.4 1.4 1.4 1.3 1.3 1.2 1.3 1.2 1.1 1.1 1.1 1.1 1.1
5.5 4.3 1.8 2 3.5 5.3 7.7 9.6 10.8 10.5 12.4 13.3 12.5 14.7 15.3 11.7 11.9 16.5 16.8 12.2
2.4 2.4 2.7 2.9 3.2 3.7 4.3 4.6 4.6 3.7 7.3 7.5 6.6 7.1 9.6 9.6 12.7 13.3 13.6 11
Coefficients are (row-wise by formant):
438.5 23.3 -24.1 -8.3 -0.7 -5.4
2476.6 72.7 -8.6 -31.4 -15.7 -3.8
2840.3 82.7 5.2 10 9.1 7.4
