KLH032a_1145 analysis information:
Number of steps:
20
Cutoff frequencies were: 
5000 5053 5105 5158 5211 5263 5316 5368 5421 5474 5526 5579 5632 5684 5737 5789 5842 5895 5947 6000
Number of coefficients for prediction: 
5
Number of formants: 
3
Winner is:
5105 5105 5105
Errors (total,f1,f2,f3): 
35.2 37 34.7 35.6 36.7 42.3 46.6 54.6 69.4 73.7 107.3 120.1 125.9 177.9 132.2 168.2 128.5 95.5 128 71.3
5.1 5.4 5.2 5.4 5.7 5.9 6 5.8 5 3.2 3.8 5.3 6.2 15.4 6.5 5.7 4.9 4.6 4.6 5.2
8 8.1 7.2 7.4 7.6 8.4 9 10.5 11.3 10 34.9 7.5 9.5 53.4 8.9 31.3 13.5 14.8 15.4 16.1
22.1 23.5 22.3 22.8 23.4 28 31.6 38.3 53.1 60.5 68.6 107.3 110.2 109.1 116.8 131.2 110.1 76.1 108 50
Coefficients are (row-wise by formant):
512.3 32.8 -3.7 -9.7 -12.8 -1.2
1159 61.3 -3.4 2.6 1.6 17.1
2464.8 -627.5 -166.4 -20.9 26.4 39.7
