KLH032a_0054 analysis information:
Number of steps:
20
Cutoff frequencies were: 
5000 5053 5105 5158 5211 5263 5316 5368 5421 5474 5526 5579 5632 5684 5737 5789 5842 5895 5947 6000
Number of coefficients for prediction: 
5
Number of formants: 
3
Winner is:
5474 5474 5474
Errors (total,f1,f2,f3): 
82.2 82.8 87 84.5 78.3 78.3 78.4 78 81.4 72.8 73.6 76 77.2 77.8 75.1 81.1 82.3 83.9 87 96.3
1.1 1.1 1.1 1.1 1.1 1.1 1.1 1.1 1.1 1.1 1.1 1.1 1.1 1.1 1.1 1.1 1.2 1.2 1.2 1.2
30.9 28.9 29.9 27 26.4 27.4 28.7 31.4 33.7 34.8 35.5 36.5 36.1 36.6 32.6 34.2 34.1 35.1 35.7 39.5
50.2 52.8 56 56.4 50.8 49.8 48.6 45.5 46.6 36.9 37 38.4 40 40.1 41.4 45.8 47 47.6 50.1 55.6
Coefficients are (row-wise by formant):
273.5 -5.5 -5.9 4.3 0.7 -1.9
1748.1 379 -44.8 -0.5 33.5 27.4
2492.9 47.8 149.9 -14.8 -155.5 -52.8
