KLH032a_1091 analysis information:
Number of steps:
20
Cutoff frequencies were: 
5000 5053 5105 5158 5211 5263 5316 5368 5421 5474 5526 5579 5632 5684 5737 5789 5842 5895 5947 6000
Number of coefficients for prediction: 
5
Number of formants: 
3
Winner is:
5842 5842 5842
Errors (total,f1,f2,f3): 
216.9 13.5 12.1 11.2 10.9 10.9 11.1 11.4 11.8 12.1 12 11.6 11.4 10.9 10.5 10.2 9.9 10.1 10.8 10.7
1.3 1.2 1.1 1.2 1.1 1.1 1.1 1.2 1.2 1.2 1.2 1.2 1.2 1.2 1.2 1.2 1.2 1.2 1.2 1.2
167 3.9 3.1 2.6 2.4 2.2 2.4 2.2 2.3 2.4 2.4 2.4 2.7 2.4 2.6 2.3 3.1 2.4 2.9 3
48.6 8.4 7.9 7.4 7.4 7.6 7.6 8 8.3 8.5 8.4 8 7.5 7.3 6.7 6.7 5.6 6.5 6.7 6.5
Coefficients are (row-wise by formant):
325.9 26.2 -12 6 -3.8 3
2272.7 202.1 -18.6 43.8 -11.5 -8.7
2949.9 -41.8 -7.2 28.6 -1.2 14.6
