KLH032b_0073 analysis information:
Number of steps:
20
Cutoff frequencies were: 
5000 5053 5105 5158 5211 5263 5316 5368 5421 5474 5526 5579 5632 5684 5737 5789 5842 5895 5947 6000
Number of coefficients for prediction: 
5
Number of formants: 
3
Winner is:
5842 5842 5842
Errors (total,f1,f2,f3): 
136.5 237.1 89 94 76.7 49.4 40 42.4 34.4 31.3 28.8 33.5 28.7 30.6 24.6 23 21.6 24.1 29.2 32.3
0.8 0.9 1.2 1.2 1.2 1.2 1.2 1.3 1.3 1.4 1.3 1.4 1.4 1.4 1.2 1.1 1 0.9 0.9 0.9
13.5 7.6 6.8 9 9.1 19 17.1 12.4 12.3 11.3 10.8 9.1 10.8 14.2 9.6 8.1 6.3 8.9 13 16.5
122.2 228.6 81 83.8 66.4 29.2 21.7 28.7 20.8 18.6 16.7 23 16.5 15 13.8 13.8 14.3 14.3 15.3 14.9
Coefficients are (row-wise by formant):
347.1 110.5 10.3 14.8 7.5 4.6
1359.1 -3.4 166.1 -20.7 40.2 6.8
3006.6 -51.2 -21.8 15.7 -59.9 43.6
