KLH032a_1305 analysis information:
Number of steps:
20
Cutoff frequencies were: 
5000 5053 5105 5158 5211 5263 5316 5368 5421 5474 5526 5579 5632 5684 5737 5789 5842 5895 5947 6000
Number of coefficients for prediction: 
5
Number of formants: 
3
Winner is:
5000 5000 5000
Errors (total,f1,f2,f3): 
38.4 38.9 39.9 39.3 38.4 38.6 38.8 40.6 40.5 45.2 54.8 60.8 59.4 61.1 65.8 57.3 66.5 67.9 61.9 54.6
7.6 7.4 6.8 6.4 6.1 5.8 5.9 5.8 7 6.8 7 7.5 7.9 8 8.4 8.4 8.5 8.6 8.5 8.4
9.5 8.9 8.2 7.7 7.5 7.1 7.1 7 7.4 8.1 9.4 10.4 11.2 11.6 12.1 11.8 11.1 10.8 10.4 10.1
21.3 22.6 24.9 25.2 24.8 25.7 25.8 27.8 26.1 30.3 38.4 42.9 40.3 41.5 45.3 37.1 46.9 48.5 43 36.1
Coefficients are (row-wise by formant):
583.5 -22.9 -70.4 -6.4 -17.6 3.1
1522.9 -389.4 -89.1 -14.2 -11.1 -6.6
2797.1 -49.3 3.3 -14 -40.9 26.3
