KLH032b_0077 analysis information:
Number of steps:
20
Cutoff frequencies were: 
5000 5053 5105 5158 5211 5263 5316 5368 5421 5474 5526 5579 5632 5684 5737 5789 5842 5895 5947 6000
Number of coefficients for prediction: 
5
Number of formants: 
3
Winner is:
6000 6000 6000
Errors (total,f1,f2,f3): 
463.3 472.1 466 578.3 703.3 571.6 504.1 440.9 401.3 252.6 243.7 251.5 235.2 240.3 200.7 211 114 93.5 94.5 92.3
181.6 187 168.7 183.1 203.1 174.9 158.8 160.8 139.6 69.5 61.3 66.3 64.6 75 58.2 55.5 54.7 37.1 41.3 44.4
59.2 46.8 52.1 87.1 102.3 70.8 60.7 58.8 62 55.2 81.6 97.9 107 108 103.1 123.2 13.5 14 13.8 13.9
222.5 238.3 245.2 308.1 397.9 325.9 284.6 221.3 199.7 127.9 100.8 87.3 63.6 57.3 39.4 32.3 45.8 42.4 39.4 34
Coefficients are (row-wise by formant):
1067.6 -267.9 33.9 -86.3 74.2 -20
1562.4 -110.8 -57.7 -46.7 -11.7 -8.1
3579.3 -43 -7.2 -8.6 -0.6 9.6
