KLH032a_0283 analysis information:
Number of steps:
20
Cutoff frequencies were: 
5000 5053 5105 5158 5211 5263 5316 5368 5421 5474 5526 5579 5632 5684 5737 5789 5842 5895 5947 6000
Number of coefficients for prediction: 
5
Number of formants: 
3
Winner is:
5000 5000 5000
Errors (total,f1,f2,f3): 
12 13.8 14.3 16.2 17 19.7 22.4 26.4 30.8 38.2 41.7 39.3 42.2 61.4 59.1 50.1 43 34.4 26.7 13.9
1 1.5 1.9 2.2 2.1 2.2 2 1.7 1.6 1.4 1.2 1.1 1.2 1.1 1.1 1.3 1.3 1.3 1.2 1.3
7.9 8.1 7.4 7.5 9.7 6.9 6.7 7.4 12 10.7 13.2 14.2 14.2 34.5 31.8 19.4 15 10.3 6.8 6.1
3.1 4.2 5 6.5 5.2 10.6 13.7 17.3 17.2 26.1 27.3 24 26.8 25.8 26.2 29.4 26.7 22.8 18.7 6.5
Coefficients are (row-wise by formant):
425.9 -9.8 -59.2 14.5 -15.4 4.1
2216.2 313.3 -104.4 67.2 -22.3 20.5
2564.6 90 20.6 -8.4 -7.1 -4.1
