KLH032a_1229 analysis information:
Number of steps:
20
Cutoff frequencies were: 
5000 5053 5105 5158 5211 5263 5316 5368 5421 5474 5526 5579 5632 5684 5737 5789 5842 5895 5947 6000
Number of coefficients for prediction: 
5
Number of formants: 
3
Winner is:
5632 5632 5632
Errors (total,f1,f2,f3): 
69.7 73 69.6 67.3 63.8 66.5 66.8 66.5 64.5 60.8 60 60.1 59.9 61.4 61.1 62.6 62.9 63.7 75 76.5
2.7 2.5 2.4 2.4 2.3 2.1 2 2 2 2 2.1 2.3 2.3 2.6 2.7 2.8 2.8 2.8 2.6 2.5
24.8 25 25.2 26.4 27 27.6 28.3 28.9 30 31.1 32.5 34.5 35.3 37.3 38.1 40.2 41.1 41.9 45.7 44.7
42.2 45.5 42 38.5 34.5 36.8 36.5 35.6 32.5 27.7 25.4 23.3 22.3 21.5 20.3 19.6 19 19 26.7 29.3
Coefficients are (row-wise by formant):
384.3 57.5 0.4 10.8 -3.6 14.7
1477.8 -553.6 491.3 3.6 65.2 25
2816.1 -19.9 -81.9 -98.6 -24 -35.9
