KLH032a_0629 analysis information:
Number of steps:
20
Cutoff frequencies were: 
5000 5053 5105 5158 5211 5263 5316 5368 5421 5474 5526 5579 5632 5684 5737 5789 5842 5895 5947 6000
Number of coefficients for prediction: 
5
Number of formants: 
3
Winner is:
6000 6000 6000
Errors (total,f1,f2,f3): 
38.2 36.8 34.8 33.4 33.3 32.1 32.3 32 32.2 31.8 31.1 30.8 32.8 34.2 34.3 38 36.3 37.8 28.9 27.7
9.8 9.3 9 8.4 8.5 8.1 8 8 8.2 8.2 8.3 8 7.6 7.2 7.5 6.9 7 6.9 7.2 7.6
11 11.1 10.9 11 10.9 10.5 10.7 10.6 10.5 10.6 10.1 10.4 11.7 13.2 14.7 17.7 15.9 15.4 13.7 13.4
17.4 16.4 14.9 14 13.9 13.5 13.6 13.4 13.5 13 12.7 12.4 13.5 13.8 12.1 13.4 13.4 15.5 8 6.7
Coefficients are (row-wise by formant):
468.1 -25 -57.3 -12.2 -31.5 -1.7
2205.4 164.7 -196.8 49.8 -50.9 7.9
2817.8 87.8 -65.2 5 -45.4 6.5
