KLH032e_0431 analysis information:
Number of steps:
20
Cutoff frequencies were: 
5000 5053 5105 5158 5211 5263 5316 5368 5421 5474 5526 5579 5632 5684 5737 5789 5842 5895 5947 6000
Number of coefficients for prediction: 
5
Number of formants: 
3
Winner is:
5737 5737 5737
Errors (total,f1,f2,f3): 
414.9 409.5 486.1 483.6 619.3 619.5 611.1 571.2 530.7 380.5 354.6 304.2 181.6 166.9 158.5 159.7 163.4 166.1 187.2 224.1
183.9 179.5 215.2 214 274.1 292.7 287.7 259.2 238.7 168.8 140.1 142.7 106.2 99.3 88.9 92.6 96.1 100.2 113.6 143.9
55 52.8 91.9 67 68.7 75.4 59.9 73.2 71.1 81.7 91.2 86.5 42.1 34.5 37.1 35.2 36.7 36.3 43.8 50.1
176 177.2 179 202.6 276.5 251.4 263.5 238.8 220.9 130 123.3 75 33.3 33.1 32.5 31.9 30.6 29.6 29.8 30.1
Coefficients are (row-wise by formant):
1312.9 225.7 -80.5 -127 -72.3 27.1
1839.4 77.7 -64.8 -31.3 -16.7 27.9
3115.6 14 -53.2 3 -41.3 36.2
