KLH032a_2786 analysis information:
Number of steps:
20
Cutoff frequencies were: 
5000 5053 5105 5158 5211 5263 5316 5368 5421 5474 5526 5579 5632 5684 5737 5789 5842 5895 5947 6000
Number of coefficients for prediction: 
5
Number of formants: 
3
Winner is:
5000 5000 5000
Errors (total,f1,f2,f3): 
21.3 21.8 22.8 23.7 25 26.1 30.3 31.5 36.7 38.7 48.6 239.2 253.2 317.8 296.3 304.7 298.5 294.9 302.5 303.6
6.4 7.2 8.3 9.7 11 11.9 15.5 16.6 21.2 23.3 33.1 75 83.3 109.2 84.9 87 106.4 99.2 97 97.3
10.6 10.8 10.5 10.8 10.7 10.8 11.1 11.2 11.5 11.7 11.8 81.7 82.1 100.1 99.1 100 84.1 84.3 85.3 86
4.3 3.8 4 3.2 3.3 3.4 3.7 3.7 4 3.7 3.7 82.5 87.8 108.5 112.3 117.7 108 111.4 120.2 120.3
Coefficients are (row-wise by formant):
881.4 84.9 -78.1 -3.1 -5.9 -0.7
1793.3 -133.7 -21.8 44.1 6 -5
2747.4 -32.1 6.8 -3 -5.8 -10.3
