KLH032e_0525 analysis information:
Number of steps:
20
Cutoff frequencies were: 
5000 5053 5105 5158 5211 5263 5316 5368 5421 5474 5526 5579 5632 5684 5737 5789 5842 5895 5947 6000
Number of coefficients for prediction: 
5
Number of formants: 
3
Winner is:
6000 6000 6000
Errors (total,f1,f2,f3): 
348.2 332.1 113.5 111.4 71 67 76.1 70.4 76.6 73.2 72.8 88 83.1 79.4 48.6 42.7 36.7 35.9 37.7 33.8
35.8 4.7 4.4 4.2 3.3 3.1 2.8 2.8 2.8 2.7 2.8 2.7 3.1 3.2 3.1 3.1 3 3 3.1 2.8
145.1 133.8 66.5 64 26.7 22.6 31.1 30.6 35.6 35.6 38.8 46.2 44.9 42.7 9.9 6.4 7 4.7 7.8 10.1
167.3 193.6 42.6 43.2 41 41.3 42.2 37 38.2 34.9 31.2 39.1 35.1 33.5 35.6 33.2 26.7 28.2 26.8 20.9
Coefficients are (row-wise by formant):
465.2 3.6 -10.7 -1.1 -0.4 -1.3
1303.6 195.6 93.4 84.8 55.4 22.2
2573.1 -301.6 -150.9 -124.4 -58 -34.4
