KLH032a_3080 analysis information:
Number of steps:
20
Cutoff frequencies were: 
5000 5053 5105 5158 5211 5263 5316 5368 5421 5474 5526 5579 5632 5684 5737 5789 5842 5895 5947 6000
Number of coefficients for prediction: 
5
Number of formants: 
3
Winner is:
5474 5474 5474
Errors (total,f1,f2,f3): 
90.1 65.3 64 60.7 57.2 53.1 49 47.2 46.5 46.1 47.7 48.9 51 52.9 54.5 57.6 57 59 62.1 65.5
36.4 37.2 37.3 35 32.8 31.2 28.2 27.8 26.9 25.7 26.4 26.7 26.8 27.9 28.9 30.4 31.5 33 34.6 36.4
11.5 11.9 12.5 12.1 11.9 11.6 11 11 11.1 12.1 13.1 13.8 14.8 15.5 16.1 17.5 17.3 17.4 17.6 17.5
42.2 16.2 14.2 13.6 12.5 10.3 9.8 8.4 8.5 8.3 8.2 8.4 9.4 9.5 9.5 9.7 8.2 8.6 9.9 11.6
Coefficients are (row-wise by formant):
845.4 92.8 4.4 63.3 3 -12.2
1617 4 2.4 68.4 7 48.8
3225.3 -24.4 -11.7 -46.7 20.8 22.4
