KLH032e_0379 analysis information:
Number of steps:
20
Cutoff frequencies were: 
5000 5053 5105 5158 5211 5263 5316 5368 5421 5474 5526 5579 5632 5684 5737 5789 5842 5895 5947 6000
Number of coefficients for prediction: 
5
Number of formants: 
3
Winner is:
5421 5421 5421
Errors (total,f1,f2,f3): 
70.9 71.6 79.4 78.6 45.4 11.7 11.4 11.1 10.8 11.7 11.6 12.3 13.6 13.1 14.1 13.4 14.1 14.2 14.5 15.4
2.4 2.2 2.2 2.1 2.1 2 2.1 2.1 2.1 2.6 2.8 3 2.9 2.6 2.6 2.3 2.3 2.2 2.1 2
30.5 31.3 33 25.1 4.7 6.4 6 5.8 5.4 5.5 5.5 5.8 5.7 6.4 6.7 7.2 7.2 7.4 7.4 7.6
38 38.1 44.2 51.4 38.6 3.3 3.3 3.2 3.3 3.6 3.3 3.5 5 4.1 4.8 3.9 4.6 4.6 5 5.8
Coefficients are (row-wise by formant):
809.6 88.5 -36.1 20.2 -6.8 -3.2
2026.1 -191 23.8 -23.4 9.8 -14
2687.7 -38.4 0 -23.1 13.3 -23.2
