KLH032e_0169 analysis information:
Number of steps:
20
Cutoff frequencies were: 
5000 5053 5105 5158 5211 5263 5316 5368 5421 5474 5526 5579 5632 5684 5737 5789 5842 5895 5947 6000
Number of coefficients for prediction: 
5
Number of formants: 
3
Winner is:
6000 6000 6000
Errors (total,f1,f2,f3): 
164.8 178.2 190.3 188.4 201.9 220.4 383.7 541.1 627.9 586.9 449.2 440 463.5 399.4 414 389.5 327.5 309.2 238.2 162.9
29.8 33.1 40.2 35.9 37 44.2 40.8 43.5 59.2 52.3 33.6 23.5 25.7 28.4 31.7 34 34.5 33.7 31.7 27.9
63.9 72 65.4 63.6 67.8 68.1 101.5 135.9 148.7 109.1 67.9 68.6 59.4 30.1 25.1 21.4 10.2 24.7 9.7 6.9
71.1 73.1 84.7 88.9 97.1 108.1 241.4 361.7 420 425.5 347.7 347.9 378.4 340.9 357.2 334.1 282.8 250.8 196.8 128.1
Coefficients are (row-wise by formant):
929.5 97.3 -57.2 33.5 -51.6 8.9
1920 -80.4 41.1 32.6 -16.2 13.1
3515.8 457.6 -266.6 248.7 -136.4 93.6
