KLH032a_0463 analysis information:
Number of steps:
20
Cutoff frequencies were: 
5000 5053 5105 5158 5211 5263 5316 5368 5421 5474 5526 5579 5632 5684 5737 5789 5842 5895 5947 6000
Number of coefficients for prediction: 
5
Number of formants: 
3
Winner is:
5789 5789 5789
Errors (total,f1,f2,f3): 
336.6 342 360.9 322.3 63.6 63.5 66.9 66.8 68.7 61.5 56.2 56.6 52.2 51.7 51.1 49.1 51.3 53.3 53.5 53.8
7.9 10.1 8.3 12.3 7.7 7.4 6.7 5.6 5.1 5.1 4.9 4.6 4 3.6 3.3 2.9 2.6 2.3 2.2 2
266 273.4 286 253.2 21.6 19.7 19.3 17.8 16.2 13.2 13.5 15 16.6 17.8 19 20 21.2 21.8 22.2 22.4
62.7 58.5 66.6 56.8 34.3 36.4 40.9 43.4 47.4 43.2 37.8 37 31.6 30.3 28.8 26.2 27.5 29.2 29.1 29.4
Coefficients are (row-wise by formant):
297.7 -3.1 -38.9 -0.1 -1.2 -4.3
2650.5 -46.1 -49 37.2 27.4 58.7
3094.5 46.4 -44.7 66.9 45.6 11.5
