KLH032a_3322 analysis information:
Number of steps:
20
Cutoff frequencies were: 
5000 5053 5105 5158 5211 5263 5316 5368 5421 5474 5526 5579 5632 5684 5737 5789 5842 5895 5947 6000
Number of coefficients for prediction: 
5
Number of formants: 
3
Winner is:
5789 5789 5789
Errors (total,f1,f2,f3): 
199.1 171.2 190.4 213.4 231.8 168.9 25.2 26.4 29.4 30.5 27.5 25.3 24.4 23.3 21.1 18.7 21 22.3 28.7 28.2
1.8 1.8 1.9 1.9 1.9 1.9 2 1.9 2 1.9 1.9 1.9 1.7 1.6 1.6 1.5 1.5 1.5 1.4 1.4
170.7 138.7 158.1 175.1 190.4 137.4 5.3 6.2 10.5 12.5 11.4 10.2 9.7 9 7.7 3.9 1.9 1.5 1 1.4
26.6 30.7 30.4 36.4 39.5 29.6 17.9 18.3 16.9 16.1 14.2 13.2 13 12.7 11.8 13.3 17.6 19.3 26.3 25.4
Coefficients are (row-wise by formant):
286.4 33.2 4.5 1.7 -1.6 2.6
2746.5 -72.7 32.9 -10.9 7.4 -1.4
3229.3 59.6 -7.8 26.2 -8.1 10.2
