KLH032e_0516 analysis information:
Number of steps:
20
Cutoff frequencies were: 
5000 5053 5105 5158 5211 5263 5316 5368 5421 5474 5526 5579 5632 5684 5737 5789 5842 5895 5947 6000
Number of coefficients for prediction: 
5
Number of formants: 
3
Winner is:
5632 5632 5632
Errors (total,f1,f2,f3): 
329.1 335.2 466.2 434.4 404.6 430.6 211.5 185.5 211.4 44.5 44.3 43.6 42.7 43.4 42.9 42.8 43 43.4 43.4 43.1
4.9 15.6 19.9 9.5 4.4 13.7 5 5.1 5.2 5.3 5.4 5.7 5.4 5.3 5 4.9 4.6 4.4 4.2 4
228.7 226.3 331.5 340 309.7 327 89.3 58.2 113.6 26.7 26.5 25.1 24.4 24.5 23.8 23.1 23 22.7 22.3 22
95.5 93.3 114.8 84.9 90.5 89.9 117.2 122.2 92.6 12.5 12.4 12.8 12.9 13.6 14.1 14.8 15.4 16.3 16.9 17.1
Coefficients are (row-wise by formant):
409.5 -19.5 -42.9 7.9 -3.3 -1.6
2308.8 -291.8 -81.5 -18 -6.4 15.9
2902.4 18.8 1.4 32.4 36.5 24.6
