KLH032a_3033 analysis information:
Number of steps:
20
Cutoff frequencies were: 
5000 5053 5105 5158 5211 5263 5316 5368 5421 5474 5526 5579 5632 5684 5737 5789 5842 5895 5947 6000
Number of coefficients for prediction: 
5
Number of formants: 
3
Winner is:
5211 5211 5211
Errors (total,f1,f2,f3): 
46.1 44.6 49 53.6 41.7 42.1 50.2 55.6 63.4 67.3 67.7 66.8 68.8 74.5 80.3 81.8 81.5 75.3 79 76
4.4 4.3 4.3 4.3 4.3 4.2 4.2 4.2 4.1 4 3.9 3.9 3.8 3.7 3.7 3.6 3.6 3.6 3.6 3.6
18.7 21 22.1 21.1 19.9 20.1 24 26.9 31.1 34 37.1 40.7 45.3 50.7 55.6 56.5 55.8 48.9 53.6 50.6
23 19.3 22.6 28.2 17.5 17.8 22 24.5 28.2 29.3 26.7 22.2 19.7 20.1 21 21.7 22.1 22.8 21.8 21.8
Coefficients are (row-wise by formant):
385.1 3.9 25.1 12.1 16.8 1.7
2327.3 -196.2 -71.7 38.3 13.9 9.2
3391.1 -94.7 -66.5 -64.1 -22.2 -11.1
