KLH032a_1605 analysis information:
Number of steps:
20
Cutoff frequencies were: 
5000 5053 5105 5158 5211 5263 5316 5368 5421 5474 5526 5579 5632 5684 5737 5789 5842 5895 5947 6000
Number of coefficients for prediction: 
5
Number of formants: 
3
Winner is:
5000 5000 5000
Errors (total,f1,f2,f3): 
41.2 43.7 49.7 50.2 49.5 169.6 67.7 64.5 56.3 50 45.1 43.2 51.3 53.8 55.3 56.3 56.5 63.9 72 79.2
0.4 0.4 0.4 0.3 0.3 0.3 0.2 0.3 0.3 0.3 0.3 0.3 0.4 0.4 0.5 0.5 0.6 0.6 0.6 0.6
24 23.2 23.9 24.4 27.1 131.5 46.8 46.3 38.2 32.2 26.7 24.5 28.4 28.1 24.7 21.8 19.6 24 26.7 33.8
16.8 20.1 25.4 25.5 22.1 37.8 20.7 17.9 17.8 17.5 18.1 18.4 22.5 25.3 30.1 34 36.3 39.3 44.7 44.8
Coefficients are (row-wise by formant):
427 -23.1 -16.4 -9.2 -3.6 -1.3
2384.6 -154.9 -139.9 -58.2 -33.7 -1.8
2597.9 -44.2 41 -5.6 -11.5 32.8
