KLH032a_2306 analysis information:
Number of steps:
20
Cutoff frequencies were: 
5000 5053 5105 5158 5211 5263 5316 5368 5421 5474 5526 5579 5632 5684 5737 5789 5842 5895 5947 6000
Number of coefficients for prediction: 
5
Number of formants: 
3
Winner is:
6000 6000 6000
Errors (total,f1,f2,f3): 
243 274.4 299.3 368.8 312.2 315.4 293.8 150.5 89.7 124.5 85 79.5 78.4 75.7 75.3 74.3 74.2 73.7 72 69.7
16.6 14.8 26.8 22.8 23 17.8 19.5 16.8 13.7 14.6 15.5 15.9 16.2 15.9 16.4 16.7 17.6 18 18.1 18.4
86.6 96.4 97.4 136.4 83.9 71.6 90.3 43.5 22.2 33.7 20.4 19.6 18.9 18.6 18.4 18.3 18 18.6 18.5 18.6
139.8 163.2 175.1 209.6 205.3 226 184 90.2 53.8 76.2 49.1 44 43.3 41.2 40.5 39.3 38.6 37.1 35.4 32.7
Coefficients are (row-wise by formant):
728 112.5 -132.1 -3.1 -16.8 2.1
1739.4 -105.3 -0.5 -8.7 6.2 18.2
2823 43.1 24.7 18.7 23 -29.7
