KLH032d_0042 analysis information:
Number of steps:
20
Cutoff frequencies were: 
5000 5053 5105 5158 5211 5263 5316 5368 5421 5474 5526 5579 5632 5684 5737 5789 5842 5895 5947 6000
Number of coefficients for prediction: 
5
Number of formants: 
3
Winner is:
5000 5000 5000
Errors (total,f1,f2,f3): 
491.2 536.5 628.3 658.5 715.6 743.1 876.4 877.7 858.8 890.5 884.1 865.7 731.8 791.2 718.8 744.3 721.7 644.1 632 544
226.6 235.4 268.5 271.4 285.4 324.9 362 334.6 318.3 328.1 333.1 326.6 297.3 315.9 289.1 291.8 285.2 260.7 263.2 234.1
77.1 79.1 92 91.1 89.2 87.4 103.1 83.1 75.5 80.7 84.5 100.4 83.8 90.2 90.1 89.4 92.8 78.3 77.3 76
187.5 222 267.8 296 341 330.8 411.3 460 465 481.7 466.5 438.7 350.7 385.1 339.6 363.1 343.7 305.1 291.5 233.9
Coefficients are (row-wise by formant):
838.8 83.1 147.9 -40.4 57.9 -90.4
1780.9 -48.4 28.5 -43 -0.9 -39.9
2377.6 -22 239.1 -50.8 42.5 0
