Regression analysis information for: KLH014b_1042
number of formants: 3
number of coeccicients: 5
2.3 16.8 6.4
357.7 -14.7 -18.8 -6.6 -2.4 3
2152.7 137.3 -84 1.5 -57.4 5.2
2801.5 91.9 -9.6 -6.2 -21.3 2
2.1 19.3 6.7
357.3 -15.1 -18.5 -6 -2.1 2.8
2150.7 137.2 -82.9 3.9 -58.2 4.4
2800 91.6 -7.4 -3.6 -21.9 0.5
2.1 19.8 6.5
357.1 -15.2 -18.5 -5.9 -1.8 3
2148.6 137.6 -81.8 3.1 -55.8 5.4
2798 92.4 -5.6 -4.9 -21 1.5
2.1 19.7 5.9
357 -15.3 -18.6 -5.9 -1.7 3
2145.6 137.8 -82.3 4.9 -54.7 5.7
2795.9 92.4 -4.5 -3.5 -20.2 2
2.1 20.5 6.7
356.9 -15.5 -18.5 -5.7 -1.5 3
2143.1 135.8 -81.3 5.4 -52.3 4.7
2793.5 91.6 -3 -2.6 -18.2 1.1
2 21.1 7.7
356.8 -15.4 -18.5 -5.7 -1.6 3
2140.6 136.9 -80.4 7 -52 5.5
2791.2 92.1 -0.9 -1.7 -17.6 2.1
2 21.8 7.6
356.9 -15.3 -18.4 -5.5 -1.4 3.1
2135 130.5 -84.9 5.4 -53.2 6.5
2786.6 87.9 -2.9 -3.4 -18.9 2.4
2 20.5 8.4
356.8 -15.4 -18.4 -5.3 -1.2 3.1
2130.2 128.9 -84.7 12.7 -46.6 6.1
2782.8 85.9 -2.2 3.9 -12.2 1.7
1.9 19.8 8.6
356.8 -15.3 -18.4 -5.5 -1.3 3
2130.8 128.5 -84.6 12.9 -44.8 6.2
2783.6 85.8 -2.7 4.4 -10.2 2.4
1.9 18.9 10.4
356.9 -15.3 -18.3 -5.3 -1.1 3.1
2131.3 123.5 -85.3 10.7 -43.2 4.8
2783.9 82.8 -5 2.9 -9.2 0.8
1.9 18.6 10.2
357.1 -15.2 -18.3 -5.3 -1.2 3
2132.5 123.9 -87.4 10.4 -43.7 3.5
2785.5 82.7 -7.7 2.8 -9.2 0
2 17.5 11.4
357.3 -15 -18.2 -5.2 -1 3.2
2134.5 120.3 -91.3 7.2 -46.3 2.4
2787.3 80.2 -12.5 0.3 -11.1 -1.6
1.9 17 11.6
357.4 -15 -18.2 -5.2 -1 3.1
2137.8 118.6 -91.6 5.5 -45.5 1.8
2790.5 79.3 -14.3 -0.1 -10.4 -1.8
1.9 16.8 11.3
357.5 -14.9 -18.3 -5.3 -1.1 3.1
2141.5 120.8 -93.9 5.9 -45.6 3.3
2794 80.6 -17.4 0.3 -9.9 -1.3
2 16.4 11.3
357.6 -15 -18.3 -5.3 -1 3.2
2147.9 120.3 -94 3.7 -44.8 3.1
2799.2 80.7 -20.2 -0.5 -9.1 -2
2 15.5 10.9
357.8 -15 -18.5 -5.4 -1.1 3.1
2153.9 121.2 -96 1.1 -45.4 2.9
2804.4 81.3 -23.8 -1.6 -8.8 -2
2 15.2 11
357.9 -15.1 -18.6 -5.4 -1 3.2
2160.1 121.8 -98.9 -1.5 -46.6 4.1
2809.8 82 -28.4 -2.9 -9.2 -1.9
2.1 14.7 11
358 -15.2 -18.8 -5.7 -1.1 3.2
2167.9 122.7 -99.2 -5.2 -47.3 4.3
2816 82.9 -31.1 -4.9 -9 -1.3
2.1 14 10.7
358.1 -15.6 -19.1 -5.9 -1.2 3.3
2176.5 123.1 -99.5 -7.3 -48.1 5.4
2822.7 83.6 -34.3 -5.5 -9.3 -0.8
2.2 14 10.3
358 -16 -19.5 -6.1 -1.3 3.3
2185.4 125.4 -99.6 -8.7 -48.8 6.5
2830.1 85.1 -37.8 -6.1 -9.4 -0.4
winner is: 1
