Regression analysis information for: KLH014a_1132
number of formants: 3
number of coeccicients: 5
86.5 176.4 136.5
578.6 8.6 -195.1 -109 74.7 -135.8
1298.1 44.3 153.7 -259.1 161.2 -178.5
2787.1 -325.5 -129 -258.9 -79 -231.3
85 175.5 157.4
576.3 12.4 -195.8 -111.8 78.7 -131.3
1296.6 47.1 158.4 -259.6 157.3 -174.8
2822.1 -317.8 -115 -298 -76.3 -264.6
84.9 176.9 153.9
574.4 7.2 -195.9 -114.2 81.4 -127.2
1295.7 45.2 156.4 -262.6 156.6 -175.6
2833.3 -268.3 -127.2 -288.6 -119.1 -271
84.8 176.5 183.4
571.1 7.6 -196.7 -115.6 86 -122.1
1294.3 45.2 158.2 -264 154.4 -173.4
2864.3 -260.1 -99.9 -319.4 -121.4 -316
84.1 184.1 207
569.2 5.5 -196.1 -117.2 90.6 -117.9
1279.9 23.8 146.5 -269.8 159.5 -155.5
2762.6 -443.4 -235 -353.9 -60 -164.6
91.5 183.1 192.8
566.3 9.9 -195.6 -123.7 99.4 -110.8
1273.3 31 169.1 -274.4 145.5 -150.4
2769.4 -422.2 -263.1 -345.9 -69.6 -145.4
87.1 181.2 193.9
560.3 7.8 -187.2 -129.7 105.5 -95.7
1271.2 41.6 190 -266.5 129.4 -163.9
2788.5 -402 -288.5 -360.9 -71.5 -133.5
80.7 183.2 190.8
553 9.3 -173.6 -140.5 102.3 -77.4
1266.2 39.4 197.5 -264.8 119.6 -166.5
2796.5 -393.1 -293.3 -360.6 -70.7 -146.7
87.3 186.5 197.2
548.4 11.6 -162.2 -146.6 101.3 -65.7
1254.4 37.4 223.7 -257.1 101.2 -172.8
2805.6 -385.7 -304.9 -370.4 -58 -146.4
84.4 187.9 202.6
535.4 11.1 -139.8 -153.1 85.8 -52
1251.3 34.1 227.5 -251.6 99.1 -179.4
2820.7 -384.2 -298.6 -378.1 -45.2 -163.2
84.3 186.5 201.4
509.1 8.6 -92.1 -152.5 45.3 -54
1244.4 28.3 237.4 -239.9 94 -192.2
2837.5 -382.1 -319.6 -382.6 -26.7 -167.8
84.6 185.6 206.3
499.4 3.5 -77.1 -141.3 36.2 -64.1
1242.4 26.8 244.1 -231.6 96.5 -198.7
2848.8 -379.6 -320.5 -392.6 -15.4 -170.4
84.7 185.2 207.9
491.7 2.5 -65 -134 27.2 -72.8
1242.8 26.3 249.3 -227 99.3 -202.3
2852.8 -377.6 -327.8 -398.1 -1.8 -160
84 210.8 349.7
482.4 -2.6 -54.2 -121.1 25 -80.6
1214.5 4.5 286.5 -170.6 106.7 -248.7
2685.7 -474.5 -78.9 -146.1 -90.5 -428
84.2 187.7 349.3
480.4 -2.7 -52.5 -118.5 23.7 -81.3
1233 18.3 268 -199.5 108.2 -222.1
2680.4 -464.6 -61 -169.9 -92.7 -387.6
84.9 185.4 237.3
479.3 0.6 -51.9 -117.5 20.1 -82.8
1243.2 24.9 257.9 -216 109.3 -208.3
2787.1 -379.5 -185.3 -393.7 -103.5 -174.8
85.3 185.7 232.3
478.5 0.6 -53.3 -116.3 20.4 -83.1
1244.5 27.5 258.5 -215.4 111 -206.9
2809.1 -375.1 -208.2 -385.3 -79.9 -173.3
85.4 186.8 357
476.4 3.5 -54.3 -112.6 20 -83.6
1244.4 25.7 260.5 -214.9 113.3 -208.7
2713 -458.7 -90.5 -189 -48.2 -342
86.5 187.9 261.7
472.1 1.7 -55.1 -107.1 23.9 -81.8
1243.6 24.5 261.2 -212.3 118.5 -206.7
2780.7 -394.7 -132.6 -281.7 -66.6 -269.6
86.7 189.1 265.2
471.1 5.4 -58.4 -105 22.4 -81.7
1245.7 27.4 263.9 -212.5 120.3 -207.1
2806.8 -395.7 -173.4 -286.2 -26.4 -250.9
winner is: 1
