Regression analysis information for: KLH014a_0561
number of formants: 3
number of coeccicients: 5
3.1 8.1 7
410.4 -1.7 2.5 1.3 -11.7 0.8
901.8 -51.6 105.1 -52.6 37.9 12.1
2880.3 11.7 -31.1 3.5 -15.7 3
3.1 7.9 7.4
410.5 -1.9 2.4 1.3 -12 0.6
902.4 -52.3 104.8 -53.8 36.6 11.8
2880.1 10.5 -32.6 1.5 -18.2 1.2
3.1 7.8 7.5
410.8 -1.8 2.6 1.3 -12 0.7
903.7 -50.8 105.4 -53.8 36.8 11.9
2881.6 12.2 -31.2 1.9 -18.1 1.4
3.1 7.7 7.8
411 -1.8 2.8 1.4 -12 0.6
904.7 -50.4 105.5 -54.6 36.4 11.8
2882.5 13.1 -31.2 1.2 -18.8 0.6
3.2 7.8 7.8
411.3 -1.9 2.9 1.4 -12.1 0.7
905.9 -49.6 105.8 -55.1 36.7 12
2883.4 13.5 -30.8 0.8 -19 0.9
3.1 7.8 8.2
411.6 -1.8 3.1 1.4 -12.2 0.8
907.2 -49.2 106.1 -55.6 36.2 12.3
2884.5 14.8 -30.3 0.3 -19.6 0.6
3.1 7.9 8.4
412.1 -1.8 3.2 1.5 -12.3 0.7
908.4 -48.1 106.3 -56.2 36.5 12.2
2886.1 15.8 -29.6 0.4 -19.7 0.3
3.1 7.9 8.6
412.6 -1.8 3.5 1.7 -12.3 0.8
909.8 -47.4 106.6 -56.6 36.3 12.4
2888 17.3 -28.7 0.8 -19.7 0.3
3.1 7.9 9
413.2 -1.8 3.8 2 -12.4 0.8
911.3 -47 107 -57.3 36.1 12.6
2889.8 18.8 -27.8 1 -19.9 0.2
3.2 8.1 9.4
413.7 -1.7 4.1 2 -12.4 0.9
912.4 -45.8 107.3 -57.7 36.6 12.8
2891.5 20.1 -26.7 1.1 -19.6 0.4
3.2 8.2 9.5
414.4 -1.8 4.4 2.4 -12.5 1.1
913.7 -45.7 107.5 -58.2 36.6 13.2
2893.3 21.2 -25.8 1.9 -19.5 0.9
3.1 8.4 10
415.1 -1.7 4.9 2.5 -12.4 1.1
914.6 -44.7 107.4 -59 37.1 13.1
2895.5 22.9 -24.8 1.8 -19.1 0.5
3.1 8.5 10.3
416.1 -1.8 5.1 3.1 -12.6 1.1
915.8 -44.7 107.7 -59.7 37.3 13.6
2897.8 24.2 -24 2.7 -19.3 0.7
3.2 8.7 10.6
417.2 -1.9 5.4 3.7 -12.7 1.3
916.5 -44.2 107.6 -60.4 37.8 13.8
2900.2 25.5 -23.3 3.6 -19.2 0.8
3.2 9 11
418.2 -1.8 5.7 4.1 -12.6 1.2
916.8 -43.6 107.4 -61.1 38.6 14.1
2902.5 27 -22.5 4.1 -18.6 0.8
3.3 9.1 11.3
419.4 -2 6 4.8 -12.6 1.2
916.8 -44.1 107.3 -62 38.9 14.5
2904.7 28 -22 4.9 -18.3 0.6
3.3 9.5 11.8
421 -2.5 6.2 5.7 -12.8 1.3
916.1 -43.4 107 -63.1 40.3 14.6
2907.4 28.8 -21.3 5.7 -18.2 0.5
3.3 10.1 12.1
422.7 -2.9 6.5 6.8 -12.8 1.3
914.6 -44 106.8 -64.5 41.1 15
2910 29.8 -20.8 6.5 -18 0.4
3.5 10.9 12.6
424.7 -3.5 6.7 7.9 -12.9 1.2
912.1 -43.9 106.2 -65.8 42.8 15.5
2912.7 30.8 -20.1 7.3 -17.6 0.4
3.8 12.3 13.1
427.3 -4.5 6.8 9.8 -13 1.3
907.8 -44.6 105.5 -68.6 44 15.8
2915.6 31.8 -19.4 8.8 -17.2 0.4
winner is: 1
