Regression analysis information for: KLH014b_1598
number of formants: 3
number of coeccicients: 5
1.1 10.1 5.6
436.1 -7.5 0.2 0.8 -0.6 1.9
2155.7 -93.1 -16.2 19.6 -16.2 -2
2894.1 -34.8 7.2 19.7 -18.6 -4.1
1.1 10.2 5.5
436.1 -7.3 0.2 0.7 -0.5 1.8
2157.8 -93.5 -17.1 18.4 -15.4 -1.3
2894.1 -36.1 7.5 19.5 -19.5 -2.8
1 9.9 5
436.2 -7.3 0.4 0.6 -0.3 1.7
2159.1 -94.3 -16.6 17.3 -14.4 -1.3
2894.6 -37.5 6.8 19.7 -19.9 -3.2
0.9 9.7 5.4
436.2 -7.1 0.3 0.5 -0.2 1.6
2160.4 -94.1 -16.3 16 -14.2 -1.1
2895.4 -38.7 6.2 20.2 -19.5 -3.1
1 9.7 6
436.2 -7.1 0.5 0.6 -0.3 1.6
2158.4 -96.3 -12.1 17.6 -16.3 -3.9
2895 -39.2 6.1 20.2 -19.1 -3.9
0.9 9.9 5.7
436.1 -6.8 0.4 0.6 -0.1 1.5
2159.3 -95.6 -13.4 17.6 -13.2 -2.9
2895.5 -41.2 6.8 21 -20.1 -2.7
0.9 10.3 5.8
436.1 -6.5 0.3 0.9 -0.2 1.6
2158.8 -93.4 -14.4 18.9 -15 -2.3
2895 -41.4 7.4 20.2 -20 -3
0.8 9.2 5.8
436.1 -6.3 0.5 0.7 0 1.5
2158.3 -92.1 -12.7 16 -13.7 -2.7
2895.9 -42.9 7.2 21.3 -20.6 -3
0.8 8.8 5.7
436.2 -6.2 0.5 0.8 0 1.5
2158.5 -92 -10.9 16 -14.4 -3.7
2895.3 -42.7 7.9 21.4 -20.6 -3.7
0.8 8.3 5.1
436.2 -6.1 0.6 0.7 0.2 1.5
2159 -89.9 -11.7 12.1 -11.9 -3.7
2895.9 -43.1 8.1 20.6 -21.5 -2.7
0.8 7.7 4.7
436.2 -5.9 0.8 0.5 0.2 1.5
2156.1 -85.1 -8 5 -11.1 -0.8
2897 -43.5 7.6 21.2 -22.6 -3
0.8 8.2 4.4
436.4 -5.8 0.8 0.6 0.3 1.6
2158.3 -84.6 -9.7 5.1 -10.1 0.2
2896.5 -42.1 8.5 19.7 -21.7 -2.2
0.8 7.1 4.1
436.5 -5.5 0.7 0.6 0.3 1.6
2162 -81.6 -15.4 3.6 -8.6 0.6
2897.6 -39.7 7.4 17.4 -21.5 -1.3
0.7 6.8 4
436.8 -5.3 0.8 0.6 0.3 1.5
2167.2 -79.6 -20.4 0.7 -5.7 1.3
2899.4 -37.3 6.4 14.8 -20.7 -0.5
0.7 6.5 4.1
437 -5 0.7 0.7 0.4 1.5
2170.9 -75.7 -27.6 -0.8 -3.9 1.9
2901.1 -34.7 4.6 12.6 -20.4 0.2
0.7 6.5 4
437.3 -4.9 0.7 0.7 0.4 1.5
2176.5 -73.8 -33 -3 -2 2.7
2903.1 -32.3 2.9 10.8 -19.7 0.4
0.7 7.1 4.3
437.5 -4.6 0.5 0.8 0.4 1.6
2179.8 -69.4 -41.2 -2 -2.8 5.1
2904.6 -29.5 0.2 9.9 -20 1.2
0.8 6.9 4.5
437.5 -4 0.1 1.1 0.2 1.6
2177.6 -56.9 -53.4 2.8 -4.5 5.5
2904.2 -24 -3.9 11.6 -20.9 1.6
0.6 5.7 3.4
438 -4.4 0.6 0.8 0.6 1.4
2188.4 -68.9 -47 -6.2 1.9 1.6
2908.1 -26.8 -1.6 7.4 -18.3 -0.2
0.6 5.9 3.3
438.4 -4.2 0.6 0.8 0.6 1.3
2193.6 -68.9 -51.3 -6.1 1.7 2.3
2910.3 -25.5 -3.3 7.1 -18.2 -0.4
winner is: 19
