Regression analysis information for: KLH014b_0907
number of formants: 3
number of coeccicients: 5
1.1 3.4 16.9
459.2 -19.6 -49.6 -4.6 -7.5 -2.2
1356.5 -13.6 -14.4 3.9 2.4 3.4
2432.9 28.4 -58.1 -73 -9.7 14
1.1 3.6 18.1
459.3 -19.3 -49.3 -4.8 -7.4 -2.2
1356.8 -13.6 -13 3.1 3 3.8
2436 32.5 -53.3 -74.6 -9 14.3
1 3.4 17.9
459.3 -19.5 -49.2 -4.7 -7.3 -2.3
1356.9 -13.3 -12.2 3 3.6 3
2439.2 37.6 -51 -75.2 -9 12.4
1.1 3.3 17.4
459.4 -19.1 -48.8 -4.6 -7.4 -2.4
1356.5 -12.5 -10.9 3.5 3.2 3.3
2439.6 43.8 -41.7 -70.7 -11.4 9.3
1.1 3.4 18.5
459.1 -19.5 -48.5 -4.7 -7.2 -2.4
1356.1 -12.5 -8.6 2.4 4.3 3.4
2437.1 43.7 -33.8 -69.6 -6.3 12.8
1.1 3.4 11.7
459.2 -19.1 -48.2 -4.4 -6.9 -2.5
1355.9 -11.8 -7.7 3.1 5.5 2.8
2434.3 45.7 -22.5 -55.2 2.1 7.4
1.2 3.6 13.8
459.3 -19.4 -48 -4.5 -6.9 -2.5
1356.4 -12.2 -6.4 2.5 5.6 3
2437.7 50 -19.3 -59.2 -0.8 7.3
1.2 3.6 10.8
459.4 -19.5 -47.8 -4.5 -6.8 -2.4
1356.9 -13 -5.5 2.6 6.1 3.5
2435.4 46.2 -15 -52.1 7.2 10.6
1.2 3.6 11
459.6 -19.2 -47.7 -4.5 -6.7 -2.5
1357.8 -13.4 -5 2.8 5.8 3.6
2439.8 50.7 -11.5 -52.7 4.2 8.1
1.2 3.5 10
459.8 -19.5 -47.5 -4.4 -6.7 -2.4
1359 -13.9 -3.7 3.1 6 3.8
2445 56.2 -5.7 -50 5.3 7.7
1.3 3.6 7.7
460 -19.3 -47.1 -4.4 -6.6 -2.5
1360.1 -14.8 -2.4 3.7 6 4.2
2447.5 58.4 3.1 -42.3 8.8 6.5
1.3 3.4 7.4
460.3 -19.6 -47 -4.3 -6.6 -2.4
1361.4 -15.9 -1.6 3.7 6.2 4.5
2451.5 59.7 4.1 -41.5 11.2 9
1.3 3.6 6.8
460.5 -19.5 -46.8 -4.3 -6.6 -2.4
1362.9 -16.5 -0.9 4.6 6.2 5.1
2458.1 64.7 8.3 -37.4 15.2 11.2
1.3 3.5 8
460.8 -19.5 -46.6 -4.3 -6.5 -2.4
1364.9 -17.6 0.1 4.9 6.3 5.3
2467.4 72.1 12 -37.8 14.9 10.9
1.3 3.4 7.8
461 -19.9 -46.4 -4.1 -6.4 -2.3
1366.4 -18.8 0.9 5.9 6.4 5.6
2471.5 74 15.5 -30.8 20 12.7
1.4 3.6 6.9
461.5 -19.7 -46.1 -4.1 -6.4 -2.4
1368.4 -20.1 2.3 6.6 5.9 5.8
2480.1 81.8 24 -27.8 16.2 7
1.3 3.6 7
461.8 -20 -45.9 -4 -6.5 -2.3
1370.6 -21 3.1 7.4 5.4 6.2
2491.1 91.8 26.4 -27.9 14.5 6.3
1.4 3.7 7.8
462.3 -19.8 -45.6 -3.9 -6.5 -2.4
1373.1 -22.3 3.9 8.3 5.1 6.7
2503.3 102.4 31.5 -26.1 14.2 4.4
1.5 3.7 8.5
462.7 -20.2 -45.5 -3.9 -6.6 -2.5
1375.4 -23.8 4.7 8.5 4.6 6.8
2514.6 110.8 31.5 -30.8 8.9 0.9
1.5 3.7 10
463.1 -20.4 -45.3 -3.8 -6.6 -2.4
1378.3 -24.9 6.1 9.6 4.3 7.4
2530.1 126 39.5 -28.7 8.5 -0.5
winner is: 13
