Regression analysis information for: KLH014b_0618
number of formants: 3
number of coeccicients: 5
2.3 14.5 10.7
423.8 -19.1 5.7 -4.2 7.3 -4.3
1577.9 178 -44.7 -20.2 -16 12.3
2717.8 80.2 7.9 -33.5 -5.9 6.9
2.3 14.5 10.7
424 -19.2 5.9 -4.3 7.4 -4.2
1578.9 178.8 -43.9 -20.4 -16.1 13.2
2718.2 79.1 8.5 -33.5 -5.6 8.1
2.3 14.8 10.9
424 -19.2 5.9 -4.3 7.3 -4.2
1580.1 178.6 -44.2 -21.4 -16.3 13.2
2718.7 77.8 8.6 -34 -5.1 8.5
2.3 14.6 10.8
424.2 -19.3 6 -4.4 7.4 -4.2
1581.4 178.9 -43.9 -21.7 -16.6 14
2719.5 76.7 9.1 -34.2 -4.9 9.3
2.3 14.7 10.9
424.2 -19.3 6 -4.4 7.3 -4.2
1582.2 178 -44.9 -22.9 -17 13.7
2720.1 75.7 8.8 -34.8 -4.8 9.6
2.2 15.4 12.2
424.3 -19.5 6.4 -4.5 7.4 -4.2
1580.6 178.4 -40.8 -21.7 -17.4 13.7
2718.6 74.9 12.5 -34.7 -5.1 9.9
2.3 14.5 11.1
424.3 -19.6 6.5 -4.6 7.2 -4.2
1581.1 177 -39.4 -23 -19.9 13.7
2718.7 72.8 14.7 -35.9 -7 10.4
2.3 14.6 11.4
424.5 -19.6 6.5 -4.6 7.2 -4.1
1582.7 177.8 -39.2 -23.1 -19.9 15.2
2719.6 72.7 15.2 -36 -7.3 12.4
2.2 14.4 10.8
424.6 -19.6 6.5 -4.6 7.2 -4.1
1583.4 179.1 -39.4 -23.1 -20.7 15.1
2719.4 73.5 14.5 -35.5 -8.3 12.5
2.2 14.4 10.7
424.7 -19.8 6.5 -4.7 7.1 -4.1
1584.9 177.1 -41.2 -24.7 -22.1 14.7
2720.5 70.8 13.6 -37.1 -9.5 12.1
2.2 14 10.4
424.9 -20 6.7 -4.7 7.2 -4.1
1587.3 177.6 -41.2 -24.4 -21.4 15.5
2723 69.5 14.3 -36.9 -9 12.9
2.3 14 10.2
425 -20 6.7 -4.8 7.2 -4.1
1589.2 176.9 -41.8 -25.8 -21.2 16.3
2724.4 68.4 14.2 -38.9 -8.5 13.5
2.3 14.1 10
425.5 -20.4 6.9 -4.9 7.3 -4.1
1592.5 176.7 -43 -25.1 -21.5 16.6
2728 65.9 13.8 -38 -9.1 14.3
2.3 14.1 9.7
425.7 -20.5 7 -5 7.4 -4.2
1596 178.1 -44.3 -26 -19.8 17.4
2731 66.3 13.1 -38.9 -7 14.8
2.4 14.2 9.3
426 -20.7 7 -5 7.4 -4.2
1600.4 178.1 -46.6 -26.6 -19.2 18
2735.1 64.9 11.7 -39.3 -6.3 15.4
2.4 14.1 9.2
426.5 -21 7.2 -5.1 7.6 -4.2
1605.3 178.7 -48.2 -26.4 -18.1 19
2740 63.1 11.2 -39.2 -5.1 16.3
2.5 14.7 9.1
427 -21.3 7.3 -5.1 7.7 -4.3
1610.6 178.2 -50.8 -26.7 -16.8 19.8
2745 60.7 10.3 -39.6 -3.6 16.9
2.5 14.9 9.2
427.5 -21.8 7.5 -5.3 7.9 -4.3
1615.6 178.1 -52.9 -26.8 -15.6 21
2750 57.9 9.9 -40 -2.7 17.7
2.6 15.3 9.4
428.1 -22.2 7.7 -5.4 8.1 -4.3
1621.6 177.3 -55 -26.1 -13.5 22.1
2755.5 54.8 10.1 -39.7 -0.6 18.4
2.7 15.9 9.7
428.8 -22.8 8 -5.6 8.4 -4.5
1627.5 176.2 -58.1 -25.5 -12.1 23.1
2761.2 51.3 9.6 -39.3 1.1 18.8
winner is: 16
