Regression analysis information for: KLH014a_1424
number of formants: 3
number of coeccicients: 5
8.1 21.4 9.3
422 12.6 -4.6 -15.4 -11.1 7
2120.7 -45.3 -47.4 41.4 -2.6 -35.6
2820.3 19.9 -4.8 14.2 -2.2 -25.2
8.1 21.8 9.1
421.5 12.6 -4.1 -15.6 -11.1 6.8
2119.3 -45.1 -47.1 40.5 -1.7 -36
2820.3 20 -5.1 13.9 -1.9 -25.8
8 22.1 9
421 12.7 -3.6 -15.8 -11 6.8
2117.5 -44.3 -45.4 39.5 -1 -36.9
2820.1 20.4 -5.3 13.7 -1.8 -26.4
8.2 22.4 8.8
420.7 12.7 -3.3 -15.6 -11.2 6.5
2115.9 -43.6 -45.2 39.6 -1.2 -38.7
2819.6 21.1 -5.4 13.2 -1.3 -27.5
8 23 8.8
420.4 12.6 -3.1 -15.5 -11 6.5
2113.6 -43.5 -43.5 39.6 -0.1 -39.5
2819.1 21.6 -5.3 13.1 -1.2 -28.1
7.9 24.9 9.3
420 12.5 -2.7 -15.5 -10.9 6.6
2109.6 -43.5 -41.1 39.3 1.5 -37.2
2818.3 21.7 -5.2 13.1 -1 -28.1
7.8 26.3 8.8
419.8 12.6 -2.6 -15.5 -10.8 6.6
2106.4 -43.1 -38.3 39.7 1.5 -36.6
2817.7 21.8 -4.5 13.1 -1.4 -27.7
7.8 26.8 9
419.6 12.5 -2.4 -15.4 -10.8 6.6
2104.7 -42.4 -36.4 40.8 1 -35.2
2817.4 22.1 -3.9 13.6 -1.8 -27.1
7.7 28 9.2
419.6 12.6 -2.2 -15.3 -10.9 6.6
2103 -40.3 -33.5 41 -0.2 -33.7
2817.1 22.7 -3 13.9 -2.2 -26.6
7.6 29.9 9.9
419.5 12.5 -2.1 -15.1 -10.8 6.5
2100.5 -42.1 -30.7 42.4 0 -35.6
2816.6 22.3 -2.4 14.2 -2.4 -26.5
7.6 29.4 9.9
419.5 12.4 -2 -15 -10.8 6.4
2101.1 -43.4 -30.2 43.4 0.7 -36.3
2816.5 21.7 -2 14.1 -2.3 -26.5
7.5 30.3 10.3
419.5 12.4 -1.8 -14.8 -10.9 6.4
2098.9 -41.3 -27.1 47.2 -1.7 -35.8
2816.2 22.9 -1 15.7 -3 -25.5
7.5 30.6 10.2
419.5 12.4 -1.6 -14.7 -10.9 6.4
2099.5 -42.2 -22.5 46.9 -1.5 -33.9
2816.6 22.4 1.1 15.9 -3.1 -24.6
7.6 30.5 10.3
419.7 12.4 -1.4 -14.6 -11.1 6.4
2102.4 -43.2 -20.5 48.1 -2.8 -35
2817.7 22 2.5 16.3 -3.3 -23.9
7.5 30.5 10.6
419.8 12.4 -1.5 -14.5 -11 6.4
2104.9 -43.4 -19.3 50.4 -3.3 -36.5
2818.7 22.4 3.7 17.2 -3.1 -23.4
7.5 30.7 10.8
420 12.4 -1.3 -14.4 -11.1 6.3
2108.2 -45.9 -17.9 52.9 -3.4 -37.2
2819.9 21.2 4.9 18 -3 -22.7
7.5 30.3 10.8
420.2 12.3 -1.3 -14.4 -11.1 6.3
2112.5 -47.3 -16.8 53.4 -5 -38.7
2821.5 20.6 5.9 18.2 -3.5 -22.4
7.5 29.5 10.7
420.3 12.3 -1.2 -14.3 -11.2 6.2
2115.9 -49.6 -16.3 54.1 -3.8 -39.1
2822.7 19.4 6.4 18.2 -3.1 -22.2
7.4 29.1 11.1
420.5 12.2 -1.3 -14.2 -11.1 6.3
2119.2 -51 -15.3 56.9 -2.9 -40.5
2823.8 19.5 7.8 19.4 -2.3 -21.5
7.5 29.3 11.4
420.8 12.2 -1.1 -14 -11.2 6.2
2125.6 -54.2 -13.4 58.8 -2.3 -40.3
2826.5 18.1 9.6 20.2 -1.8 -20.2
winner is: 1
