Regression analysis information for: KLH014b_1109
number of formants: 3
number of coeccicients: 5
63.4 20.1 56.6
718.2 -121.7 -125.4 -154 40.5 -9.5
1281.7 41.7 -5.5 -47.9 -33.1 26.8
2627.9 -248.2 -12.2 -151.5 61.2 -58.6
68.7 20.4 58.2
711.3 -120.5 -106.5 -178.6 58.7 -24.6
1278.4 42.6 -0.9 -48.2 -33.5 26.7
2631.4 -245.7 -14.6 -149.9 72.4 -46.7
74.3 20.1 71
694.4 -102.4 -108.6 -178.6 57.4 -21.1
1275.1 42.4 5.2 -46.2 -31.5 26.3
2628.7 -246.1 -4.4 -125.5 102.4 -35.3
78.2 27.2 80.2
676.3 -85.4 -99.4 -182.3 48.6 -19
1274.6 35 20.1 -51.7 -25.9 15.5
2630.6 -239.2 4.7 -113.2 116.7 -36.6
70.5 19.3 112.7
631.8 -19.4 -148.9 -116.4 -10.5 22.2
1267.1 41 18.1 -38.6 -32.4 21.8
2606.1 -261.1 28 -58.1 170.4 -37.8
58 17.6 159.5
617.5 -21.7 -130.7 -102.9 -15.3 9.7
1263 39.2 24.5 -31.3 -30.1 18
2548.3 -297.9 118 80.3 221.3 -108
65.9 17.4 152.8
616.6 -50 -95.8 -112.5 5.3 -25.8
1262.4 39.8 26.7 -29.9 -29 17.9
2543.4 -282.4 136.2 95.3 222 -130.2
60.9 16.8 128.2
607.8 -59.3 -78.6 -102.1 8.9 -38.4
1260.2 37.7 28.3 -27.5 -27.4 17.8
2529.6 -285.7 124.5 91.5 222 -126
59.9 21.4 111.7
601.6 -62 -68.9 -94.7 9.6 -44.5
1262.4 30.7 37.2 -31.1 -19.1 11.2
2539.5 -261.9 152.8 103.8 229.5 -114.7
59.9 25 102.6
600 -64.6 -66.3 -96.3 8.2 -46.3
1264.6 27.8 41 -34.8 -15.3 8.7
2539.6 -253.5 167.4 111.4 227.7 -112.9
57.9 158.1 141.1
600.8 -68.3 -59.4 -99.3 13.3 -48.4
1318 -88.9 149.5 -149.7 94.1 -106.2
2554.9 -324.2 212.7 29.1 292.5 -185.7
58.5 25.3 90.4
599.4 -67.1 -60.9 -98.9 10.8 -47
1264.8 26.1 41.8 -35.9 -13.7 8.3
2534.5 -238.5 167.4 104.8 226.6 -109.7
58.7 38.1 90.8
599.9 -63.9 -61.5 -98.1 9.2 -45.4
1271.4 14 53.8 -49 -2.7 -5.2
2544.6 -225.3 181.6 108.8 230.7 -104.4
59.3 35.9 83.5
600.6 -62.9 -61.9 -98.4 8 -45.1
1271.4 17.9 52.2 -46.4 -4.9 -2.6
2567.1 -191.6 213.4 129.6 247.6 -85.1
61.1 39.1 80.6
601.3 -61.5 -66.4 -101.5 4.6 -43.3
1274.1 17.2 54.8 -49.6 -2.6 -4.7
2593.8 -145.1 262.6 169.4 278.5 -60.8
60.5 158.8 130
605.1 -65.8 -59.2 -106.7 8.6 -47.3
1322.6 -83.5 150.9 -150.8 92.7 -106.2
2635.7 -194.7 342.9 105.2 348.8 -127.6
63.1 159.6 141.2
607.4 -62.3 -65 -112.4 5.5 -42.4
1324.2 -81.7 150.8 -152.2 91.9 -106.1
2645.8 -179.4 364 117.9 355.3 -130.9
65.1 160.1 148.5
610.6 -59.1 -67.8 -115.9 3.2 -40.4
1325.2 -80.8 150.4 -153.3 90.4 -106.7
2652.4 -176.9 374.8 128.8 359.7 -133
69.8 160.1 162.7
614.9 -57.1 -73.3 -125.7 0.5 -37.5
1326.6 -78.1 150.2 -154 89.4 -106.4
2656.1 -168.8 394 147.4 352.6 -148.8
79.7 160.2 182.7
623.2 -48.5 -81.4 -138.7 -2.6 -27.4
1327.2 -77 148.4 -156 86.5 -107.4
2646.9 -184.2 412.8 179.4 354 -160
winner is: 1
