Regression analysis information for: KLH014b_0165
number of formants: 3
number of coeccicients: 5
41.8 35.3 24.1
588.7 257.8 74.4 66.7 44 53.9
1877.8 -231.7 -77.7 -30.1 -13.8 -25.9
2696.4 -82.9 19.9 -11 43 19.3
40.5 35.7 24.5
587.5 257.2 72.6 65.2 43.7 53.3
1877.7 -230.2 -78.5 -30.7 -12.1 -25.9
2697.1 -82.6 19.5 -11.8 43.5 20
38.8 36.6 25
585.8 255.2 69.6 62.4 41.5 51.8
1876.5 -228.5 -79.3 -31.9 -10.9 -25.8
2697.6 -82 19 -12.6 44.2 19.8
33.4 40.8 27.1
579.5 247.5 61.9 55.4 36.7 48.5
1871 -221.2 -79.6 -36.5 -4.3 -24.4
2696.6 -81.4 18.8 -14.6 47 20.8
32.1 39.1 26.5
578.4 245.1 60.1 53.5 34.8 46.7
1872.2 -223.7 -80.1 -34.8 -6 -24.6
2697.1 -81.9 17.8 -13.8 46.9 21
31 41.7 27.5
575.2 242 56.9 50.4 32.5 45.8
1867.6 -216.8 -82.3 -36.7 -3.4 -23.3
2696 -80.8 17.1 -15 48.4 21.8
28.9 44.7 28.8
572.7 238.5 53.9 46.5 29.5 43.1
1864 -213.3 -80 -43 2.2 -23.8
2694.9 -80 17 -16.6 49.9 21.6
27.5 42.4 28
570.2 235.9 51.9 43.6 27.8 42.8
1861 -209.9 -80.3 -43.6 1.9 -21.5
2692.9 -79.3 16.5 -17.3 50.8 23.4
27 44.4 28.5
567.4 232.4 49.8 41 25 41.6
1857.6 -206.4 -78.3 -45.9 1 -16.4
2690.7 -79.3 17.5 -18.6 48.9 25.3
25.7 46 28.2
565.4 231.2 48.5 39.4 23.9 41
1846.6 -191.9 -81.5 -48.3 2.9 -12.5
2684 -73.6 15.9 -17.6 49.1 26.2
25.7 42.8 27.7
564.4 229.6 48.1 38.8 22.9 40.1
1847.7 -194.9 -79.4 -46.6 1.5 -14.2
2683 -77 19.5 -17.2 47.7 25.3
25.4 42.4 26.3
562.2 226.5 44.9 35.8 21.8 39.7
1840.5 -186.5 -79.4 -53.7 7.3 -12.8
2677.3 -75.1 15.2 -20 49.9 27
24.8 41.7 26.1
561.4 225.3 44.6 35.2 20.5 38.6
1841.5 -188.8 -76.7 -50.8 4.1 -11.6
2675.7 -77.5 19.2 -18.7 46.7 27.8
24.8 41.1 24.8
561.1 225.1 44.5 35.1 20.6 38.3
1838.7 -185.5 -76.1 -52.2 6.7 -13.5
2672.6 -75.5 18.4 -17 46.6 25.2
24.8 39 24.2
561.6 225.1 44.6 35.2 20.3 38.5
1841.1 -189.8 -74.5 -49.9 1.6 -11.1
2672.6 -77.4 21.1 -17.6 43.2 26.8
25 37.6 24
561.8 225.5 44.8 35.4 20.4 38.6
1842.5 -190.8 -74 -49.9 1.6 -12.1
2673.5 -77.5 21.3 -18 42.6 25.7
25.2 35.7 23.1
562.8 226.5 45.5 36 20.9 39
1844.5 -193.7 -73.3 -49.3 -0.2 -12.6
2674.6 -77.3 22.1 -18.8 41.8 25.3
25.4 33.8 22.9
563.2 226.8 45.5 36 20.6 38.8
1847.6 -195.9 -74.3 -46.9 -2 -13.6
2676.5 -76.5 20.8 -18.8 40.8 24.1
25.6 32.9 23.3
564.2 227.9 46.4 36.8 21 39.2
1851.1 -200.7 -73.5 -45.8 -3.5 -14.3
2679.2 -77.8 21.4 -18.9 41 22.8
26.1 31.5 23.6
565.2 229.1 47 37.4 21.4 39.6
1855.4 -204.7 -74.3 -44.2 -6 -14.7
2682.9 -77.7 20.8 -20 40.5 22.6
winner is: 20
