Regression analysis information for: KLH014b_0215
number of formants: 3
number of coeccicients: 5
3.3 9.7 7.9
379.3 6.6 3.5 4.5 0.3 3
2072.5 60.8 -86.6 15.7 -11.8 -0.1
2769.4 97 -5.6 0.9 14.3 12.2
3.4 9.5 7
378.9 5.9 3.2 4.4 0.1 2.9
2071.4 57.7 -87 15.9 -14.2 -1.6
2768.6 93.7 -1.9 4.9 10.2 9.6
3.4 9.6 7.5
378.7 5.4 2.9 4.4 0.2 3
2069.5 53.3 -90.1 16.6 -16.1 -2.2
2767.6 90.7 -3.7 9.5 7.9 7.6
3.5 9.7 7.1
378.5 4.8 2.7 4.3 0.2 3.1
2069.2 48.8 -90.9 17.1 -16.4 -2
2768.3 83.9 -3.9 12.8 7.3 6.3
3.6 9.4 7.5
378.5 4.5 2.7 4.3 0.2 3.1
2068.8 42.9 -93.5 17.2 -18 -2.8
2769.6 76.5 -7.1 16 5 3.7
3.6 9.4 7.7
378.5 4.2 2.6 4.4 0.3 3.2
2068.8 37.8 -95 19.1 -17.4 -2.2
2770.9 67.7 -9.9 21.8 6 2.9
3.7 10.2 6.7
378.5 3.8 2.6 4.4 0.4 3.3
2069 31.2 -97.3 20.5 -17.3 -1
2772.9 58 -14.4 26.1 6.4 3
3.7 10.5 6.1
378.7 3.7 2.6 4.5 0.4 3.4
2070.7 27.1 -97.9 23 -16.8 -0.2
2777.1 50.4 -17.6 31.8 7.1 2.9
3.7 10.8 5.7
378.8 3.4 2.6 4.6 0.4 3.5
2073 22.9 -98.8 25.7 -15.6 1
2782.5 42.1 -22.6 38.1 10 4.1
3.7 11.3 5.2
379 3.3 2.6 4.7 0.5 3.6
2075.8 18.5 -98.8 28.5 -14.7 2.3
2788.8 34.5 -26.2 44.6 11.4 4.4
3.7 11.7 4.6
379.1 3.2 2.6 4.8 0.4 3.7
2080 16 -99 30.5 -14.9 2.5
2797.7 28.7 -30.9 49.6 11.2 3.8
3.7 12.2 4.2
379.4 3.1 2.7 4.9 0.5 3.7
2084.6 12.7 -98.3 33.2 -14.6 4
2807.3 22.3 -35.1 56.1 12.2 4.6
3.7 12.5 4.6
379.6 3.2 2.6 5.2 0.4 3.9
2089.7 11 -97.6 35.4 -14.3 4.4
2818.5 16.7 -39.7 62.4 12.6 3.8
3.7 12.8 5.5
379.8 3.2 2.5 5.3 0.3 4
2095.3 8.5 -96.7 37.6 -14.2 5.2
2830.5 10.5 -45 69 12.5 3.2
3.7 13.2 6.6
380 3.4 2.5 5.6 0.3 4.1
2101.7 6.6 -94.9 39.6 -14.5 5.8
2843.6 5 -49.1 75.4 12.2 2.2
3.7 13.5 8
380.1 3.6 2.2 6 0.1 4.2
2108.3 5.5 -93.4 41.4 -14.3 6.3
2857.5 -0.5 -54.6 81.8 12.4 1.3
3.7 13.8 9.4
380.3 3.9 2 6.3 0 4.3
2115.3 3.7 -91 43 -14.5 7
2872 -6.5 -59 88 11.7 0.7
3.7 14.3 11.2
380.3 4.5 1.5 6.8 -0.3 4.6
2122.4 2.6 -88.9 44.3 -14.6 7.7
2887 -12.6 -64 93.7 11.8 0.5
3.6 14.6 13.2
380.3 5.2 1 7.4 -0.6 4.7
2130.3 1.1 -85.8 45.1 -14.8 8
2902.9 -18.4 -67.6 98.1 10.6 0.1
3.6 14.9 15.2
380.1 6.2 0.1 8.2 -1.1 5
2138.3 0.1 -82.7 45.5 -14.9 8.3
2918.9 -24.4 -71 101.3 10.1 0.5
winner is: 2
