Regression analysis information for: KLH014a_1506
number of formants: 3
number of coeccicients: 5
19.5 10 97.2
667.7 68.6 -106 -39.2 -50.7 -29.5
1692.5 -171.2 78.3 -41 25.6 -31.5
2705.9 -288.9 -249.6 -191.1 -173.3 -102.9
19.7 10.1 93.2
667.6 69.7 -104.6 -37.5 -49.6 -30.2
1692.8 -171.3 78.6 -40.9 26 -31.6
2713.7 -285.4 -249.8 -185.4 -170.8 -99.7
20 10.9 89.8
666.5 69.7 -103.2 -36.4 -48.7 -30.5
1691.6 -172.4 77.7 -41.4 26.5 -31.1
2723.3 -280.8 -251.1 -178.3 -169 -98.4
19.5 10.2 89.9
665.2 69.9 -101.6 -34.3 -47 -30.5
1692.5 -170.8 79.3 -40.5 26.6 -32.1
2734.3 -272 -248.8 -171.1 -167.4 -98
19.8 19.6 89.6
664.5 69.6 -101 -32.8 -46.1 -31.1
1686.7 -180.7 72 -43.7 28.4 -27.1
2739.3 -263.6 -243 -170.6 -162.6 -90
19.8 10.4 86.6
664.1 70.5 -99 -30.3 -44.8 -31.2
1692.3 -170.2 79.8 -39.9 27.5 -32.8
2764.3 -218.6 -211.7 -157.5 -163.2 -106
20 10.6 88.7
663.2 70.9 -97.3 -29 -43.7 -30.3
1691.8 -169.5 80.4 -39.7 27.7 -32.8
2769.1 -215.4 -212.3 -155.2 -162.4 -106.9
20.2 12.2 96
662 71.6 -94.7 -26.9 -42.4 -30.3
1689.9 -171 78.8 -41.3 26.1 -35.1
2766.7 -225.2 -222.9 -160.8 -172.1 -115.5
20.4 20.6 110.3
661.7 72.7 -93.2 -25 -40.4 -29.3
1684.6 -180.3 69.6 -49.4 19.3 -40.8
2824.4 -115.6 -124.4 -74.3 -99 -60.5
20.4 11 102.2
660.7 72.5 -92.9 -23.8 -39.3 -29
1689.9 -167.1 80.9 -38.4 28.8 -33.7
2851.5 -57.9 -69.7 -26.7 -55.1 -24.3
20.2 16.4 111.2
660.5 73.4 -91.2 -21.6 -37.4 -27.8
1685.9 -173.8 74.5 -43.5 24.6 -36.8
2844.1 -67.9 -80.9 -38 -61.8 -29.4
20.5 11.5 54.9
660.1 73.6 -89.9 -20.5 -36.8 -26.7
1688.9 -165.8 81.7 -37.6 29 -33.7
2892.8 30.8 6.9 31.8 -14.6 -9.2
20.4 11.4 55.3
660.2 74.7 -88.1 -18.7 -35.2 -25.7
1688.8 -165.6 82 -37.2 29.3 -33.6
2890.6 29.3 9.5 34.8 -15.6 -12.7
20.3 11.7 54.7
659.6 74.8 -86.7 -17.4 -34.2 -24.4
1688.3 -165.3 82.6 -36.8 29 -33.2
2885.3 29.3 16.5 36 -19 -13.2
20 11.7 47.3
657.6 71.7 -87.4 -15.8 -32.5 -22.7
1687.5 -165.4 82.5 -35.9 29 -33
2874.1 21.5 27.9 53.9 -14.5 -19.4
19.9 11.6 45.4
657.6 71.9 -86.8 -14.8 -31.8 -21.9
1687.5 -165.6 82.7 -35.4 28.9 -32.7
2870.5 18.7 31.1 58.9 -13.4 -20.6
20 11.6 42.1
657.4 71.1 -86.9 -14.1 -31.4 -21.5
1687.2 -165.4 82.6 -34.9 28.8 -32.8
2866.2 15.1 35.6 65.9 -12.1 -21.6
19.7 11.1 41
657 70.5 -87.4 -13.8 -30.8 -20.3
1687.1 -165.5 82.3 -34.5 28.4 -31.8
2865.6 14.7 33.7 67.8 -9.8 -17.8
20.1 11.1 40.5
656.3 69.2 -88.7 -14.6 -31.8 -20.7
1686.4 -164.6 81.3 -33.9 27.6 -31.4
2863.2 15.8 33.3 70.1 -10.6 -12.7
20.1 11 37.1
656 68.2 -89 -14.3 -31.7 -20.6
1686.9 -165.9 81.6 -33.8 27.6 -31.3
2859.7 9 38.4 78.4 -10.3 -14.6
winner is: 20
