Regression analysis information for: KLH014b_1321
number of formants: 3
number of coeccicients: 5
11.7 25.4 18
362.3 28 42.2 21.4 20 15.6
2139.8 -137.9 -121.7 -65.8 -39.3 -3.2
2778.4 -96.3 -45.3 -49 4.5 21.5
11.5 25.5 18.2
361.8 28.1 41.5 21.5 19.4 15.6
2140.3 -137.1 -122.2 -65 -39.8 -3.4
2779.6 -95.7 -45.2 -48.8 3.7 20.9
11.4 25.7 18.4
361.6 28.4 41.2 21.6 19.1 15.7
2140.3 -136.9 -123.3 -64.6 -40.6 -3.7
2780.4 -95 -45.2 -48.5 3.2 20.4
11.3 25.9 18.3
361.2 28.3 40.9 21.5 18.9 15.7
2140.3 -135.9 -123.7 -64 -41 -3.6
2780.9 -94.4 -45.1 -48.2 2.9 20
11.2 26.3 18.7
361 28.4 40.6 21.4 18.6 15.6
2139.6 -134.6 -125.4 -62.8 -42.1 -3.4
2781.1 -93.2 -46 -47.5 2.2 19.9
11.1 26.2 18.9
360.7 28.3 40.3 21.3 18.5 15.6
2138.8 -132.6 -127 -61.8 -43.2 -2.6
2780.9 -92.1 -46.5 -47.3 1.7 19.9
11.1 26.5 19.5
360.6 28.4 40.3 21.3 18.5 15.6
2137.4 -131.4 -128.2 -60.8 -44 -1.8
2779.7 -91.2 -47 -45.6 1.9 20.4
11.1 26.8 19.2
360.4 28.4 40 21.3 18.3 15.6
2135.3 -128.4 -130.7 -58 -45.4 -0.8
2777.7 -89.7 -47.7 -42.3 1.7 19.7
11 28.8 17.2
360.2 28 39.8 21.1 18.2 15.4
2132.8 -126.6 -131.1 -58.4 -46.6 0.9
2775.3 -89.9 -46.6 -42.3 2.6 19.7
10.9 28.7 18.8
360.1 28 39.8 21.1 18.4 15.6
2128.8 -128.7 -133.6 -58.7 -49.3 2.6
2771 -94.2 -51.1 -42.2 2 22.2
11 27.7 19.7
360.1 27.6 39.5 21 18.3 15.5
2125 -128.4 -128.8 -60 -51.4 4.8
2766.2 -96.6 -46.9 -42.2 1.3 23
11 27.4 20.2
360.3 27.8 39.7 21.1 18.6 15.5
2122.6 -128.4 -128 -59.6 -53.1 5.3
2763.3 -97.3 -46.2 -40.6 0 22.8
11 26.7 20.5
360.4 27.7 39.6 21 18.6 15.4
2121.7 -127 -129.8 -57.5 -52.4 4.9
2761.5 -96.7 -47.9 -38.2 0.4 22.4
10.9 26.1 19.6
360.6 28.1 39.7 21.4 18.8 15.4
2119.6 -124.9 -130.6 -63.6 -48.8 1.8
2759.9 -95.2 -49.5 -45.6 2.2 19.8
10.9 25.7 20.1
360.8 28.4 39.9 21.5 18.9 15.5
2120.8 -127.4 -130.7 -64.7 -47 1.2
2761.1 -97.2 -50.9 -47.6 3.7 20.8
10.9 24.7 20.8
360.9 28.3 39.8 21.5 18.9 15.5
2122.8 -127 -130.6 -65.3 -46.3 1.4
2763.6 -95.9 -51.1 -49.7 3.3 22
11 24.5 21.4
361.1 28.4 40 21.6 19 15.6
2125.2 -126.7 -132.7 -65.1 -45.3 1.3
2766.6 -93.6 -52.8 -50.6 2.6 23
11 23.8 21.7
361 28.3 40.1 21.6 18.9 15.6
2128.8 -125.6 -134.9 -65.2 -43.8 0.7
2770.8 -90.8 -54.5 -52.7 1.9 23.7
11 23.9 21.6
361 28.4 40.3 21.9 18.7 15.7
2134.1 -128.2 -135 -67.9 -41 0
2776.5 -90.2 -54.5 -57.1 2.2 24.9
11 24.4 22.4
360.7 27.9 40.6 21.7 18.5 15.7
2138.7 -125.7 -139.9 -66.2 -40.9 1.1
2782 -85.6 -58.2 -59.1 -0.2 27.6
winner is: 1
