Regression analysis information for: KLH014b_0524
number of formants: 3
number of coeccicients: 5
5.7 12.5 7.6
478.8 -58.6 10.5 -16.1 -4.9 1.9
1869.9 -43.1 -15.8 15 -21.8 7.8
2742.6 110.9 -1.3 -28.8 65.3 -9
7.2 11.2 7.7
477.7 -64.1 6.3 -16.6 -9.7 2.4
1868.6 -45.5 -23.8 17.3 -26.2 6.2
2753.3 99.8 2.6 -22.4 59.2 -9.4
5.7 11.9 2.5
479.1 -59.4 9.7 -15.1 -5.6 2.6
1872.8 -45.7 -20.7 21.2 -23.3 8.1
2754.9 99.8 -15.1 1 51.5 -9.5
5.5 11.4 3.4
479.8 -60.1 9.7 -15.1 -5.7 2.5
1876.5 -48.9 -22.9 22.5 -23.4 7.4
2765.3 84.2 -19.1 6.7 45.5 -11.9
7.1 10 4.5
478.4 -65.8 4.8 -15.6 -10.8 2.4
1875.4 -51.6 -33.1 25.3 -27.9 4.8
2772.9 74.6 -21.9 11.9 39.7 -12.5
5.4 10.9 5.8
481 -61.7 9.2 -14.2 -6.6 2.7
1883.2 -54.1 -29.3 27 -25.2 7.2
2781.7 63.3 -29 20 30.1 -6.9
5.4 11 5.2
481.5 -62.6 9.2 -14.1 -6.9 2.9
1886.6 -57.7 -31.3 28.1 -25.9 8.1
2787.8 50.6 -33 22.2 24.2 -2.3
7.2 10.2 6.1
480.5 -68 4.8 -14.6 -11.7 3
1886.1 -59.5 -39.8 30.1 -29.3 6.6
2797.9 48 -26.7 26 24.2 -0.4
7.1 10.3 5.6
481.6 -68.6 4.9 -14 -12.1 3.5
1889.6 -61.7 -42 31.1 -29.9 7.2
2804.4 38.4 -28.6 25.7 19.4 2.6
5.6 11.8 4.7
484 -65.1 9.5 -13.4 -7.8 3.5
1897.5 -65.6 -35.8 30 -27.1 10.3
2811.3 26.7 -31.2 25.6 13.6 8.4
7.2 10.8 5
483.2 -70.3 5.3 -13.5 -12.7 4.1
1896.3 -66.4 -44.7 31.7 -30.2 9.1
2817.6 23.3 -28.7 26.3 13.4 9.6
5.9 12.7 4.2
485.4 -66.4 10 -13.5 -8.1 3.9
1904.1 -69.9 -37.8 29.2 -27.4 12.4
2824.2 13 -29.8 23.4 8.8 13.9
6 12.8 4.3
486.3 -67.3 10.1 -13.3 -8.6 4.2
1907.1 -71.7 -38.7 28.9 -27.8 13.2
2830.7 7.6 -27.1 22.2 7.8 16.8
7.5 11.6 5
485.2 -72.1 5.8 -13.6 -13.4 4.6
1905.4 -71.6 -47.1 30.3 -31.2 12.3
2837.5 10.7 -22.9 25.3 7.5 17.4
8 12.1 5.8
485.4 -73.2 5.6 -14.4 -13.7 4.4
1908.1 -73.4 -47.5 28.9 -31.1 12.7
2844.6 9 -19 24.4 7.3 18.4
6.5 13.5 6.2
488.2 -69 10.8 -13.9 -8.9 4.5
1916.3 -75.5 -40.4 25.5 -27.5 14.8
2852.2 1.6 -15.7 19 6.9 19.7
8.3 12.7 7.4
486.6 -74.5 5.8 -14.9 -14.1 4.5
1914.2 -76.1 -48.4 26.3 -31 14
2858.3 4.4 -12.3 21.3 6 20.3
8.5 12.7 7.9
487.3 -74.8 6 -15 -14.3 4.6
1917.4 -76.5 -49.1 25.1 -30.8 14.6
2866 4.7 -7.6 20.6 5.9 21.2
6.9 14 7.7
489.5 -70.5 11 -15.2 -9.1 4.1
1924.9 -78.3 -41.1 20.6 -26.9 15.5
2873.1 1.4 -2.1 15.6 8.9 20.4
6.9 13.6 7
489.8 -70.9 10.9 -15.7 -9.1 3.8
1927.5 -78.2 -41.9 18.7 -25.9 15.2
2879.4 4 2.3 14.6 11.5 19.2
winner is: 3
