Regression analysis information for: KLH014a_1519
number of formants: 3
number of coeccicients: 5
3.3 9.9 11.8
414.9 -5.9 24.6 12.6 -0.2 -1.1
2023.6 8.2 -168 -9.5 -28.5 -10.9
2852.6 -27.7 12.2 -11 8 -7.1
3.3 10.2 12
414.5 -5.6 24.8 12.3 -0.1 -1.5
2023.3 9.9 -165.6 -11.1 -27.8 -12.1
2853 -27.9 12.7 -11 7.8 -6.5
3.2 9.5 12.2
413.8 -4.8 24 11.9 -0.1 -2.4
2020.6 14.1 -167 -12.6 -26.6 -17.1
2853.3 -27.8 13.4 -11.6 8.2 -7.2
3.1 10.1 12.2
412.5 -4.4 23.3 10.8 0.2 -2.9
2013.2 24 -167.5 -20.7 -20.7 -20.9
2852.1 -25.6 14.3 -13.7 10.2 -8
3.1 11.2 12.8
412.4 -4.6 23.5 10.3 0 -3
2011.7 23.5 -163.3 -25.2 -19.5 -19.4
2851.7 -25.1 15.4 -14.7 10.1 -7.4
3.1 12.1 12.9
412.1 -4.5 23.2 10.5 0.2 -2.9
2008.2 26.5 -164.5 -23.9 -17.7 -18.6
2851.1 -24.5 15.9 -15.1 11.2 -7.7
3 11.5 12.7
411.8 -4.4 22.8 10.4 0 -3.1
2006.2 29.1 -166.7 -23.6 -17.8 -20
2850.6 -23.7 15.8 -15.4 11.8 -8.6
2.9 10.6 12.5
411.4 -4.9 22.2 10 -0.3 -3.2
2003.3 28.2 -170.1 -24.4 -18.1 -20.8
2849.8 -23.3 15.2 -15.7 12 -9.4
2.9 11 12.6
411.2 -5.2 21.7 9.8 -0.5 -3.5
2001.7 28.6 -173.1 -25.8 -19.1 -22.1
2849.1 -23.4 14.2 -16.4 11.8 -10.1
2.9 9.5 12.1
411.2 -5.2 21.6 9.7 -0.6 -3.5
2000.6 28.1 -175 -25.3 -19.7 -22.7
2848.3 -23.1 13.3 -16.5 11.6 -11
2.9 9 11.9
411.2 -5.3 21.3 9.7 -0.6 -3.5
2000.3 28.7 -177.6 -25.4 -20.3 -23.1
2848 -23.2 12 -16.7 11.4 -11.5
2.8 8.2 11.6
411.2 -5.3 21.2 9.7 -0.6 -3.5
2000.9 27.6 -180.3 -25 -21.4 -22.8
2847.8 -23.4 10.7 -16.7 11.1 -11.8
2.8 7.9 11.5
411.3 -5.3 21.1 9.8 -0.7 -3.5
2001.9 28.2 -182.4 -24.5 -22.4 -23
2848.1 -23.6 9.7 -16.5 10.6 -11.9
2.8 7.4 11.3
411.5 -5.3 21 9.9 -0.7 -3.5
2004 28.1 -184.4 -23.1 -24 -23.1
2848.6 -23.8 8.7 -15.9 10 -11.9
2.8 7 11.4
411.7 -5.2 21 10 -0.8 -3.5
2006.9 26.4 -185.8 -22 -25.2 -22.9
2849.6 -24.3 8.1 -15.4 9.5 -11.8
2.8 6.7 11.3
412 -5.2 21 10.1 -0.8 -3.5
2010.6 26.2 -186.8 -20.9 -26.3 -23.2
2850.9 -24.6 7.8 -14.7 9.1 -11.3
2.8 6.2 11.3
412.2 -5.2 21 10.2 -0.9 -3.5
2013.7 23.9 -188.3 -19.4 -26.8 -22.6
2852 -25.2 7.3 -13.9 9 -11
2.8 5.4 10.2
412.4 -5.1 20.9 10.4 -0.9 -3.6
2016.5 25.5 -190.1 -17.2 -28 -25.1
2852.5 -23.7 6.1 -12.8 9 -12.3
2.9 5.2 10.6
412.7 -5.1 20.9 10.4 -1 -3.6
2020.7 23.6 -191.1 -16.7 -28.9 -24.8
2854.3 -24.5 6.2 -12.5 8.7 -11.8
2.9 5.3 11
412.9 -5.1 20.9 10.4 -1.2 -3.6
2025.2 22.1 -191.1 -15.6 -31.4 -24.3
2856.1 -25.2 6.6 -11.8 7.6 -11
winner is: 18
