Regression analysis information for: KLH014b_0795
number of formants: 3
number of coeccicients: 5
1.2 8.9 8.1
440.7 40.3 -17.5 -9.4 -3 0.8
1152.7 -248.8 39.9 -34.9 -5.9 -17.1
2677.1 79 3.8 -8 9.4 4.9
1.3 8.9 8.1
440.5 40 -17.6 -9.6 -3.1 0.8
1153 -249.7 40.2 -35.2 -6 -17
2676.1 76.8 3.1 -9.2 8.5 4.9
1.2 8.3 8
440.5 39.9 -17.6 -9.6 -3.1 0.9
1152.4 -249.2 40 -34.8 -6.5 -16.3
2675.4 76.3 3.1 -9.2 8.3 5.6
1.2 8.5 8.3
440.5 39.9 -17.7 -9.6 -3.1 1
1152.9 -249.6 39.8 -34.4 -6.8 -15.9
2675 75.3 2.4 -9.3 7.6 6.1
1.2 8.3 8.7
440.4 39.8 -17.9 -9.7 -3.2 0.9
1152.1 -248.8 39.4 -34.6 -6.5 -16.7
2673.1 74.9 0.6 -10.2 7.6 5
1.3 8.5 8.5
440.5 40 -17.7 -9.7 -3.1 1
1153 -249.6 40.5 -35.3 -5.6 -17.3
2673.3 75.3 2 -10 8.5 5.6
1.3 8.4 8.3
440.6 39.8 -17.9 -9.7 -3.1 1
1153.4 -250.5 41.1 -36 -5 -17.8
2673.4 73.7 0.9 -10.8 8.5 5
1.3 8.5 8.3
440.7 39.8 -17.8 -9.7 -3 1.1
1154.2 -251.6 41.9 -36.2 -4.7 -17.8
2674 72.8 1.4 -10.4 8.9 6.1
1.3 8.4 8.3
440.8 40.1 -17.6 -9.8 -2.9 1.2
1155.1 -252.5 43.2 -37.3 -4 -18
2674.1 73.6 3.7 -11.9 9.1 7.1
1.3 8.3 7.4
441 40.1 -17.5 -9.7 -2.9 1.2
1155.7 -253.7 44.7 -38.5 -3.2 -18.8
2674.8 73.7 5.1 -12.1 9.3 6.7
1.3 8.6 7.2
441.2 40.2 -17.4 -9.6 -2.9 1.2
1157.2 -255.5 45.9 -39 -2.5 -19.2
2676.3 72.8 5.9 -11.1 9.7 6.9
1.3 8.6 7.1
441.5 40.2 -17.5 -9.6 -2.8 1.3
1158.4 -257.2 47.2 -40.3 -1.5 -19.8
2678.1 71.6 5.7 -10.8 10.6 7.6
1.4 8.8 6.7
441.9 40.6 -17.3 -9.5 -2.7 1.3
1160.4 -259.8 49.1 -41.4 -0.6 -20.8
2681.2 72.4 7.1 -10.3 10.5 7.1
1.4 9 6.7
442.3 40.7 -17.2 -9.5 -2.6 1.3
1162.3 -262.4 51 -42.8 0.6 -21.8
2684.1 72.2 7.9 -9.7 11 7.3
1.4 9.3 6.5
442.7 40.8 -17 -9.4 -2.5 1.3
1164 -265.3 53.3 -44.5 1.9 -22.9
2686.6 72 9.4 -9.1 11.1 7.3
1.3 9.7 6.5
443.1 41 -16.7 -9.2 -2.5 1.3
1166.4 -269 56.1 -46.4 3.2 -24.2
2689 71.2 11.5 -8 10.9 6.8
1.3 10.1 6.7
443.6 41.2 -16.3 -9 -2.5 1.2
1168.5 -272.6 59 -48.5 4.6 -25.7
2692.1 71.6 14.3 -6.8 10.2 6.2
1.3 10.7 6.7
444.2 41.4 -16.1 -8.8 -2.3 1.3
1171.6 -277.3 62.1 -51 6.6 -27.4
2695.7 70.8 14.8 -5.8 11.3 6.9
1.3 11.5 7.1
444.9 41.7 -16 -8.6 -2.1 1.3
1174.3 -281.9 65.2 -53.6 8.6 -29.1
2700 70.8 15.4 -4.9 11.7 6.6
1.3 12.4 7.6
445.7 42 -15.7 -8.4 -1.9 1.4
1177.7 -287.6 68.9 -56.8 10.9 -31.4
2704.7 70.7 15.8 -4 12.4 6.6
winner is: 13
