Regression analysis information for: KLH014a_0535
number of formants: 3
number of coeccicients: 5
125.5 43.4 67.2
569.4 188.7 104.7 -98 48.2 -57.7
2006.7 -448.6 -14.3 -15.9 5.7 -6.6
2715.5 -391.2 -59.2 -24 58.2 -8.8
126.4 43.5 67.4
568.8 191.7 102.1 -97.5 45.5 -54.6
2007.7 -449.1 -14.4 -16.6 6.1 -6.5
2716.2 -391.9 -59.4 -24.9 58.5 -9.1
169.3 53.3 82
590.3 150.8 142.7 -140.7 86.1 -94.4
2014.2 -461.9 -1.3 -30.3 19.3 -18.8
2725.7 -409.7 -41.5 -43.1 76.1 -26.9
170.7 53.8 82
591.3 150.2 144.2 -143.3 87.2 -95.1
2014.3 -460.8 -1.6 -30.5 19.2 -17.7
2727.1 -408.7 -40.7 -43.5 76.8 -26.4
175.1 57.4 82.3
591.2 151.2 144.9 -145.8 91.6 -100.3
2012.3 -458.7 1 -33.5 20.7 -17.2
2726 -404.1 -42.2 -41.3 75.8 -25.6
176.1 62.6 82.3
592.3 150.6 146.1 -147.5 92.5 -101.1
2005.7 -443.2 -15.3 -19.6 13 -14.5
2727 -401.7 -42.4 -40.1 75.5 -26
134 57.7 66.9
568.2 199.4 99.4 -99.3 47.1 -55.4
1994.6 -421.8 -32.3 -3.3 -3.7 4.1
2718.1 -379.2 -60.3 -20.6 56.5 -7.8
134.3 56.9 66
569.1 199.5 100.6 -100.4 47.8 -55.7
1994.5 -420.7 -31.6 -3.9 -3.6 4.9
2719.4 -375.5 -59.4 -19.9 55.6 -8.1
133.8 57 64.5
569.4 200.2 101.1 -99.9 48.4 -55.9
1991.7 -415.8 -31.4 -3.2 -6.5 7.1
2720.1 -370.1 -57.3 -18.3 52.9 -7.8
131.4 56.4 61.3
569.2 201.3 101.7 -98.2 48.6 -55.2
1985.5 -405.7 -34.8 1.7 -14.7 15.5
2719.4 -362.2 -57.9 -13.8 48.6 -4.2
131.9 56.4 63.8
569.6 201.2 103.1 -97.6 49.8 -56.5
1987.8 -408.3 -31.7 -0.2 -11.8 11.8
2722.8 -361.2 -52.4 -15.2 50.7 -8.7
79.5 46.3 44.8
545.5 252.3 54.8 -47.2 1.1 -7.4
1979.8 -392.3 -43.2 12 -25.6 26.8
2715 -336.9 -67.9 4.4 30.2 8.7
78.6 45.6 45.9
545.5 252.2 57 -45.4 2.3 -9.2
1979.5 -389.4 -44.3 14.2 -27.1 27.2
2717.3 -331.5 -64.8 6.7 29.4 6.4
78.6 45.5 46.6
546.3 253.1 58.4 -45 2.8 -9.9
1980 -388.6 -42.3 12.7 -26.6 27.7
2720.3 -325.7 -60.6 7.5 28.4 3.7
78.6 44.8 47.9
547.3 254.7 59.3 -44.2 3 -10.1
1981.7 -388.9 -40.9 12.1 -24.9 25.1
2724.1 -319.8 -56.9 8.4 27.6 0
77.1 43.8 46.9
548 256.3 60.7 -43.3 2.8 -10.5
1981 -383.4 -46 17.7 -29.3 28.1
2726.5 -310 -56.1 13.1 23.4 -1.2
77.7 44.4 50.4
549.1 257.6 62.7 -42.7 3.3 -11.3
1984.5 -386.8 -42 15 -26.5 25.2
2731.1 -304.6 -50.9 13.9 23.2 -6.6
77.6 43.8 53.4
550 259.7 64.1 -41.8 3 -11.5
1986.2 -384.9 -44.2 18.1 -27.9 24.9
2736 -296.7 -47.4 16.3 21.2 -10.3
78.5 44.7 57.2
551.5 261.9 66.1 -41.4 3 -11.6
1990.1 -387.8 -41.7 16.9 -26 22.1
2741.5 -289.8 -42.3 17.1 20 -15.9
79.1 43.9 61.3
552.5 264.5 67.8 -40.5 2.4 -11.6
1994.3 -390.3 -39.8 15.6 -23.4 18
2747.6 -281.3 -38.1 17.8 18.9 -21.1
winner is: 16
