Regression analysis information for: KLH014b_0765
number of formants: 3
number of coeccicients: 5
1.8 32.9 10.6
399.6 20 0.3 3.5 -3.5 4.7
2335.1 -326.5 -136.7 -6.6 20 38.2
2753.3 -30.4 -41.8 5.3 -19.4 -15.6
1.8 33.6 11
399.3 20.2 0.5 3.3 -3.5 4.7
2337.5 -327.6 -138.9 -6.4 21.1 39.3
2753.8 -30.5 -42.1 6.1 -19.1 -15.6
1.8 34.4 11.3
398.9 20.6 0.7 2.9 -3.2 4.6
2341.1 -332.8 -139.9 -6.6 21.9 40.1
2753.3 -30.7 -42.8 6.6 -19.5 -16.3
1.9 34.3 11.7
398.6 20.8 0.9 2.6 -3.1 4.6
2344.4 -334.3 -142.8 -6.9 22.9 40.4
2752.8 -31.1 -41.9 7.3 -20.1 -16.9
1.9 35.3 11.1
398.3 21 1.3 2.4 -3.1 4.5
2348.2 -339.5 -146 -4.7 28.6 39.7
2749.1 -31.4 -37.1 8.6 -23.7 -18.4
2 35.8 10
398 21.2 1.5 2.3 -3.2 4.4
2352.8 -341.6 -150.4 -6 32.1 41.2
2744.7 -32.6 -29.6 10.7 -29.6 -22.8
2 38.8 10.8
397.8 21.4 1.6 2.2 -3.1 4.3
2351.3 -346.5 -149.8 1.4 31.8 38.7
2739.8 -33.1 -25.9 12.3 -32.8 -25.6
2 40 10.3
397.5 21.6 1.7 1.9 -2.8 4
2355.3 -356.8 -149 3.5 34.2 41.3
2732.8 -31.3 -23 10.4 -33.1 -27.4
2 41.6 10.1
397.2 21.8 1.8 1.7 -2.6 3.9
2355.6 -361.9 -149.2 10 36 41.8
2727.1 -30.4 -17.8 9.2 -32.7 -27.9
2 42.4 10.4
397.1 22 1.8 1.7 -2.5 3.8
2354.3 -365.7 -143.9 16 30.9 36.3
2724.3 -26.5 -16.7 5.9 -32.1 -31.4
2.1 40.2 11.3
397 22.1 1.9 1.6 -2.5 3.8
2355.2 -368.5 -142.5 16.4 27.7 34.2
2720.4 -24.2 -14.2 1.3 -32.1 -31.6
2.1 38.3 10.5
396.9 22.1 1.9 1.5 -2.4 3.7
2352.6 -373.2 -139.4 19.2 30.2 30.5
2717.6 -24.5 -14.7 -1.2 -29 -29
2.1 34.8 10.5
396.9 22.2 1.9 1.4 -2.3 3.7
2353.2 -372.8 -139.7 16.1 30.8 31.4
2716.5 -23.3 -14.9 -3.4 -25.5 -27.6
2.1 32.2 9.4
396.9 22.2 1.9 1.3 -2.3 3.7
2354.3 -371.5 -138.5 12.4 31.1 28.8
2716.5 -20.7 -14.4 -6.2 -24.8 -26.9
2 29.8 8.5
396.9 22.3 1.9 1.2 -2.2 3.6
2355.4 -370.1 -137.1 7.8 32.6 25.8
2717.3 -18.5 -14.4 -7.7 -24.2 -26.5
2 28 7.9
396.9 22.3 1.9 1.2 -2.2 3.6
2357.6 -366.9 -137 2.4 33.5 24.8
2718.4 -16.1 -14.1 -9 -23.7 -26.6
2.1 25.8 7.4
397 22.4 1.9 1.1 -2.1 3.6
2358.8 -362.3 -137.6 -3 36.1 22.3
2720.1 -13.6 -14.3 -9.7 -23.2 -26.6
2.1 24.6 7.1
397 22.4 1.9 1.1 -2.1 3.6
2362.4 -357.9 -138.9 -8.6 37.1 23.6
2722.1 -10.9 -13.9 -10.1 -22.3 -26.7
2 23.2 7
397.1 22.5 1.9 1 -2.1 3.6
2365.6 -354.4 -139.2 -15.1 39.2 23.1
2724.2 -8.4 -14.1 -9.7 -22.8 -26.9
2 23.7 7.1
397.1 22.5 2 1 -2 3.7
2371.8 -353.5 -138.1 -22.7 39.4 24.8
2726.3 -5.7 -13.6 -9.1 -23.6 -27.5
winner is: 19
