Regression analysis information for: KLH014a_0116
number of formants: 3
number of coeccicients: 5
4.6 107.3 142.9
345.1 39.8 -30.8 10.3 -5.8 1.2
1522.7 -539.2 -123.9 161.5 126.3 6.3
2872.7 -165.2 -118.3 100.3 156.9 -100.2
4.6 109.3 110.3
345 39.9 -30.4 10.1 -6.2 0.4
1517.7 -545.5 -107.9 169.1 115.9 1
2908.7 -224.3 -89.6 121.6 71.8 -18.5
4.4 117.9 103.4
344.8 40.3 -29.7 10.6 -7 0.5
1511 -553.3 -96.7 199 110.1 -43
2935.7 -244.2 -102.4 146.5 68.2 -30.4
4.5 133.3 107.8
344.8 41.3 -29.4 10.6 -7.5 0.6
1515.7 -558.1 -103.2 214.6 115.1 -58.6
2941.6 -237.3 -101.2 145.4 64.7 -40.4
10.5 206.7 123.7
341.8 43.3 -23.2 6.7 -11.6 6.3
1402.4 -524.9 96.3 108.8 32.5 120.7
2887.8 -202 9.2 64.6 -5.3 77.1
4.5 181.5 128.4
344.7 42.9 -28.7 10.6 -8.3 0.5
1456.6 -423 93.3 -57.2 -173.5 102.3
2882.5 -184.3 6.7 62.8 -12.5 65.3
4.6 170.7 122
345.1 43.4 -27.8 10.7 -8.4 1
1445.2 -400.9 114.6 -85.9 -195.4 109.5
2875.9 -172.5 37.8 38.8 -11.7 93.9
4.6 182.7 129
345.2 43.9 -27.6 10.5 -8.7 0.4
1447.4 -381.8 117.6 -97.8 -229 94.3
2878.2 -159.8 27.4 41.5 -21.8 86
4.7 216.9 128.4
345.5 44.7 -26.9 10.7 -8.4 0.1
1455.9 -350.5 128 -127.8 -281 77.3
2886.9 -157.7 30.4 46.2 -28.7 86.2
4.8 262 163.3
345.8 45.4 -26.3 10.7 -8.2 -0.3
1513 -354.8 24.5 -69.5 -233.8 -36.4
2915.3 -154 -25.9 85.3 2.5 29.8
4.8 284.6 163.3
345.9 46 -25.8 11 -7.5 -0.5
1522.3 -372.1 -15.5 -44.3 -167.5 -29.7
2915.7 -162.4 -15.6 92.2 7.8 48.4
4.8 333.3 154.6
346.4 46.5 -25.2 11.3 -7.4 -0.6
1575 -357.1 -77.4 -28.9 -192.4 -123.9
2943.6 -161.5 -55.4 113 36.4 -14.6
4.7 309.6 180
346.5 46.9 -24.9 11.7 -6.8 -0.7
1551.4 -391 -75.4 15.1 -138.9 -83.1
2976.6 -134.5 -74.4 74.9 -13.2 -32.8
4.7 302.7 147.2
347.1 47.3 -24.5 11.7 -6.8 -0.9
1553.3 -390 -75.5 17.1 -140.8 -83.1
2966.9 -156.1 -64.4 112.1 17.1 -24.4
4.7 305.5 148.3
347.7 47.9 -24 12 -6.6 -0.9
1561.2 -388.6 -81.8 19.9 -146.6 -86.8
2990.2 -152.5 -71.8 111.9 -9.1 -31.5
4.8 305.1 146.9
348.2 48.5 -23.4 12.2 -6.3 -1
1564.5 -387.6 -85.9 23.7 -142.5 -88.3
2998 -147.4 -71.3 107.9 -13.6 -29.2
5 310.4 150.7
348.8 49.5 -22.5 12.5 -5.9 -1.1
1554.1 -377.2 -85.8 33.7 -140.5 -96
2984 -117.3 -73.9 104.3 0.6 -32.7
5 312.6 173.1
349.1 50.3 -21.8 13.1 -5.8 -1.5
1568.6 -377.3 -94.7 28.6 -152.8 -102.1
3003.7 -104.7 -98.7 107.4 -10.5 -80.2
5.2 318.6 157.6
349.8 51.5 -21 13.5 -5.5 -1.2
1561.3 -385.8 -93.9 58.2 -134.4 -117.1
2985.5 -82.5 -106.4 122.8 25.8 -112.9
5.4 323.4 171.7
350.5 52.7 -19.8 14.2 -4.9 -0.7
1566.6 -380.8 -90.4 36.7 -130.4 -106.9
3005.3 -83.2 -76.2 83.6 -8.6 -54.6
winner is: 2
