Regression analysis information for: KLH014b_1139
number of formants: 3
number of coeccicients: 5
7.3 9.5 91.4
697.3 -0.8 -109 -17.5 -20.8 -4.9
1771.7 -95.6 -43.8 -34 -25.3 -0.8
2415 -215.9 32.5 131.3 175.3 -132.5
7.3 9.5 79.8
698.3 0.3 -109.9 -16.6 -20.2 -4.6
1772 -95.3 -43.8 -33.6 -25.4 -0.9
2426.4 -185.6 26.4 146.8 181.2 -109.9
7.3 9.6 78.3
699.3 1 -110.4 -16.8 -20.2 -5
1772.5 -94.4 -43.7 -34.2 -25.9 -1.5
2442.7 -144.2 25.4 150.6 179.6 -108.2
7.4 9.4 71.6
700.8 2.3 -110.4 -16.6 -20.4 -4.6
1773.5 -93.4 -43.4 -34.4 -26.8 -2.1
2474.9 -123.1 36.5 152.9 188.8 -92.6
7.4 9.5 70.3
701.9 2.2 -110.5 -16.2 -20.5 -4.8
1773.9 -93.3 -43.3 -34.5 -27 -2.3
2505.7 -101.5 69.7 160.3 191.9 -93.7
7.5 9.5 68.6
703.6 3.4 -110.7 -16.2 -20.6 -4.6
1774.9 -92.3 -43.2 -34.7 -27.9 -2.8
2548.1 -68.8 100.2 161.9 203.9 -85.1
7.4 9.5 70.5
705 3.5 -111 -16.1 -20.8 -4.7
1775.6 -92 -43.2 -35.1 -28.3 -3
2587.5 -35 133.7 166.2 205.9 -85.8
7.3 9.5 66.4
706.5 4.2 -111 -16 -20.8 -4.6
1776.3 -91.5 -43.2 -35.4 -28.8 -3.2
2621.7 -14.9 148.8 151.5 195.1 -96.2
7.4 9.7 62.5
707.8 5.7 -110.9 -15.8 -21.3 -4.5
1777.1 -90.6 -43.1 -35.6 -29.6 -3.6
2648.3 8.6 155.3 136.6 175 -111.9
7.4 9.7 59.4
709 6.1 -110.9 -16 -21.5 -4.3
1777.7 -90.2 -43.1 -36 -29.8 -3.7
2671.9 27.1 156.7 116.8 157.5 -124.4
7.6 9.8 57.2
710.1 7 -110.5 -15.7 -21.8 -4.2
1778.4 -89.6 -42.8 -36 -30.5 -4.1
2697.5 33 171.1 100.8 135.1 -141.2
7.6 9.8 66.1
711.6 7.3 -110.5 -15.3 -22 -4.1
1778.9 -89.3 -42.7 -36.3 -30.8 -4.3
2721.1 56.3 169 85.1 109.1 -158.8
7.7 10 65.3
712.8 8.2 -110.2 -15.5 -22.2 -4.1
1779.7 -88.9 -42.7 -36.4 -31.3 -4.5
2752.6 60.9 180.3 52.6 84.3 -176
7.7 10.1 63.1
713.9 8.8 -110.3 -15.5 -22.9 -4
1780.3 -88.4 -42.8 -36.7 -32 -4.6
2773.6 68.1 176.4 30.1 64 -177.8
7.5 9.9 60.2
714.8 9.3 -110.3 -15.5 -23.6 -4.2
1780.7 -87.9 -42.9 -37 -32.3 -4.8
2784.3 86.2 163.1 13.4 48 -183
7.5 10.1 52.9
715.8 10.3 -110.1 -15.6 -24.4 -3.8
1781.4 -87.4 -42.9 -37.2 -33.1 -4.9
2799.5 82.6 162.2 0.5 40.7 -170.5
7.3 10 49.8
716.7 9.8 -110.1 -16.3 -25.1 -3.5
1781.8 -87.4 -42.9 -37.8 -33.4 -4.7
2817.3 85.7 157.3 -20.6 27.2 -160
7.1 10.1 54.1
717.8 10.4 -109.6 -16.3 -25.6 -3.1
1782.5 -87.1 -42.7 -37.9 -34 -4.8
2834.9 83.5 158.8 -35.6 15 -151
7 10.1 48.3
718.4 9.4 -109.9 -16.8 -26.4 -2.8
1782.8 -87.5 -42.8 -38.3 -34.2 -4.5
2847.6 79.1 158.6 -44.4 6.6 -138
7.1 10.2 45.7
719.2 8.6 -110 -16.7 -26.9 -2.8
1783.2 -87.7 -42.8 -38.4 -34.5 -4.5
2853 77.4 155.9 -41.4 1.5 -132.2
winner is: 20
