Regression analysis information for: KLH014b_0032
number of formants: 3
number of coeccicients: 5
56.6 140.4 86.5
560.5 -85.3 107.9 -110.5 -5.9 25.3
1386.9 -463.7 517.5 -228.4 61.7 113.4
2827.1 -361.6 157 -411.2 -30.5 140.8
45.5 139.8 81.9
574.7 -108.7 109.5 -86.4 -37.4 45.4
1423.7 -519 523.7 -181.2 -6.4 162.6
2852.5 -391.8 163.6 -395.8 -65.1 167.7
45.2 142.7 80.9
572.7 -110.9 110.2 -83.9 -35.6 44.1
1424.8 -522.8 525.1 -177.7 -9.5 165.9
2855.2 -392.1 156.7 -392.1 -67.2 174.7
45.3 146.3 82
570.8 -111 111.2 -82.5 -35.5 41.9
1426.8 -528.1 528.2 -175.5 -13.6 169.9
2859.6 -393.6 155.2 -395.9 -74.8 178.4
44.6 148 88.4
568.6 -114 111.3 -79.8 -33.3 41.4
1427.7 -533.1 529.8 -173.3 -15.1 172.9
2855 -402.4 151 -396.4 -73.3 187.8
44 152.9 86
567 -113.1 111.1 -78.5 -33.9 39.5
1431.8 -541.9 534.7 -172.3 -20.2 179.2
2865.9 -413.1 158.2 -403.7 -86.6 179.3
44 155.8 85.7
566.1 -113.6 110.4 -77.1 -34 38.5
1434.1 -546.3 537.4 -172.1 -21.9 182.1
2874.4 -419.8 158.1 -412.4 -85.6 178.4
43.9 159.8 88.9
565.2 -113 110.4 -76 -33.5 37.3
1437.2 -552.1 540.4 -170.3 -26.2 187.4
2880.2 -427.3 165.3 -414.2 -88.6 174
44.5 164.1 99.9
563.2 -113.6 111.8 -73.1 -32.1 35.4
1439.2 -558.1 544 -167.6 -29.5 192.1
2877 -441.9 183.4 -404.1 -95.9 168.8
43.9 168.3 107.2
562.9 -113.9 110.6 -72.5 -32.4 35.1
1441.9 -562.6 546.1 -166.8 -33.1 197.9
2877.4 -467.5 194.8 -393.8 -85.6 167.5
44 172.1 118.2
562.6 -113.3 110 -72.1 -31.8 34.6
1442.9 -564.8 547.1 -166.6 -34.9 202
2865.5 -429.6 157.9 -381.4 -93.1 149.2
44.5 177.8 119.8
561.7 -112.8 110 -72.2 -31.3 32.8
1446.2 -569.7 548.6 -162.8 -41.6 209
2830.5 -390.3 136.6 -347.6 -85.4 103
45.4 178.2 111.5
561.2 -111.9 110.1 -71.9 -29.1 31.9
1444.5 -567.2 547.1 -161.9 -40.6 208
2802.1 -372 117.7 -307.5 -40.3 70.1
45.7 167.5 109
561 -111.7 109.9 -71.7 -28 31.3
1433.9 -550.4 540.3 -167.7 -25.3 189.1
2799.1 -372.9 113.8 -290.6 -24.7 58.8
46.2 157.9 107.1
560.8 -111 109.3 -72.3 -26.9 31.1
1421.3 -526.4 521.9 -158.3 -24.3 175.9
2818.1 -376.6 109.1 -289.5 -35.3 80.9
48.5 175.4 78.7
559.9 -109.4 110.1 -73.7 -24.2 29.9
1439.6 -558.2 543.9 -162.8 -36.1 203.1
2851.6 -435.1 151.2 -274.1 -43.1 105.1
50.2 147.4 93.5
558.6 -106.5 109.5 -76.1 -21.6 28.5
1408.5 -504.4 511.9 -161.1 -12.3 160.1
2837.4 -375.1 103.8 -267.7 -38.4 74.5
40.9 146.6 87.2
573.2 -125 106.7 -53.2 -48.5 39.8
1431.5 -530.7 492.2 -105.1 -66.1 167.4
2859.4 -392.4 101 -227.2 -72.1 62.5
42.1 151.7 85.8
573.3 -123.7 106.9 -55.1 -47.9 39.7
1440 -543.4 499.5 -102.6 -77.4 183.2
2881.8 -384.6 94 -231.5 -84.2 64.6
45 168.3 82.9
572.5 -121.2 108.3 -58.8 -45.7 40.2
1469.1 -590.9 527 -97.9 -109.8 234.3
2929.5 -421 119.5 -234.3 -108.2 98.7
winner is: 2
