Regression analysis information for: KLH014a_1156
number of formants: 3
number of coeccicients: 5
12 11.9 16.5
653 -11.6 -85.4 37.2 7.6 12.3
1859.3 -95.5 59.4 -19.3 13.2 25.7
2595.8 40.4 101.9 14.9 124.4 -1
12.2 12.8 16.7
646.6 -24.8 -96.7 24.7 -2.5 7.3
1856.3 -96.3 58.1 -24.6 15.6 24
2588.1 37.3 89.2 12 125.9 2.4
12.8 13.1 17.7
638.5 -28.9 -105.6 20.3 -3.6 1.6
1857.9 -97.9 59.5 -21.1 15 28.1
2597.3 41.3 103.6 12.4 132.6 1.9
12.2 13.8 18.1
635.8 -30.3 -109 17.9 -4 0.8
1857.2 -98.8 59.1 -22.2 15.8 28.7
2597.3 40.1 102.8 10.3 136.8 3.4
10.8 14.4 18.6
631.7 -30.7 -111.8 17 -5 -1.1
1855.7 -99 58.6 -22.6 16 29
2594.1 43.4 102.7 10.6 139.2 0.2
9.4 14.7 17.5
629.3 -31 -113.8 16.7 -4.8 -1.5
1854.2 -101.1 57.5 -22.5 16.5 30.1
2589.8 39.5 100.1 9.7 141.4 -0.1
8.5 15.1 18
627.6 -32.2 -115.5 15.9 -5.1 -1.8
1852.7 -102.6 55.8 -24.1 16.6 30
2584.9 34.7 92.6 5.2 141.3 -2
7.4 15.2 19.5
625.9 -30.3 -116.8 15.3 -4.4 -3.5
1850.5 -100.3 54.3 -25.7 18.3 27.7
2578.7 41.5 86.2 3 145.4 -9
7 15.4 19.1
625.7 -29.2 -116.6 15.2 -4.4 -2.9
1850.3 -101.4 53.2 -26.7 16.1 28.4
2575.3 36 80 -3.8 139.1 -11.5
6.3 15 21.6
625 -29.6 -116.9 15.2 -5.5 -3.3
1849.1 -101 51.8 -27.6 15.4 27.2
2570.2 34.6 75.5 -6.3 135.2 -13.9
5.6 14.8 21.5
625.5 -28.3 -117.2 15.8 -5.2 -3.2
1848.7 -102.6 48.6 -28.9 12.2 26.2
2563 23.9 59 -17.1 124 -22.6
5.6 14.7 20.8
626 -28.1 -117.6 16.1 -5.7 -2.9
1848.7 -100.4 47.4 -28.6 11.5 25.8
2562.7 31.7 54.6 -13 123.3 -21.3
5.4 14.3 21.4
626.3 -27.5 -118.2 15.9 -5.6 -3.4
1849.2 -100.4 45.6 -28.7 9.7 25
2561.7 30.5 49.1 -16.2 122.2 -22.7
4.9 14.3 22.7
627.1 -27.1 -118.2 16.7 -5.6 -3.1
1848.7 -102.6 42.1 -30.2 6.6 23.6
2556 19.7 35.9 -24 114.1 -27.1
4.7 14 22.6
627.9 -27.5 -118.3 16.9 -6.3 -3.3
1850.9 -101.7 42.9 -29.8 5.6 23.3
2562.2 25.8 41.5 -21.2 115.9 -26.6
4.7 14.3 22.9
629 -27.1 -118.9 16.9 -6.8 -3.2
1852.8 -102.2 42.2 -29.7 3.2 23.6
2564.7 26.1 39.9 -22.2 116.1 -25.2
4.6 14.3 23.9
633.8 -27.3 -116.7 18.3 -8.7 -1.6
1851.1 -102.4 38.3 -34.3 4.2 18.3
2556.9 21.4 17.8 -22.6 110.9 -24.8
4.9 14.9 23.4
635.3 -26.9 -117.3 18 -9.5 -1.7
1855.8 -101.2 40.1 -33.2 0.4 19.4
2566.1 31.2 22.8 -19.8 112.8 -22.9
4.7 15.6 23.8
632.4 -28.1 -120.8 17.6 -8.5 -3.4
1860.8 -103.9 41 -28.4 -4.4 24.9
2577.9 31.9 38.1 -20.7 119.9 -22
4.5 16.1 23.9
633.1 -28.3 -120.8 18.2 -8.7 -3.3
1861.5 -106.8 40.2 -28.5 -5.2 25.8
2577.7 25.9 37.2 -22.1 121.4 -20.6
winner is: 1
