Regression analysis information for: KLH014b_1310
number of formants: 3
number of coeccicients: 5
31.7 26.9 31.1
867.5 49.8 -121.3 -0.9 34.8 17.6
1245.3 -5.3 -24.6 53.5 -3.1 -34.2
2470.3 -116.3 35.9 1 1.6 -20.4
32.2 26.6 28.4
869.8 54.4 -121.6 -5.7 33.9 20.6
1245.3 -2.5 -28.8 54.1 -0.3 -29.5
2473.3 -112.7 36.4 -1.6 3.9 -19.3
34.5 25.7 23.5
870.1 56.3 -120.2 -7 31.1 20.3
1242.3 -0.8 -26.8 54.3 -3.4 -26.3
2472 -108.2 35.3 -3.2 0.9 -16.3
38.5 25.5 15.9
869 62.5 -117.4 -4.7 26.2 24.4
1237.5 1.6 -21.1 54.3 -8.4 -22.2
2469.3 -95.4 36.2 3.1 -5.9 -3.5
40.3 27.4 15.1
869.5 61.8 -110.9 -4.7 22.9 20.2
1234.5 1.5 -16.5 54.3 -11.5 -21.8
2470.8 -95.6 41.5 0.8 -7.9 -3.1
44.6 29.2 14.3
867.6 68.5 -107.9 -6.4 15.6 27.2
1231 1 -9.8 51.9 -14.2 -18.9
2466.6 -87.6 46.5 -1 -16.1 9.6
47 30.2 14.5
867.6 70.3 -103.7 -5.6 12.1 23.7
1228 -1.2 -3.1 51.9 -18.2 -19
2465.8 -86.2 52.9 -2.4 -19.6 10.8
50.4 32.6 15.7
870.1 67.4 -96.2 -6 6.6 21
1225.2 -1.1 -2.1 53.3 -19.9 -19.1
2468.6 -90.7 58.5 -1.9 -25 10.4
54.3 37.3 18.4
873.4 64.7 -83.2 -8.3 -1 20.6
1221.9 0.9 -4.1 54.9 -19.2 -18
2470.8 -92.5 69 -2.3 -30.8 14.5
58.8 42.6 21
876.8 60 -70.1 -9.3 -8.3 16.2
1219 3.2 -8.2 56.9 -18.3 -14.9
2472.7 -95.2 77.3 -1.6 -36.2 16.2
63.2 47.3 25.3
882 58.4 -59.9 -13.5 -15.6 13.8
1215.3 4 -13.2 60 -15.7 -12.4
2474.5 -98 82.7 -2.8 -41.2 18.3
64.6 51.2 27.9
887.5 55.9 -51.7 -17.2 -20.1 8.8
1212.1 5.5 -18.5 64.7 -15.2 -7.8
2477.1 -99 85.1 0.3 -46 20.1
66.1 57.3 33.7
891 56.6 -41.8 -18.9 -28.5 4.5
1208.2 8.8 -27.5 69.8 -13.3 -4.5
2479 -99.5 87.5 4.7 -53.1 21.3
65.6 61.4 41
888.3 70 -46.1 -17.8 -32.3 -5.6
1203.8 14.9 -36.3 78.9 -16.1 -0.4
2480.1 -94.3 84.5 12.3 -59.6 22.4
84.7 87.3 69.6
874.5 102.2 -66.9 -9.6 -32.4 -26.5
1244.7 -59.6 19.1 54.3 -19.1 38.9
2507 -136.6 116.5 1 -65.3 42.9
63 168.6 115.8
908.8 46.3 -23 -31.4 -35.7 -4.2
1321 -196.7 122.6 5.5 -23.5 100.7
2561.6 -230.7 186.1 -31.1 -67.6 78.2
62 178.1 126.7
915 43 -17.9 -33.9 -35.8 -9.9
1388.8 -320.1 213.1 -40.9 -17.5 127.4
2619.9 -328.4 254.4 -56.8 -76.1 109.4
62.4 187.9 132.9
918.5 46.6 -15.3 -34.7 -41.3 -9.3
1376.9 -298.4 185.9 -12.4 -41.5 150.5
2617.4 -318.1 243.8 -43.9 -87.6 117.4
60.3 133.4 93.7
927.5 43.6 -13.1 -41.2 -37.5 -13.4
1415.2 -377.3 256.2 -70.9 9 98.5
2646.5 -368 289.1 -87 -44.4 71.1
59.1 61.1 44.7
932.6 41.4 -14.6 -41.6 -36.7 -14.3
1452.9 -450.5 323.1 -129.4 61 41
2697.9 -452.7 342.3 -104.6 -45.5 73
winner is: 4
