Regression analysis information for: KLH014a_1184
number of formants: 3
number of coeccicients: 5
1.9 1.3 0.6
443.6 43.5 -3.2 15.2 6.7 8.7
1458.4 166.6 28.2 1 17.9 12
2684.3 -14.5 -3.1 -3.8 3 -0.8
2 1.4 0.4
446.2 46.8 -1.5 16.2 7.1 8.7
1459.3 167.1 28.5 0.6 17.5 11.8
2683.9 -14.4 -2.7 -3.7 3.2 -0.4
2.2 1.3 0.4
448.4 49.3 -0.6 16.6 7.2 7.9
1460.8 168.1 28.2 0.5 17.6 10.8
2684 -14.3 -2.4 -3.5 3.4 0
2.4 1.3 0.4
449.8 51.6 0.2 16.8 7.1 7.8
1461 168.4 28.4 0.4 17.5 10.8
2684.6 -14.1 -2.2 -3.6 3.6 0
2.6 1.4 0.4
450.3 52.8 1.7 17.1 6.5 7
1461.7 169.4 28.9 0.1 17.3 10.6
2685.3 -13.8 -2.1 -3.7 3.8 0.1
2.7 1.2 0.4
446.7 46.3 -3.9 13.5 3.7 5.2
1461.1 168.1 28.6 -0.1 16.8 10
2686.2 -13.4 -1.7 -3.9 3.9 0.1
2.7 1.3 0.4
446.8 46.1 -4 13.3 3.2 4.9
1461.8 168.6 28.5 -0.1 16.8 9.8
2686.9 -13.3 -1.5 -4.1 4 0
3 1.2 0.4
446 44.7 -5.4 12.5 2.3 4.1
1461.9 168.5 28.4 0 16.6 9.4
2687.6 -13.2 -1.3 -4.3 4.1 -0.2
2.7 1.1 0.4
444.8 43.5 -6.5 11.9 1.7 3.9
1461 168.3 28.1 0.1 16.2 9.5
2688.1 -12.5 -1.5 -4.2 4 -0.3
2.6 1.2 0.4
443.2 40.7 -8.5 10.6 0.8 3.5
1460.9 168 27.2 -0.2 15.8 9.3
2688.4 -12.3 -1.7 -4.1 3.8 -0.4
2.5 1 0.3
441.6 38.8 -9.9 9.7 0.1 2.8
1459.6 167 26.8 -0.5 15.1 8.7
2688.3 -11.7 -2.1 -4.2 3.7 -1
2.3 0.8 0.4
439.9 36.5 -10.3 9.7 0.7 3.5
1458.4 166 26.5 0 15.7 9.2
2687.4 -11 -2.4 -3.9 3.9 -1.1
2.1 0.8 0.5
438.1 34.2 -11.1 9.7 0.4 3.8
1456.6 163.6 26.6 -0.1 15.2 9.5
2687 -13.4 -1.3 -3.3 3.4 -1.1
2.1 0.8 0.6
437.3 33.1 -11.6 9.4 0.1 3.6
1455.7 162.2 25.9 -0.3 14.8 9.4
2686.1 -14.3 -1.5 -2.9 2.8 -1.5
2.1 0.8 0.5
436.8 32.1 -11.9 9.1 -0.2 3.5
1455.1 161.1 24.9 -0.8 14.4 9.1
2685.1 -15.4 -2 -2.9 2.2 -2
2 0.9 0.7
436.4 31.6 -12.1 9 -0.1 3.6
1453.9 160.1 24.6 -0.9 14.3 9.4
2683.8 -15.9 -2.8 -2.4 1.9 -1.8
2 0.9 0.7
436.3 31.3 -12.1 9 -0.1 3.5
1453.9 159.7 24.3 -1 14.2 9.2
2683.2 -17 -2.6 -2.4 1.7 -2
2 0.9 1
435.9 31 -12.1 8.5 0.2 3.6
1452.4 159 23.8 -1.5 14.2 9.5
2679.4 -14.9 -5.2 -2.4 2.2 -2.5
1.9 0.9 0.8
435.7 30.7 -11.5 8.5 0.2 3.6
1451.9 158.8 24.3 -1.2 14.2 9.6
2676.5 -15.5 -3 -1.7 2 -2
1.9 1.1 1.3
435.3 30.3 -12 8.4 -0.1 3.9
1450.3 155.9 23 -2.3 13.8 10.1
2673.6 -23.4 -5 -3.9 0.8 -1.3
winner is: 13
