Regression analysis information for: KLH014b_1533
number of formants: 3
number of coeccicients: 5
16.7 72.2 45.1
520.9 185.3 -13.1 -44.1 -34 -14.6
1808.6 -748.5 -50.1 53.6 -98.9 82.1
2774.6 -49.5 109.1 40.8 -13.6 34.8
16.2 74.4 40.3
520 183.6 -12.5 -43.2 -32.3 -14.2
1808.6 -749.3 -52.2 56 -101.6 84.9
2783.5 -62.9 118.8 39.6 -19.4 47.7
14.9 39.9 40.4
518.8 180.9 -12.9 -42.6 -30.2 -13
1823.4 -786.6 -22 20.7 -69.6 48.4
2785.4 -64 121.1 39.4 -18.8 48
13.9 22.2 39.9
517.3 178.7 -11.8 -40.6 -28.6 -13.2
1832.7 -806.1 -4.9 5.4 -53.5 31.2
2786.6 -65.1 122.7 40 -18.7 47.2
11.5 19.9 39
513 170.9 -17.4 -44.4 -30 -12.6
1825.7 -816.3 -15.8 -1.2 -66.3 25.1
2787.2 -65.6 126.3 40.1 -18.7 47
11.3 19.6 37.5
513.8 173.2 -14.2 -40.7 -26.7 -9.9
1827.6 -810.8 -9.5 3.6 -62.7 31.5
2786.7 -66.1 127.5 39.1 -18.3 46.6
10.6 19.6 36.9
513.7 172.8 -14.2 -40.2 -25.8 -9.3
1826.9 -811.1 -10.5 4.2 -63.7 31.8
2787.5 -66.4 128.8 38.4 -16.9 45.6
9.6 18.9 35.9
512.4 170.6 -15.2 -39.6 -24.3 -7.9
1827.3 -814.2 -13.1 5.6 -64.8 30.3
2788 -67 129.3 39 -14.8 44.6
8.6 18.3 34.2
511.3 168.9 -15.6 -38.4 -22.4 -6.5
1828.6 -817.3 -15.4 6.9 -65 28.3
2787.4 -68.1 129.2 40.4 -11.2 44
9.4 16.9 34.2
505.9 159.2 -23.6 -43.4 -26.1 -9.5
1826.9 -824.5 -20.2 4.2 -67.5 22.1
2782.6 -75 124.9 38.3 -7.8 41.9
9.5 17 34.2
508.4 164.1 -19.8 -40.6 -25.2 -9.5
1829.4 -825.1 -20.9 6.8 -67.1 19.2
2785.9 -70.2 128.7 40.5 -7.3 38
10 17.3 34.5
506.2 159.7 -23.9 -43 -26.9 -10.4
1830.1 -827.5 -20.7 5.8 -65.4 16.3
2783.6 -76.2 125.2 38.5 -7.9 38.4
10.4 18.4 35.4
506.5 160.9 -23.9 -42.2 -27 -10
1834.1 -832.5 -19.8 5.9 -63.2 11.8
2785.4 -75.7 124.7 41.5 -9.6 40
10 18.8 35.3
507.2 162.2 -23.2 -40.8 -25.8 -8.8
1837.4 -835.7 -21.4 8.3 -62.2 8.6
2787.8 -76.1 125.5 44.4 -8.3 42
10.2 19.3 38
505 157.9 -27.4 -42.9 -26.9 -8.8
1840.3 -839.1 -21.9 9.8 -59.8 5.2
2783.2 -88.2 116.6 41.9 -8.7 45.7
11.4 20.2 37.6
505.3 158.4 -27.9 -43.5 -28.3 -10.4
1844.9 -842.7 -24 13.2 -58.9 1.6
2786.7 -86.9 116.2 43.1 -13.3 41.8
10.9 21.2 38.9
505 157.5 -29.2 -43.5 -28.2 -9.6
1848.4 -846.4 -25.8 16.5 -58.3 -1.8
2786.2 -92.2 112.5 43.5 -13 44.5
10.7 22.5 38.7
503.8 155.5 -31.7 -44.8 -29.2 -9.6
1852.7 -848.5 -28.4 21.5 -58.6 -4.4
2780.9 -101.2 100.9 40.7 -16.5 44.8
11.4 25.2 37.3
505.3 158.5 -30.6 -43.7 -29.4 -9.8
1850.8 -842.8 -39.1 31.9 -66.7 2.5
2784.8 -84 100.6 52.1 -21.7 46.3
11.1 26.2 40.9
505.6 158.8 -31 -43.7 -29.6 -9.4
1853.4 -842.4 -47.2 41.2 -71 2.9
2783.1 -78.4 91.3 60.1 -28 52.8
winner is: 10
