Regression analysis information for: KLH014b_1453
number of formants: 3
number of coeccicients: 5
4.4 3.8 7.1
562.9 129.4 31.7 59.1 13.5 22.6
1141.7 78.3 66.9 34.5 16.6 6.6
2667.5 -40.3 -27.2 47.5 34.3 30.7
5 3.9 7.5
560.6 127 30.1 58.5 13.4 22.8
1139.4 76.5 65.6 34.2 16.6 6.3
2667 -39.7 -25.6 50.4 34.9 31.1
5.1 3.9 7.5
559.7 125.3 29.7 57.9 13.2 22.7
1138 75.4 65.6 33.5 16.3 6.2
2666.7 -39.3 -22 52.9 35.2 31.9
5.4 4 7.7
557.8 123.8 28.3 57.5 13.4 22.8
1136.1 74.3 64.5 32.9 17 5.6
2665.5 -38.9 -19.7 56.7 37.1 31.5
5.7 3.9 8.6
556.4 121.3 26.9 56 12.8 22.7
1134.2 72.8 63.2 31 16.7 5.1
2664.6 -38.4 -15.9 58.2 37.6 33
5.6 4.1 10
553.4 117.6 23.8 54.3 11.7 21.8
1130.8 70 60.1 29.7 15.7 3.8
2658.2 -39.5 -14.3 64.2 38 32
5.9 4.1 10.8
552.8 116.5 23.4 53.7 11.8 21.7
1129.9 69.5 60.1 28.5 16.2 3.6
2656.4 -40.1 -9.8 65.5 40.4 33.1
5.6 4 13.6
551.1 114.3 20.8 51.6 10.4 20.3
1127.9 68.1 57.3 26.3 15.5 1.4
2653.6 -38.1 -10.8 65.6 42.1 31.4
5.6 4 15.1
550.1 112.8 19.5 50.8 10 20.3
1127.1 66.7 56.4 25.4 15.3 1.3
2652.6 -38.5 -10.9 65.1 42.8 32.7
5.6 4 15.8
549.4 111.1 18 49.1 9.1 19.7
1126.2 65.7 55 23.7 14.5 0.7
2650.8 -38.4 -11.1 64.1 43.5 34.5
4.5 3.3 15.4
546.4 107.2 14.3 45 6.3 17.5
1123.2 62.7 52.6 19.1 12.9 -1.2
2639.7 -41 -9.6 49.3 39.9 34
4.3 3.1 15.9
545 104.3 12.2 43.2 5.1 16.2
1121.7 61.2 50.7 17.4 12.4 -2.9
2631.3 -47.1 -15.2 44.6 40.2 27.5
3.7 2.8 11.9
544.1 103.1 10.5 41.6 3.6 14.9
1121.5 59.8 49.8 16 11.6 -3.9
2629.3 -53.3 -21.8 36.5 34.8 21.3
3.7 2.8 9
543.1 100.7 7.9 39.2 2 13.5
1121.1 58.1 48 14.3 10.6 -4.8
2624.6 -66.1 -37 23.6 27.3 14.6
3.6 2.9 9.7
543.5 100.4 7.7 38.8 1.9 13.6
1121.7 58.1 47.9 14.1 10.7 -4.7
2626.7 -67.3 -39.5 22.2 28.7 15.5
3.5 3 9.4
543.5 100.1 7 38.2 1.7 13.3
1122.2 57.3 47.7 13.5 10.7 -4.9
2630 -69.9 -43.6 17.7 28.1 14.3
3.5 3.1 10.5
543.3 98.5 5.8 36.9 1.2 13.2
1122.5 56.5 47 12.8 10.5 -5
2629.1 -78.9 -52.7 11.6 27.3 14.8
3.5 3.2 10.6
543.2 97.7 4.6 35.8 0.6 12.8
1123.1 55.5 46.6 12.3 10.3 -5.1
2632.3 -84 -59.3 5.6 24.6 13.5
3.4 3.3 9.9
543.4 96.6 3.5 34.5 -0.1 12.2
1123.9 55.1 46.2 11.8 10 -5.2
2635.5 -89.4 -66.1 1.1 23.3 12.2
3.3 3.2 9.3
544.8 97.6 4.2 34.6 0.1 12.4
1125 55.3 46.5 11.9 10.1 -5.2
2645.1 -84.1 -64.9 2.2 25.8 13.3
winner is: 1
