Regression analysis information for: KLH014b_0820
number of formants: 3
number of coeccicients: 5
13 11.9 80.4
746.9 9.9 -83.9 3.7 -57.6 2.8
1581.7 -11.6 16.1 8.9 -14.8 14
2542.1 -125.8 -58.1 -52 -22.8 99.9
12.7 11.7 76.4
748.8 12.2 -85.4 3.8 -57.8 0.9
1583.4 -10.2 15 8.8 -15.4 12.4
2582.5 -112 -92.7 -46.9 -14.3 64.6
12.7 11.6 68
751 13.3 -86.8 3.1 -58.4 -0.8
1585.1 -9 14.2 8.3 -16 10.8
2617.2 -94.2 -113.5 -50.3 -17 37
12.7 11.7 56.2
753 15 -87.9 2.8 -59.8 -2.8
1586.5 -7.9 13.2 7.9 -17.3 9.3
2647.6 -79.2 -125 -62.7 -37.5 8.5
12.9 11.6 46
755.2 16.8 -89.1 1.8 -60.7 -4.6
1588.2 -6.4 12.8 7.2 -18 7.8
2665.8 -57 -136.1 -66.8 -40.6 -3.2
13.2 11.7 36.2
758 19.1 -89.8 1.5 -61.9 -6.3
1590.1 -5.1 12.4 7.1 -18.8 6.6
2678 -59.5 -123.5 -57.7 -39.2 -7.6
13.4 11.6 29.6
760.6 20.2 -90.3 0.7 -62.7 -7.8
1591.9 -4.1 12.4 6.7 -19.1 5.5
2691.2 -64.3 -107.3 -51.9 -32.5 -10.9
13.5 11.4 23.3
763.2 22.4 -90.7 0.5 -63.6 -9.4
1593.6 -2.7 12.4 6.6 -19.6 4.3
2701.4 -55.7 -95.3 -40.8 -27.5 -14
13.7 11.4 18.6
765.7 24.6 -90.8 0.3 -64.2 -11
1595.2 -1.6 12.5 6.6 -19.8 3.4
2715.3 -58 -75.3 -39 -14.7 -17.7
14 11.2 19.9
768.1 25.4 -90.3 0.2 -65.3 -12.5
1596.8 -1.1 13.1 6.6 -20 2.3
2733 -65.6 -52.7 -36.2 -5.8 -18.8
14.4 11.3 21.5
770.5 27.2 -89.4 0.3 -65.9 -12.9
1598.3 -0.3 13.8 6.8 -20.3 2.3
2749.2 -62.9 -33.1 -23 -3.5 -3.9
14.6 11.1 20.1
773 27.3 -88.2 0.8 -66.4 -13.4
1599.8 -0.2 14.8 7 -20.2 1.7
2762.8 -60.3 -17.6 -8.8 -2.1 11.7
14.6 11 16.8
775.3 28.4 -87.2 1.3 -66.9 -13.7
1601.3 0.1 15.6 7.3 -20.5 1.7
2772 -54.7 -7.8 4 -0.2 23.7
14.6 10.9 15.4
777.5 28.7 -85.6 2.3 -67.1 -13.5
1602.7 0.1 16.6 7.8 -20.5 1.7
2779.5 -47.4 0.4 17 3.2 34.3
14.9 10.9 19.4
779.4 28.8 -84.7 3.1 -68 -12.8
1603.8 0.4 17.2 8.4 -20.9 2.1
2785.1 -40.9 7.3 26.2 7.4 42.4
14.6 10.7 18.5
780 28.5 -82.9 4.5 -66.9 -12.1
1604.3 -0.1 18.3 9 -20.3 2.4
2784.6 -41.8 5.7 25.4 5.4 40.5
14.8 10.7 18.1
781.3 27.9 -80.9 4.7 -68.5 -11.8
1605.1 -0.5 19.6 9 -20.9 2.4
2784.8 -40.6 6.5 25.2 5.5 39.6
14.7 10.7 17.6
782.7 27.8 -78.8 5.9 -68.3 -10.4
1605.8 -0.7 20.7 9.6 -21 3.3
2784.7 -39.4 7 24.8 6.1 38.7
14.9 10.6 17
784.6 26.7 -77.2 6.9 -68.6 -9.4
1606.9 -1.4 21.7 10 -21 3.6
2785.2 -38.2 8.2 24.9 7.2 38.5
15 10.6 16.7
786.6 25.8 -75.6 7.8 -69.2 -8.2
1608 -2 22.6 10.4 -21.2 4.1
2786.2 -37.2 9.3 24.9 7.6 38.8
winner is: 14
