Regression analysis information for: KLH014a_1137
number of formants: 3
number of coeccicients: 5
20.5 32.1 136.2
939.3 263.6 -116.7 10.3 -12.5 31.4
1519.6 -41.8 44.7 -27.9 -26.4 -1
2667.6 154.5 398.2 -293.8 -59.9 162.4
21.3 17.7 137.6
937.1 269.5 -125.5 14.2 -9.3 32.2
1525.9 -40 26.5 -25.9 -10.4 -0.3
2691.2 172.8 324.4 -283 3 158
26.2 28.7 126.9
930.5 269.2 -116.3 10 -17.5 35.7
1520 -40.3 34.5 -29.8 -18.2 4
2691.8 176.6 327.3 -294.4 25.3 123.9
23.2 28.7 125.9
930.7 268.7 -123.3 10.9 -14.1 32.4
1519.2 -41.1 33.2 -30.3 -18.1 3.7
2689.3 187.1 316.7 -287 29.9 109.7
20.4 4 107.9
934.6 265.4 -135.4 13.7 -5 25.7
1529.7 -43.5 8.9 -21.9 2.6 -8.5
2721.1 186.4 246.6 -259.5 88.6 69.9
20.5 3.6 128.9
933.3 263.1 -139.6 14.2 -5.4 24
1528.8 -43.8 7 -21.2 1.8 -8.3
2704.5 226.6 203.7 -212.1 46.7 103.3
20.5 3.5 128.8
932 257.6 -143.9 14.7 -6.3 23.1
1527.9 -44.5 5.2 -20.2 1.3 -7.6
2703.1 239.5 182 -185.6 25.8 112.1
21.8 10.6 126.6
929.2 249.2 -149.9 14.4 -7.3 20.4
1523.7 -44.9 11.3 -23.8 -3.6 -1.7
2713.7 228.4 183.7 -180.6 21 109.5
36.4 30.3 127.2
915.8 242.2 -139.7 2.2 -21.8 34.9
1514.8 -43.9 26.4 -32.9 -15.4 12.4
2728.2 212.1 186.5 -172 13.8 107.5
21.9 3.2 104.6
922.2 226.8 -166.8 11.4 -10.1 17.3
1526.5 -50.1 2.2 -18.9 1.8 -7.2
2773.7 181.8 134 -133.7 52.3 56.3
35.1 3.2 77.4
904.4 190.1 -196.5 -8.4 -29.2 -0.5
1525.7 -53.1 1.3 -18.3 1.9 -7.3
2821.7 144.5 88.5 -84.2 72.1 -2.7
35.2 3.1 69.7
897.3 168.9 -212.3 -15.5 -35.2 -3.5
1525.5 -55 0.5 -18.1 1.9 -6.9
2841.4 120.9 89.2 -70.7 64.7 -11.3
35.2 3.3 55.5
885.6 149.5 -222.9 -22.8 -46.3 -8.9
1524.6 -57 0.9 -17.6 0.8 -7.4
2869.7 96.8 64.2 -34.6 61.5 -42
31.1 3.2 52.7
881.8 139.1 -225.4 -19.3 -46 -6.1
1524.3 -58.7 1.2 -16.8 0.5 -7.3
2889.1 73.9 61.3 -18.6 51.7 -50.9
31.5 2.7 49.5
877.2 128.6 -225.2 -12.6 -46.1 -11.6
1523.7 -60.5 2.1 -15.2 0.5 -8.5
2900 60.1 65.4 -18.8 47.1 -49.5
31.3 2.9 43.6
875.4 121 -227.8 -8.2 -46.1 -12.2
1524 -62.1 2.3 -14.5 0.6 -8.9
2912.6 41.6 70.6 -13.1 37.7 -46.9
30.7 2.9 33.5
871.3 109.3 -229.3 -1.5 -44.2 -11.5
1523.9 -64.1 2.8 -13.5 0.8 -9.1
2923 26.8 75.3 -11.2 30.4 -45.7
30.5 3 29.9
870 105.1 -228.7 3.2 -44.5 -12.3
1524.2 -65.3 3.4 -13 0.9 -9.6
2928.7 17 79.1 -11.1 27.4 -43.2
30.3 3.1 26.1
866.8 97.3 -226.6 8.9 -45.2 -11.9
1524 -66.7 4.4 -12.4 0.8 -9.8
2935.4 6.1 79.6 -7 18.9 -38.7
30 2.9 20.2
863.9 96.6 -224.1 5.4 -46.4 -5.2
1524 -67.3 5.4 -13.4 0.8 -9
2939.3 -2.5 79.7 -2.3 11.3 -30.6
winner is: 20
