Regression analysis information for: KLH014a_1504
number of formants: 3
number of coeccicients: 5
9.3 15.3 13.9
656.2 90.8 32.3 -21.3 6.3 -2.4
1823.5 -183.8 -81.7 -15.2 -37.5 7.8
2758.4 -58.9 -34.4 6.2 20.3 2.6
9.6 15.2 13.8
655.3 89.1 31.8 -21.7 5 -2.4
1824.1 -184.4 -81.7 -15 -38.2 7.8
2759.3 -59 -34.8 6 20.3 2.2
9.7 14.9 13.7
654.7 87.7 30.6 -22.6 3.9 -2.3
1824.4 -185.3 -82.1 -14.9 -38.7 8.5
2760.3 -59.2 -35.2 6.1 20.2 1.9
9.8 14.7 13.6
653.7 86.2 30 -23.1 2.8 -2
1825 -185.7 -82.3 -14.7 -39.6 8.7
2761.3 -59.5 -35.7 6 20 1.7
9.8 14.4 13.6
652.3 84.7 28.9 -24.1 2.9 -1.3
1824.6 -186.7 -82.6 -14.3 -39.8 9.3
2762.1 -60.4 -36.1 6.9 19.6 1.6
10.2 14.3 13.6
651 83.3 28.9 -24.3 3.3 -0.1
1824.6 -187.3 -82.3 -14.1 -40 10.1
2762.6 -61.2 -36.5 7.4 19.9 1.8
10.2 13.9 13.6
649.8 82.4 28.2 -25.5 2.8 0.3
1824.1 -187.9 -82 -14.6 -40.5 10.8
2763 -61.9 -36.6 7.5 19.3 2
10.2 13.7 13.8
648.6 81.7 27.9 -26.5 2.5 0.2
1823.6 -188.1 -81.7 -14.8 -40.8 10.9
2763.2 -62.7 -36.5 7.7 18.8 2.3
10.3 13.5 13.6
647.4 80.6 27.4 -27.5 2 -0.5
1823.2 -188.2 -81.5 -15 -41 10.1
2763.2 -63.9 -36.7 7.7 18.3 2
10.7 13.4 14.3
646.5 81 27.3 -27.9 2 -0.3
1821.9 -187.3 -81.6 -15 -41.2 10.1
2762.5 -64.1 -36.6 8.1 17.7 2.4
10.8 13.3 14.4
645.9 80.6 27.3 -28.4 2.2 -0.2
1821.6 -186.9 -81.5 -15.3 -41.2 10
2762.3 -64.9 -36.7 8.2 17.5 2.7
10.6 12.8 14.3
645.4 81.1 27.2 -29.1 2.6 0
1820.6 -186.4 -81.3 -16.3 -40.5 10.3
2761.8 -65.2 -36.6 8.1 17.3 3.3
11 13.2 15.6
644.8 81.6 27.4 -29.2 2.4 0.3
1819.4 -184 -81.8 -16.1 -41.3 10.4
2760.1 -64 -36.4 8 15.8 4.4
10.8 12.9 15.4
644.6 82.2 27.4 -30.1 3.3 0.3
1818.4 -182.6 -81.6 -18.4 -38.9 9.7
2759.7 -63.8 -36.6 6.7 17.1 4.5
10.7 13 15.8
644.5 82.2 27 -30.7 3.6 0.4
1817.7 -182.2 -81.4 -19.7 -37.7 9.4
2759 -64 -36.7 5.8 17.5 4.6
10.5 12.9 15.6
644.4 82.7 27.3 -31.2 3.9 0.2
1817.1 -180.5 -81.1 -21.4 -36.3 8.9
2758.2 -62.7 -36.5 4.1 18.3 4.5
10.6 12.8 16
645 83.3 27.2 -31.4 4.2 0.2
1817.2 -180.5 -81.4 -21.9 -35.5 8.4
2758.4 -62 -36.7 3.8 18.8 3.8
10.7 13 16.1
645.3 83.9 27.5 -31.6 4.4 0.2
1817.1 -179.1 -81.6 -23 -34.6 8
2758 -60.2 -37.1 2.5 19.6 3.7
10.8 13.4 16.1
645.8 84.7 27.3 -31.5 4.8 0.4
1817 -178.5 -82.6 -22.8 -34.4 8.4
2758.1 -59.1 -38 3 20.2 3.9
10.8 14 15.7
646.1 85.5 27.6 -31.9 5.1 0.7
1816.5 -177.2 -81.9 -25.1 -32.8 8.6
2757.1 -57 -36.4 0.1 21.4 4.8
winner is: 9
