Regression analysis information for: KLH014a_0619
number of formants: 3
number of coeccicients: 5
2.7 6.1 11.4
661.7 12.8 -16.1 20.4 2.3 -2.8
1603.4 119.4 -0.5 16 -5.1 3.9
2552.8 64.5 -7 7.5 -5.7 -21.7
3 6 11
661.5 12.4 -16.4 20.7 2.6 -2.8
1603 118.9 -0.6 16.8 -4.9 3.9
2550.4 61.2 -6.3 11.6 -3.3 -22.2
2.9 6.1 10.5
661.8 12.1 -16.4 21 2.5 -2.8
1603.5 118.5 -1 17.1 -4.7 3.7
2550.1 59.7 -7.6 13.9 -2.3 -21.5
3 6.1 9
661.6 11.7 -16.6 21.2 3 -2.3
1603.1 118 -1.1 17.6 -4.2 4.3
2547.2 54.3 -7.4 17.9 3.7 -17.8
3.1 6.1 8.6
661.8 11.5 -16.5 21.4 2.6 -2.4
1603.6 117.7 -1 17.7 -4.8 3.9
2547.7 54.2 -7.6 18.4 0.1 -18.2
3.2 6 7.4
662 11.2 -16.4 21.6 2.8 -2.2
1603.6 117.1 -0.9 18.1 -4.4 4.4
2548 50.7 -6.6 19.9 2.3 -16.4
3.2 6 6.8
662.5 11 -16.3 21.8 2.8 -2.1
1604.5 116.9 -1.3 18.1 -4.3 4.3
2550.6 50.2 -8.1 18.8 2.4 -15
3.2 6 6.4
663 11.1 -16.1 21.7 3 -2
1605.2 116.8 -1.4 17.7 -4 4.6
2554 50.7 -8.5 16.3 2.5 -13
3.3 6 6.2
663.5 11.1 -16.2 21.9 3.1 -1.9
1605.7 116.6 -1.6 18.1 -3.8 4.7
2557.4 50.7 -8.8 15.9 2.5 -12.8
3.3 6.1 6.3
664.2 10.9 -15.9 21.7 3.1 -1.9
1607.1 116.4 -1.9 17.5 -3.5 4.8
2562.6 51.9 -10.2 11.9 1.1 -11.6
3.3 6.1 6.4
664.8 11.2 -15.8 21.6 3.5 -1.8
1607.8 116.7 -2.2 17.2 -2.9 5.3
2567.3 54.1 -10.6 8.2 1.7 -10.1
3.3 6.2 7
665.7 11.2 -15.5 21.7 3.5 -1.6
1609.3 116.6 -2.6 16.8 -2.8 5.3
2573.4 56.2 -11.7 4.8 -0.1 -9
3.3 6.3 7.2
666.2 11.5 -15.6 21.2 4 -1.7
1610.1 117 -3.2 16.1 -2 5.6
2578.5 59.4 -13.9 -0.9 0.6 -8.1
3.4 6.3 7.8
667.2 11.8 -15.6 21.3 4.2 -1.6
1611.5 117.2 -3.8 15.8 -1.5 5.9
2585.6 62.7 -15.7 -5.6 -0.2 -7.6
3.3 6.5 8.3
668.2 11.8 -15.3 21.3 4.2 -1.5
1613.3 117.2 -4.5 15.3 -1.1 6.1
2593.2 65.9 -18.1 -10.1 -2.5 -6.1
3.4 6.5 9.1
669.2 11.9 -15.5 21.1 4.3 -1.5
1614.7 117.3 -5.4 15 -0.7 6.3
2600.8 68 -20.8 -15.1 -4.3 -5.6
3.3 6.7 9.7
670.3 11.9 -15.4 20.9 4.4 -1.4
1616.4 117.3 -6.2 14.3 -0.3 6.5
2608.2 70.8 -23.8 -21.4 -6.5 -4.4
3.3 6.8 10.7
671.5 12.1 -15.6 20.7 4.7 -1.5
1618.1 117.4 -7.2 13.9 0.4 6.7
2617.7 74.4 -26.7 -27.4 -8.6 -4.5
3.4 7 11.7
672.7 12.1 -15.6 20.6 4.7 -1.4
1620 117.4 -8.2 13.4 0.9 6.9
2625.9 77 -30.4 -33.8 -10 -3
3.4 7 13.1
674.2 12.2 -15.7 20.3 4.9 -1.3
1622.3 117.4 -9.3 12.6 1.5 7.1
2636.9 80.7 -34.2 -41.4 -13.2 -1.1
winner is: 9
