Regression analysis information for: KLH014b_0919
number of formants: 3
number of coeccicients: 5
9.5 19.2 58.6
545.9 121.9 26.6 -59.8 -16.4 -20.9
1946.8 -161.6 -38.1 115.6 -2.2 35.2
2690.4 -342.2 -44.6 107.5 56.8 61.3
9.1 19.4 56.7
544.7 121.3 25.9 -58.6 -16.2 -21.3
1947.2 -161.8 -38.2 116.5 -1.8 35.5
2689.9 -347.8 -45 106.9 61.1 63
9.1 19.7 56.7
543.4 120.7 24.9 -58.1 -16.2 -21.5
1947.9 -161.9 -38.4 117.6 -1.3 35.9
2689.5 -354.2 -46.9 106.9 67.8 67.1
9.1 20 57.1
542.2 120.2 24.5 -57.5 -16.2 -21.6
1948.2 -161.7 -39.5 118.7 -0.7 35.9
2688.1 -362.2 -50.8 106.5 73.4 69.8
9.3 20.5 59
541 119.7 23.7 -57.3 -16.2 -21.5
1948.3 -161.4 -40.1 120 0.1 35.9
2686 -370.8 -54 107.8 80.4 72.9
9.4 21.1 60.5
539.4 118.9 23.6 -56.7 -16.6 -21.8
1947.7 -160.8 -41.4 121.1 1.1 35.5
2680.9 -383.7 -60.6 107.1 85 72.9
9.3 21.7 60
538.3 118.5 23.6 -56.1 -16.8 -22.2
1946.9 -159.9 -42.4 122.3 2 35
2675.9 -391.2 -62.8 111.6 87.4 71.6
9.3 22.2 60.1
537.5 118.4 23.7 -56 -17.1 -22.4
1945.8 -158.7 -43.7 122.9 2.6 33.9
2672.8 -395.5 -66.7 113.3 87.1 69.9
9.4 22.8 59.8
536.7 118.3 24 -55.9 -17.3 -22.6
1944.1 -156.8 -45.4 123.1 3.6 32.6
2669 -398.1 -71.6 115.2 83.8 66.7
9.5 22.8 60.2
536 118.4 23.9 -56.1 -17.6 -22.6
1941.9 -154.3 -46.4 122.7 4.5 31.3
2663.6 -399.6 -78.3 117 78.5 66
9.5 23.5 60.4
535.6 118.5 24.1 -56.1 -17.8 -22.6
1939.6 -151.9 -47.6 121.7 5.3 30.3
2657 -393.2 -90 123.9 67.1 70.2
9.4 23.8 61
535.2 118.5 24 -56.3 -18.1 -22.7
1937.5 -150.1 -48 120.4 5.9 28.7
2651.4 -394.1 -95 125.6 60.2 68.3
9.6 23.7 60.5
534.9 118.6 24.5 -56.1 -18.1 -23
1935.3 -147.8 -48.5 119.2 6.6 27.7
2648.1 -390.4 -95.6 129.8 55.5 65.8
9.6 23.9 61.6
534.9 119 24.7 -56.4 -18.4 -23.1
1933.4 -144.9 -48.4 117.1 7.5 26.7
2648.2 -384.8 -94.6 129.3 50.9 63.5
9.6 23.8 63.9
535.1 119.5 24.7 -56.8 -18.7 -23.1
1931.7 -142.2 -47.3 114.6 8 26.1
2650.2 -377.5 -93.6 126.7 47.7 64.7
9.7 23.2 64.4
535.3 120 24.9 -57.2 -19 -23.3
1930.5 -140.5 -47.1 112 7.6 25.8
2652.2 -371.6 -94.4 122.4 42.7 64.3
9.6 22.5 63.4
535.4 120.4 25.2 -57.3 -19.5 -23.7
1929.5 -139.3 -45 110.6 6.2 25.6
2651.5 -367.9 -81.6 123.6 35.4 55.6
9.6 21.9 63.2
535.8 121.1 25.8 -57.5 -19.8 -24
1929.8 -137.9 -43.4 109 5.7 25.7
2657 -361.8 -73.7 120.2 35.1 52.5
9.6 21.5 63.8
536.3 121.7 25.8 -58 -20.1 -24.3
1930.4 -137.1 -41.6 107.5 5.6 25.7
2664.2 -356.2 -68.2 114.8 36.4 49.9
9.6 20.7 63.4
537 122.5 26.2 -58.4 -20.4 -24.5
1931.9 -136 -39.8 105.7 5.5 26.8
2674.9 -347.4 -62.2 108.4 39.7 48.9
winner is: 2
