Regression analysis information for: KLH014a_0926
number of formants: 3
number of coeccicients: 5
151.6 47.6 82.5
430.7 5.8 59.4 -40.1 119.7 -97.5
1932.5 -335.6 38.1 27.1 25.4 -62.2
2616.5 -39.2 71.1 -30.2 48.1 -10.9
193 59.9 124
482.2 -76.5 90.8 -7.3 37.5 3
1952.4 -365.8 52.7 28.8 9.4 -40.6
2647.2 -86.2 85.2 -5.1 -9.9 58.2
192.7 59.2 125.4
484.1 -78.6 92.8 -7.4 37.5 3.6
1951.9 -361.9 48.6 30.8 8.9 -40
2648 -83.1 84.5 -2.7 -9.7 61.3
192 58.6 126.4
484.9 -80.4 93.3 -8.1 36.9 4
1952.8 -359.7 46.7 28.4 9.8 -39.2
2647.6 -81 82.6 -4.2 -11.3 62.6
120.3 40 97.8
432 30 -14.4 104.2 -72.6 116.9
1942.1 -334.1 22.4 51.7 -14.8 -13.4
2625.2 -30.4 34.9 44.7 -59.5 113.4
36.1 28.4 23.3
373 120.3 -51.5 62.8 22.2 -5.3
1928.4 -309.1 8.7 40.2 11.8 -46.1
2585.6 28.3 1.8 23.5 -11.6 44.7
31.7 27.5 21.9
376.5 116.3 -49 64.7 18.8 -0.4
1929.7 -307.3 8.1 37.7 13.6 -46.7
2587 32.4 2.4 23 -8.9 44.7
30.6 27.7 19.7
377.1 115.3 -48.8 64.2 18.6 -0.5
1933 -309.7 6.9 35.7 13.6 -46.9
2586.4 29.4 -3.6 20.5 -14.1 43.3
30.1 27 20.4
376.8 115.6 -49.8 64.2 18.4 -1
1939.4 -314.8 7.1 32.6 16.5 -48.6
2587.9 31.4 -6.2 21.3 -15.1 43.2
29.5 24.3 17.1
377.4 116.1 -49.7 64.9 18.3 -0.8
1943.4 -316.1 4.9 31.1 15.5 -48.1
2587.9 25.9 -12.3 14.6 -19.5 37.9
28.4 23.6 16.8
378.2 114.9 -49.2 64.5 18.1 -0.4
1945.7 -314.2 1.9 29.8 18.2 -49.7
2590.1 29.9 -11 15.9 -16.4 38.4
29.3 23.9 16
377.8 117 -49.8 65.2 18.7 -1.2
1949.9 -318.3 3.8 29.6 13 -46.2
2592.8 27.3 -11.3 14.8 -19 37.7
29.5 21.3 17.2
375.8 120 -53.1 66 17.9 -2.2
1954.3 -321.8 9.6 20.3 16.5 -42.5
2593.8 29.3 -9.5 10 -15.5 35.6
26.3 24.3 18.6
377.6 118.5 -53.2 69 13.6 3
1952.7 -313.7 6.5 9.8 31 -51.3
2594.2 33.8 -9.3 5.3 -8 30.3
26.7 23.8 20.2
375.6 123.6 -57 72 12.3 3.1
1957.8 -315.2 7.4 4.2 32.7 -48.6
2599.9 33.3 -4.7 1.5 -2.9 28.5
26.2 25.1 21.6
373.3 127.6 -61.6 74.4 10.2 3.7
1965.9 -318 2.2 5.4 32.5 -48.1
2606.3 30.4 -0.6 -1.4 1.3 25.5
23.8 29.3 21.9
376.1 124.1 -59.5 75.3 7.6 7.8
1966.1 -309.1 -8.6 5.8 38.4 -58.3
2610.2 32.7 -0.3 -1.4 3.4 25.1
23.7 29 25.1
370.7 133.5 -68.7 81.2 3.2 9.5
1976.7 -317 -11.8 8.7 37.9 -55.5
2617.3 27.4 6.1 -4.6 10 20.5
21.3 32.8 24.7
377.4 122.8 -60.3 77.4 3.7 12.2
1973 -302.2 -24.7 7.8 44.8 -67.6
2619.3 33 3 -1.4 8.7 23.5
253.1 52 122.2
538.1 -198.5 236.3 -196.6 231.7 -173.6
2015.2 -368.3 24.4 -38.8 82.2 -91.3
2703.3 -120.9 148 -130.5 117.8 -60.7
winner is: 13
