Regression analysis information for: KLH014b_1157
number of formants: 3
number of coeccicients: 5
23.1 101.2 70.1
546.3 -12.7 32.6 -25.8 38.2 -27.4
1091.2 -376 385.5 -248.6 260.9 -140.8
2801.1 -225.5 79.6 -162 112.9 -73.5
20.9 127.9 67.4
549.4 -14.5 34.8 -26.3 37 -24.3
1119.1 -424.4 420.4 -255.7 247.4 -100.2
2838.7 -288.6 130.1 -180.7 101.2 -24.1
20.6 130.1 69.8
552 -14.3 35.7 -26.7 35.6 -26.2
1117 -422 417.9 -250.1 244.6 -94.7
2840.6 -290.4 132.4 -182.1 102.1 -24.1
20.6 131.2 71.4
553.6 -14.8 34.9 -25.2 36.3 -28.4
1113 -414.1 412.9 -246.6 241.7 -89.7
2840.3 -287.5 127.6 -176.3 98.4 -22.8
20.9 133.4 75.8
555.6 -16.5 32.3 -24.6 36.6 -30.1
1110.3 -406.8 411.7 -241.9 237.5 -86
2839.1 -283.9 118.9 -166.3 89.9 -13.5
21.9 133.9 69.7
557.1 -16.2 30.7 -24.2 36.2 -33.2
1105 -399.5 408.1 -237.1 237.3 -81.2
2830.2 -263.7 98.6 -148.1 75.6 -6.2
23.2 134.7 68.8
560.2 -15.8 28.3 -23 35.6 -35.8
1101.3 -397.2 409.9 -235.4 238 -79.2
2829.4 -258.2 90.6 -138.4 69 -1.3
26.1 134.6 71.6
564.4 -9.7 27.3 -20 36.8 -42.5
1092.9 -396.5 405.9 -235.8 238.5 -74.1
2831.7 -252.7 87.1 -128.8 63.6 3.4
29.3 136 72.9
570.7 -2.8 27 -17.9 35.6 -49.6
1082.2 -400.8 403.1 -235.1 243.8 -66.5
2835.8 -250 86.6 -124.3 60.9 4.9
35.2 139.4 72.6
579.8 8 27.7 -13.2 34.5 -59.8
1069.7 -412.7 402.3 -240.6 249.6 -59.9
2841.6 -250 89.1 -120.4 62.2 4.7
37 136.2 71
585.2 18.9 29.9 -2.3 44 -64
1058.4 -426.3 399.4 -254.8 249.4 -60.1
2849.4 -253.2 96.3 -122.5 66.4 0.7
48.2 134 71.4
591.3 39.5 28.2 15.4 59.3 -81
1045.3 -450.3 401.4 -286.2 252.1 -59.1
2864 -270.8 114.6 -130.1 76.7 -6.6
36.4 210.5 103
621.6 13.3 63.1 33.4 37.9 -30.4
1129.8 -619.2 463 -271.6 131.1 126.3
2911.5 -338.4 157.1 -109.5 21.1 80.1
39 211 106.3
622.2 22.1 66.3 35.6 48.3 -29.5
1118.2 -641.5 450.3 -285.8 124.2 124
2919.1 -341.2 165 -107.2 21.3 83.8
42 211 108.9
607.6 -0.4 43.6 22.6 49.7 -34.5
1118 -642.2 458.6 -286.9 124.8 125.8
2925.7 -343.7 171.4 -105.4 22.6 86.5
45.9 210 109.4
575.3 -46.4 -3.6 -10.9 48.8 -42.8
1116.3 -641.1 469.2 -288 123.3 124.7
2934 -347.1 177.5 -104.5 24.5 87.1
90.1 281.5 155.4
572 -36.9 11.7 24.4 119.3 15.3
1341 -211.2 898.2 75.5 440.6 368.5
3057 -128.9 398.8 80.4 194.2 212.7
68.2 267.6 131.7
610.6 -30.5 51.6 70 106.9 53.7
1534.1 -177.1 1077.5 246.1 255.5 463.6
3156.8 -97.1 483.8 172.9 114 257.2
78.9 329.5 141.3
616.3 -1.9 67.3 73.6 115.9 28.8
1618 -29.8 1158.5 222.6 131 294.3
3195.7 -29.4 508.6 161 56.2 173
98.4 326 142.3
601 10.6 69.7 61.9 147.1 27.5
1614.7 -32.7 1167.8 220.5 126.2 294.3
3199.5 -38.8 508.1 160.6 56.9 175
winner is: 1
