Regression analysis information for: KLH014b_1313
number of formants: 3
number of coeccicients: 5
3.5 11.9 10.4
566.8 -23.8 -24.9 -4.9 -8.5 -4.8
1769.5 5.7 -58.7 -75.3 -7.4 8.9
2619.5 -27.7 1.6 -55.4 35.4 -41.6
3.5 10.7 7.8
567.7 -24.8 -25.1 -4.9 -9.1 -4.9
1793 -17.3 -60.1 -68.6 -19.7 15.5
2633.2 -42.6 1.3 -45.9 24.9 -35.4
3.6 11.3 7.7
568.2 -26.3 -25.3 -5.1 -9.6 -5
1809.1 -38.6 -58.6 -61.3 -30.1 22.5
2642.4 -54.1 1.1 -37.5 15 -29.7
3.5 12.6 7.7
569.2 -27.2 -25.5 -4.9 -9.4 -4.5
1833.5 -61.5 -67.8 -52.4 -34.4 34
2654.8 -66.3 -3 -28 8.5 -23.9
3.5 11 6.9
569.8 -28.8 -26.1 -5.1 -10.1 -4.7
1854.2 -83.1 -75.8 -43.4 -44 39
2664 -76.3 -6.9 -20.3 2.1 -22.2
3.5 9.6 5.9
570.6 -30.1 -26.6 -5.2 -10.5 -4.7
1873.7 -102.5 -85 -35.1 -51.9 42.1
2672.4 -85 -10.8 -14.7 -2 -20.9
3.4 7 4.7
570.7 -31.9 -26.7 -4.9 -11 -4.9
1879.7 -121.9 -84 -22.1 -58.2 38
2675.5 -92.9 -11.2 -9.4 -6 -21.6
3.6 7.2 4.4
571 -33.2 -27.7 -5.7 -11.6 -5
1890.4 -130.3 -94.9 -25.6 -60.3 41.4
2679.2 -97.9 -15.1 -10 -8 -20.8
3.6 7.3 3.5
571.6 -34.1 -28 -5.4 -12.1 -4.8
1899.2 -141.6 -102.3 -19.2 -63.5 40.5
2683.2 -104.6 -18.1 -7.6 -10.5 -20.7
3.7 8.2 3
572 -35.4 -28.6 -5.5 -12.4 -4.7
1908.6 -152.6 -112.9 -17.4 -60.8 41.2
2686.5 -111 -22.8 -6.6 -11.6 -20.8
3.7 8.6 2.3
572.2 -36.4 -29 -5.3 -12.6 -5
1912.3 -163.3 -118.2 -9.7 -60.8 34.3
2688.1 -117.4 -26.1 -4.6 -12.6 -23.3
3.7 9.9 2.3
572.2 -37.2 -29.6 -4.9 -12.9 -5.3
1916.1 -170.8 -125.1 -1.7 -58.3 30.2
2689.7 -122 -29.4 -1.8 -13.3 -25
3.5 12.4 3.1
572.3 -37.7 -29.5 -4.1 -12.7 -5.3
1912.9 -181.7 -122.2 10.8 -58.9 22.9
2689 -127.7 -30 1.8 -14.1 -27
3.7 12.9 3
572.1 -37.4 -30.1 -3.4 -12.6 -5.1
1913.2 -182.2 -129.4 21.8 -52.3 25.3
2689.9 -127.5 -31.9 6.3 -11.7 -26.2
3.8 16.2 2.8
572.3 -37.7 -30.3 -3.5 -12.4 -5.5
1918.4 -184.4 -134.2 22.8 -48.1 20.6
2691.7 -128.4 -33.9 6.6 -10.2 -28.5
3.8 17 3
572.7 -37.5 -30.5 -3.1 -12.3 -5.5
1923.6 -185 -140.8 25.5 -46.3 20.4
2694.2 -129.3 -36.1 8.3 -9.5 -28.7
3.9 19 2.9
572.6 -37.7 -30.9 -2.8 -11.9 -5.4
1925.2 -187.4 -145.9 31.5 -38.2 21.3
2695 -129.6 -37.8 10.8 -6.7 -28.9
3.9 20.9 3.6
572.9 -36.7 -31.2 -2.2 -11.7 -5.2
1928.5 -180.6 -155 34.3 -37.6 23.5
2696.4 -126.3 -40.7 12.7 -5.8 -28.3
4.1 22.6 4.2
573.1 -36.6 -31.4 -2.2 -12 -5.3
1933.6 -177.4 -160.1 34.1 -38.6 22.9
2698.4 -124.8 -41.9 13.8 -6.3 -28.6
4.2 23.3 4.4
573.5 -36 -31.5 -2.2 -12 -5.3
1939.9 -172.1 -166 31.2 -38.1 24.2
2700.7 -122.1 -43.1 14 -5.9 -28.2
winner is: 9
