Regression analysis information for: KLH014b_1302
number of formants: 3
number of coeccicients: 5
9.8 12.5 15.8
666.2 15.6 -35.1 5.2 -7.8 -13.4
1447.7 117.3 11.7 24.2 -4 -1.1
2257.2 14 50.6 17.7 23.1 -3.6
10.3 12.7 16.2
664.4 13.4 -33.4 5.3 -6.9 -14.2
1446.6 115.9 13 24.5 -3.3 -2.3
2257.7 12.3 52.9 16.1 24.8 -5.9
11.1 13.4 15.7
663.1 12.7 -30.3 4.2 -8.1 -15.4
1445.7 115.7 15.6 24 -3.9 -3.2
2257.4 11.4 57.3 13.6 25.1 -7.5
10.9 13.1 15.9
662.2 11.8 -29.6 3.3 -6.8 -16.1
1444.8 115 16.4 23.7 -2.9 -4.1
2257 11.1 59.2 11.4 27.3 -8.6
11.6 13.6 16.8
661.4 10.3 -28 2.2 -6.1 -17.7
1444.4 114.4 17.9 23.3 -2.3 -5.4
2257.1 9.8 63.1 8.7 29.4 -11.7
11.3 13.5 17.4
660.2 8.5 -25.8 0.9 -4.1 -19
1442.7 112.9 20.3 23.5 -0.6 -6.9
2255.6 8.3 68.4 4 33.4 -13.8
11.6 13.3 17.8
660 5.8 -25.4 0 -3.9 -19
1442.7 111.2 20.5 22.9 -0.6 -6.8
2256.1 5.6 70.2 2.4 33.1 -14.1
11.9 13.6 19
660.2 3.8 -23.9 -1.1 -2.9 -19.8
1442.5 110 21.8 22.8 -0.1 -7.3
2257 2.6 74 -0.3 35.3 -15.6
12.2 13.9 19.9
659.1 0.5 -21.4 -2 -1.4 -20.8
1440.4 106.9 24.1 23.8 1.2 -8.1
2254.8 -2.3 80 -3.8 36.9 -17.3
13.1 13.4 21.2
658.7 -3.3 -18.9 -4 -1.4 -23.3
1439.1 104.3 26.1 23.4 -0.1 -10.9
2253 -9 85.3 -9 36.6 -23.5
14.4 14.3 24.1
659.5 -6 -16.4 -5.5 0.8 -23.6
1439.2 102.9 27.5 23.3 1.3 -10.1
2254.6 -13.6 91.4 -11.8 40.2 -23.4
14.2 14.1 23
658.8 -8.7 -16.6 -7.1 1.1 -23.5
1438 100.8 26.5 22.4 1 -9.7
2250.9 -17.7 88.7 -15.2 39 -22.8
13.8 13.8 22.3
658.5 -9.2 -17.8 -6.2 0.6 -23.4
1437.6 99.8 25.4 22.9 0.7 -9.9
2250.1 -20.4 84.3 -12.8 37 -22.8
13.4 13.6 21
659.3 -10.8 -17.4 -6.8 0.6 -23.7
1437.7 98.5 24.9 22.6 0.1 -10.3
2250.4 -24.7 82.2 -14.4 34.9 -24.9
13.6 13.5 21.3
660 -14 -16.1 -8 1.9 -23.9
1437.5 96.6 24.6 22.6 0.7 -9.6
2250.1 -31 82.2 -16.6 36.3 -25
13.2 13.3 21
661.2 -15.7 -14.6 -10 2.9 -24.3
1437.9 96.3 24.3 21.3 0.7 -9.5
2251 -33.5 82.9 -20.5 38 -25.3
13.6 13.4 21.8
662.8 -18.8 -13.1 -11.2 4.2 -24.8
1438.6 95.4 23.9 21.6 0.9 -9.1
2253.4 -38.1 82.9 -20.3 39.8 -26.3
13.9 13.7 22.3
665.2 -22 -10.3 -13.3 5.9 -25.7
1439.3 95.2 23.9 21.5 1.1 -8.9
2257.1 -41.5 85.7 -21.7 41.8 -27.4
13.6 14.2 21.3
666.9 -24.4 -8.7 -14.1 6.3 -25.3
1439.9 95.5 23.5 22.2 0.8 -8.2
2259.1 -42.3 85.7 -19.9 41.6 -25.9
13.5 14.8 21.4
670.1 -28.7 -5.7 -16.3 8 -25.8
1440.7 95.9 22.6 22.8 0.9 -7.9
2263.6 -45.5 86.9 -19.2 43.4 -26.6
winner is: 1
