Regression analysis information for: KLH014b_1568
number of formants: 3
number of coeccicients: 5
1.4 39.9 56.9
336.6 -27.5 -43.2 -6.1 -9 1.5
1910.4 450.7 -98.4 1.3 11.2 -16.6
2652.2 398.5 -43.8 37.4 -23.5 32.1
1.4 39.5 62
337.1 -27.9 -43 -6.2 -9.3 1.6
1929.2 429.3 -103.4 19 8.9 -22.6
2674.9 378.1 -59.5 61 -32.2 33.6
1.4 40.3 67.6
337.4 -28.7 -42.7 -6.1 -9.2 1.8
1950.9 409.3 -112.7 29.2 16.2 -24.7
2712.2 358.2 -102.1 84.2 -14.3 40.3
1.5 37.4 60
338 -29.1 -42.4 -6.3 -9.4 1.9
1968.6 384.6 -112.6 35.9 23.9 -20.8
2756.3 319 -146.8 131.6 -12.6 34.8
1.4 35.4 61.2
338.2 -30 -42.3 -6.3 -9.2 2.2
1988 365.3 -109.7 35 24.4 -20.8
2809.2 274.8 -190.2 185.5 -21.7 24.1
1.5 32.9 63.1
338.7 -30.3 -42 -6.5 -9.4 2.1
2007.4 351.1 -105.7 25.8 26.8 -17.8
2829.9 256.2 -190.3 189.9 -31.8 42.6
1.6 31.2 63.4
338.9 -31 -41.8 -6.7 -9.3 2.2
2020.9 342.4 -98.8 12.4 33.8 -17.5
2841.9 246 -182.7 186.1 -40 60
1.5 22.4 59.9
339.3 -31.5 -41.5 -7 -9.2 2.1
2041.6 324 -88.6 -4.4 44.7 -27.5
2855 235.2 -175.8 179.4 -45 70.6
1.5 17.3 61.8
339.6 -31.7 -41.5 -7.1 -9.3 2
2058.7 318 -83.7 -15.5 46.3 -30.3
2874.1 218.5 -163.2 170.5 -52.3 85.1
1.5 16.2 67.2
340 -32.5 -41.2 -7.3 -9.3 2.1
2075.3 311.6 -79.6 -24.9 46.5 -33.7
2909.7 169.7 -122 140.2 -45.5 94.3
1.4 15.6 65.7
340.3 -32.7 -41.1 -7.4 -9.3 2
2081.9 304.2 -78.4 -23.9 48.2 -33.6
2933.2 127.9 -89.8 114.7 -29.4 88.5
1.6 17.8 47.1
340.7 -33.4 -40.8 -7.8 -9.5 2
2095.1 306.2 -79.6 -31.6 41.7 -35
2990.3 33.2 -2.6 25.9 32.8 34.6
1.5 18.8 21.9
340.8 -33.5 -40.9 -8 -9.7 1.7
2105.7 313.2 -80.2 -38.9 37.2 -35.2
3014.8 5.7 25.7 -9.5 52.5 12.4
1.5 21.1 33.7
340.9 -33.7 -40.9 -8.1 -9.9 1.9
2116.8 319.9 -82.3 -43 30.4 -34.3
3009.6 43.1 -5.3 9.1 22.7 32.9
1.4 22.3 37.2
340.8 -34 -41.2 -8.1 -9.9 1.8
2126.4 326.9 -85.7 -48.3 25.1 -36.2
3029.3 30.8 9.6 -20.6 31.7 12.8
1.6 23.3 12.3
341.3 -34.4 -40.9 -8.7 -10.2 1.6
2138.2 330.2 -82 -52.5 20 -36.1
3044.5 33.2 13.2 -39.3 26.8 3.5
1.6 23.5 15.5
341.3 -35.2 -41 -9 -10.4 1.6
2148.5 336.3 -81.4 -55.6 15.8 -36.9
3057.5 48.6 7 -53.8 8.9 -0.3
1.6 24.1 40.1
341.1 -34.4 -41.7 -8.8 -11 1.5
2153.2 348.3 -85.1 -54.8 9 -35.6
3059.7 89.1 -22.1 -45.3 -36.5 20
1.5 22.9 30.9
341 -35.1 -41.7 -9.2 -10.8 1.3
2161.3 353.4 -81.9 -60.8 9.1 -37.5
3093.5 71.5 7.5 -104.6 -29 -23.3
1.6 23.5 28.7
340.8 -35.5 -42.3 -9.7 -11.3 1
2168.4 361.9 -79.2 -60.3 7.8 -37.5
3100.7 78.3 10.1 -107.1 -32.6 -28.9
winner is: 16
