Regression analysis information for: KLH014b_0577
number of formants: 3
number of coeccicients: 5
20.2 51.7 28.2
665.7 165.2 53 -8.1 -10.1 -21.1
1150.3 124.4 -57.8 14.7 2.2 20.8
2539 -252.7 -95.9 55.6 8 1
20.1 47.5 29.5
663.1 165.6 53.7 -8.5 -8.8 -20.5
1142.2 133.1 -58.3 10.5 8.2 15.6
2539.1 -252.3 -99.4 58.4 8.5 -0.6
20 45.3 29.9
660.6 166 55.5 -9.5 -8.6 -19.3
1135.6 138.1 -54.6 5.6 10.9 14.3
2538.9 -252.3 -101.5 61.3 8.6 -1.9
19.4 42.7 30.9
657.9 166.3 56.8 -10.7 -7.6 -18.5
1128.5 144.4 -51.5 -0.5 15.7 12.2
2538 -251.7 -104 63.8 9.6 -4.2
19 40.9 30.9
656 166.5 57.7 -11.1 -6.4 -17.8
1124 147.8 -49.2 -4 18.4 10.6
2536.7 -251.1 -105.2 65.5 10.8 -6.1
18.6 39 30.9
654.1 166.7 59.2 -11.7 -5.5 -16.6
1119.4 151.1 -45.8 -8 20.2 10.2
2535.3 -250.7 -105.5 66.6 12 -7.9
17.9 37.2 30.8
652.4 167.2 60.8 -12.6 -5 -15.7
1115 154.1 -42.5 -11.4 21.8 9.2
2532.4 -250.4 -103.1 67.8 12.7 -10.4
17.1 35.9 31
649.9 168.4 63.4 -14.6 -4 -13.8
1109.8 157.8 -37.7 -17.1 23.6 10
2526.4 -246 -99 62.2 17.7 -11.3
16.2 34.1 29
648.4 169.1 64.7 -14.1 -2.7 -14.1
1106.6 160.3 -36 -18.1 24.3 6.8
2521.3 -243.3 -95.3 62.3 18.9 -15.3
15.7 33 25.9
647.2 169.5 66.3 -14.3 -2.1 -13
1104.5 161.1 -33.2 -19.7 23.4 7.2
2514.6 -239.9 -87.5 56.8 19.1 -13
15.3 31.6 25.1
645.7 170.2 67.7 -14.2 -0.9 -13.1
1102.3 161.9 -31.1 -20.6 23.5 5.8
2506.4 -236.5 -79.9 54.4 20.9 -17.2
15 31.5 24.8
645.2 170.5 68.8 -14.2 0.1 -11.7
1101.7 161.9 -29.9 -21.5 22.9 6.5
2501.5 -233.5 -73.7 48.2 22 -13.1
14.8 31 26
644.7 171.1 70.5 -14 1.2 -11
1101 161.6 -28.4 -22.1 22.1 6.3
2496 -231.5 -65.2 43.5 22.5 -13.1
14.4 31.6 24.2
644.8 171.6 71.8 -13.9 1.7 -9.9
1101.2 161.1 -28.1 -22.7 21.5 7.1
2495.7 -231.4 -62.2 40.3 21.3 -8.8
14.2 31.8 23.5
644.9 172.3 73.5 -14 1.8 -8.6
1101.1 160.4 -27.4 -23.1 20.4 7.4
2493.5 -232.4 -55 37.7 16.8 -5.6
14.1 32 23.4
645.7 173.3 75.2 -13.3 2.6 -8.2
1101.4 159.6 -27.5 -23.3 19.8 7
2494.3 -233.3 -52.4 37 16.8 -5.4
14 32.3 22.5
646.6 174.3 76.6 -12.8 2.8 -7.8
1101.6 158.7 -27.6 -23.4 18.9 6.7
2495.2 -234.6 -49.4 37.3 13.5 -4.8
13.9 32.8 21.6
647.8 175.2 78.2 -12.3 3.2 -7.3
1101.8 157.7 -28 -23.7 18.2 6.6
2497.5 -236.5 -47.6 36.2 12 -3.6
13.6 33.6 21.9
649.4 176.1 79.5 -11.8 3.5 -6.7
1102.6 157 -29 -23.9 17.7 6.5
2502.3 -239.2 -49 36.9 10.9 -2
13.7 34.4 21.5
651.2 177.3 81.8 -10.5 4.2 -6.2
1102.7 155.8 -30 -24.5 16.9 6
2506.4 -242.5 -48.1 37.6 9.9 -1.6
winner is: 18
