Regression analysis information for: KLH014a_0731
number of formants: 3
number of coeccicients: 5
11 8.4 7.7
649.4 84.1 -11 -2.5 -6.8 -6.1
1017.1 99.9 -11.6 2 -6.5 4
2673.2 -111 11.5 4.7 14.2 -10
11 8.3 7.7
648.6 84.5 -11.6 -1.3 -6.5 -5
1016.9 99 -11.3 2.1 -5.5 3.9
2672.7 -111.6 11.6 5.6 15 -9.6
11.3 8.4 7.2
649 85.3 -11.8 -1.5 -6.8 -4.3
1017.5 99 -11.4 1.5 -5.6 4.2
2673.1 -110.4 11.5 3.7 14 -8.9
11.1 8.5 6.9
648.9 86.9 -12.4 -1.6 -7.4 -3.9
1017.9 98.9 -11.1 0.4 -5.4 4.1
2673.9 -109.1 10.7 2.1 13.5 -7.8
11.3 8.6 6.4
648.6 88.2 -12.9 -0.9 -8 -2.9
1018.5 98 -10.3 -0.3 -4.9 4
2673.2 -108.1 11.7 1.4 12.5 -6.8
11.3 9 6.5
648.2 89.8 -13.9 -0.8 -8.8 -1.9
1019.4 97.2 -9.6 -1.9 -4.4 3.6
2673.5 -106.6 10.4 -0.1 12.4 -5.1
10.9 9.2 6.3
648.2 92.1 -15.1 1.6 -9.8 -0.5
1020.9 95 -7.9 -3.2 -2.6 2.5
2673.2 -105.1 9.8 1.6 11.8 -4.7
10.9 9.5 6.5
649.8 92 -14.4 1.4 -10.2 0
1021.3 95.7 -8.8 -3.5 -2.6 2.3
2675.4 -104.4 9 0.7 11.2 -3.7
10.7 9.3 6.9
650.4 92.2 -13.4 1.5 -10 -0.5
1021.2 95.8 -9.1 -3.3 -2.7 2
2675.7 -104.2 9.9 1.6 11.4 -4.4
10.7 9.3 6.8
651.8 92.8 -12.7 1.1 -9.6 0
1021.8 96.1 -9.9 -3.3 -2.7 2.1
2677.1 -102.9 9.2 0.5 12.3 -3.7
10.2 9 6.6
652.2 91.6 -12.2 2.4 -8.5 0.6
1021.7 96.3 -10.6 -3.1 -2.3 1.7
2677.7 -104.3 8.5 2.7 15.2 -2.1
10.7 8.7 6.1
653.3 93.6 -12.4 2.6 -7.7 0.4
1023 95.4 -10.7 -3.7 -2.5 2.4
2679.3 -102.2 6.4 1.7 16.2 -2.1
10.3 8.6 6.4
655 93.5 -11.6 3.1 -7.8 0
1022.9 95.9 -11.7 -3.7 -2.6 2.2
2681.5 -102 5.5 2.4 17 -2.2
10.3 8.5 6.7
657.1 92.9 -10.6 3.2 -6.6 0.6
1022.5 97.5 -14 -3.3 -3.2 2.2
2684.3 -101.8 3.5 1.7 19.1 -0.6
10.2 8.6 6.7
660.1 93.2 -9.8 2.6 -6.5 0.5
1022.1 99 -16.5 -2.7 -3.7 3
2687.6 -100.4 1.4 -0.1 19.5 -0.6
10.1 8.5 6.7
663.3 93.2 -8.5 2.2 -6.1 0.2
1020.7 101.2 -19.6 -2.1 -4.8 3.3
2691.6 -99.2 -0.8 -1.6 20.4 0.5
10.2 8.4 6.6
666.9 92.7 -7.5 2.3 -5.2 0.9
1019.4 104 -23.3 -1.2 -5.9 3.9
2695.2 -98.4 -3.6 -3 21.7 1.4
10.5 8.6 6.4
670.8 92 -6.7 2 -5 1.5
1016.8 107.9 -27.5 -0.4 -7.3 4
2699.8 -97.4 -6.9 -5.2 22.9 3.2
10.8 9 6.2
676.1 92.4 -5.4 2.7 -4.9 2.4
1013.6 111.7 -32.9 0.6 -8.6 4.8
2704.3 -95.9 -9.8 -7 23.7 3.8
11.5 10 6.6
681.8 93.8 -3.8 5.2 -5.4 4.7
1008.3 116.6 -39.9 0.5 -9.9 3.8
2709.2 -94.7 -12.5 -8.2 25 5
winner is: 17
