Regression analysis information for: KLH014a_0272
number of formants: 3
number of coeccicients: 5
9.5 4.8 13.3
739.6 -94.1 -7 -2.8 7.5 4.1
1717 197.2 -3.7 26.7 15 8.5
2504.8 134.1 7.2 -11.2 12.3 -0.6
9.5 4.7 14
740 -94.3 -6.8 -3.1 7.8 4.1
1717.2 197.3 -3.6 26.4 15.5 8.5
2506.9 133.5 8.9 -13.7 15.1 -2.1
9.4 4.6 14.7
740.1 -94.7 -6.7 -3.1 8.2 3.8
1717.8 197.1 -3.8 26.6 16 8.1
2508.7 132.7 8.9 -14 17.5 -4.4
9.4 4.5 15.1
740.3 -95 -6.6 -3.3 8.2 4.1
1717.8 196.7 -3.8 26.6 16.1 8.3
2510 131.1 10 -14.8 18.5 -4.3
9.3 4.3 14.5
740.2 -95.3 -6.6 -3.4 8.3 4.2
1718 196.7 -4 26.2 16.4 8.5
2510.2 131.1 9.5 -15.9 19.4 -2.7
9.4 4.4 15.4
740.4 -95.9 -6.4 -3.3 7.8 4.6
1717.5 196 -3.5 26.2 15.9 9
2510.1 127.7 12.4 -15.8 17.6 -1.5
9.4 4.4 15.2
740.5 -96.4 -6.3 -3.2 7.8 4.7
1717.8 195.4 -3.6 26.6 16 8.9
2510.8 125.3 12.4 -14.9 18 -1.4
9.4 4.4 15.2
740.7 -96.9 -6.4 -3.2 7.6 4.9
1717.8 194.7 -4.2 26.5 15.8 8.9
2511.2 122.6 11.3 -14.7 17.3 -0.8
9.4 4.4 16.1
741.1 -97.3 -6.3 -3 7.4 5.2
1717.9 194.4 -4.2 26.5 15.8 9.3
2512.5 120.1 12.1 -14.6 17.3 0.4
9.4 4.6 16
741.3 -97.8 -6.2 -3 7.2 5.5
1718.4 194.1 -4.3 26.6 15.5 9.7
2513.8 118.4 11.9 -14.2 15.7 2.4
9.4 4.8 16.8
741.8 -98.2 -6.5 -2.8 6.9 5.8
1718.6 193.5 -5 26.6 15.4 9.8
2515.6 115.6 10.3 -13.7 15.2 2.6
9.2 4.8 17.8
742.1 -98.6 -6.4 -2.8 6.7 6
1719.1 193 -5.2 27 15.4 10.1
2516.8 113.4 9.4 -12.4 14.6 4.4
9.3 4.9 16.9
742.7 -99 -6.6 -2.6 6.5 6.1
1719.6 192.7 -6.1 26.8 15.3 9.8
2519.2 111.4 7 -12.5 14 3.1
9.3 5 17.3
743.2 -99.5 -6.7 -2.5 6.1 6.3
1720.2 192.4 -6.6 26.7 14.7 9.8
2522 109.6 5.8 -12 11.4 3.5
9.2 5.1 16.9
743.9 -99.9 -6.7 -2.3 5.8 6.5
1721.6 192.7 -7 26.9 14.5 9.9
2526.3 109.6 4.4 -11.2 9.8 4.5
9.2 5.2 17.5
744.8 -100.3 -6.8 -2.3 5.5 6.7
1722.7 192.9 -7.5 26.9 14.4 9.9
2531.4 108.8 3.4 -11.3 9.2 3.8
9.1 5.3 17.8
745.7 -100.8 -6.7 -2.1 5.2 6.8
1724.3 193.4 -7.9 27.2 14.4 9.8
2536.8 108.3 2.4 -10.5 8.4 3.6
9 5.4 18
746.7 -101.2 -6.8 -2 4.9 7.1
1725.7 193.7 -8.5 27.2 14.3 9.8
2542.7 108.1 1.3 -10.6 7.6 3
9 5.5 18
747.8 -101.7 -6.8 -1.8 4.6 7.3
1727.7 194.5 -8.9 27.5 14.1 9.8
2549.1 108.8 0.1 -9.6 5.9 3.3
8.9 5.6 18.9
749.1 -102.3 -6.8 -1.7 4.3 7.3
1729.8 195.2 -9.3 27.7 14.1 9.6
2556.8 108.5 -0.3 -9.8 5.8 1.9
winner is: 1
