Regression analysis information for: KLH014b_0078
number of formants: 3
number of coeccicients: 5
30.6 16.1 42.6
824.9 120.4 -128.2 -22.2 -30.2 24.8
1588.8 34.8 63.9 29.8 7.1 29.6
2480.1 -172.8 127.4 37.5 2.2 18.8
30.4 16.1 41.3
826.5 121.7 -128.5 -22.8 -30 24.6
1590.1 34.2 64.3 29.5 7.4 30.1
2488.5 -169.2 127.8 33.4 3.9 14.8
30.7 16.3 42.5
828.3 122 -129.5 -24.3 -30.4 24
1591.3 33.1 64.1 27.9 6.9 29.8
2497.7 -163.8 125.8 23.8 -0.9 7
30.6 16.3 40.9
829.6 122.6 -129.6 -24.3 -29.8 23.8
1592.5 32.3 65 27.9 7.6 30.5
2503.5 -163 126.7 23.6 3.8 5.1
30.4 16.2 38.8
830.9 122.8 -129.5 -24.9 -29.5 23.2
1593.9 32 66.1 27.6 8.1 30.5
2509.9 -158.3 130.2 22.2 3.3 -1.4
30.1 16.5 38
831.1 122.8 -129.7 -26.2 -30.1 24.1
1594.3 31.1 66.3 26.7 8 31
2511.7 -161.2 128.1 14.5 2.8 2.4
29.9 16.1 35.9
832.9 124.3 -128.8 -27.1 -30.6 22.4
1595.4 31.6 67.4 26 8.3 30.3
2520 -149.9 135 9.7 -2.2 -8.7
30 16.1 36.5
834.3 124.6 -129.6 -28.4 -30.3 22.7
1596.5 30.5 67.5 24.9 8.5 30.7
2525.3 -148.5 132 3.7 -1.7 -8.4
29.8 16 33.7
834.7 125 -128 -28 -31.3 20.5
1597.2 29.2 69.1 25 8.2 29.9
2526.7 -146.9 138.2 8.1 -6.9 -19.4
29.5 16 33.3
836.1 124.5 -128.5 -29 -30.3 20.4
1598.5 28.7 70.1 24.2 9.4 30.1
2530.1 -144 135.4 5.9 -5.6 -18.3
29.1 15.7 32
836.1 125 -126.1 -28.2 -31.6 17.9
1599 27.4 72.1 24.5 9.2 29.3
2529.5 -142.6 143.7 11.5 -10.8 -27.9
29.8 16.2 33.3
838 124.3 -127.3 -28.9 -29.6 19.3
1600.6 27 72.8 23.7 10.9 30.2
2535.4 -139.9 137.7 10.4 -3.7 -18.6
29.4 16.2 34
839.5 125.5 -126.9 -29.7 -29.6 18.6
1602.2 26.3 74.1 23.4 11.4 30.5
2541.9 -134.2 138.2 10.2 -5.7 -21.8
29.4 16.2 32.6
840.9 126.1 -126.2 -30.4 -30.3 17.4
1603.6 25.7 75.7 23.1 11.7 30.6
2546.6 -129.4 140.2 9.5 -9.7 -24.1
29.5 16.4 33
842.9 126.7 -125.9 -31.6 -30.5 16.9
1605.3 25.5 77.3 22.6 12.3 31
2553.2 -122.7 140.5 6.6 -12.6 -23.7
29.4 16.7 30.4
843.7 127.2 -124.7 -31.9 -31.5 15.9
1606.4 24.8 78.9 22.6 12.6 31.1
2556.1 -120.3 142.9 7.6 -16.5 -25.5
29.1 17.1 26.3
844.9 126.6 -125.4 -32.5 -30.8 16.1
1608 24.6 80.3 22.4 13.6 31.6
2560.3 -118.9 139.7 6.9 -15.8 -23.8
29.1 17.5 24.5
846.5 127.2 -125.3 -32.9 -30.8 15.8
1609.5 23.8 81.6 22.4 14.1 32.2
2566.2 -116 138.1 7.4 -16.1 -22.8
29.6 17.8 26.5
848.5 127.8 -125.3 -33.2 -30.2 15.2
1611.4 24 83.1 22.5 15 32.8
2574.1 -109.1 138.2 8.2 -16 -23.1
29.6 18.1 25.3
850.6 129.3 -125.7 -33.6 -30.6 14.7
1613 23.8 83.9 22.8 15.2 33.5
2582.5 -103.9 136 8.6 -17.7 -24.6
winner is: 18
