Regression analysis information for: KLH014a_1222
number of formants: 3
number of coeccicients: 5
3.7 8.7 5
458.7 -32.4 -29.4 1.1 -1.5 0.6
1550.4 -171.1 65.5 -17.2 6.7 -7.5
2622.2 -28.7 16.4 -3.5 2.1 2.2
3.7 8.5 4.8
458.5 -33.1 -30.1 0.7 -1.9 0.5
1550.2 -173.7 63.8 -18.2 5.4 -8
2618.1 -37.5 8.5 -9.9 -3.2 -1.4
3.7 8.7 5.6
458.6 -33.6 -30.3 0.7 -1.8 0.6
1550.3 -174.6 63.7 -18.4 5.7 -7.8
2617 -40.3 6.7 -10.4 -2.6 0.2
3.7 8.5 4.9
458.9 -33.5 -30.5 0.5 -1.9 0.5
1550.9 -175.3 63.3 -18.5 5.2 -8.1
2616.5 -42.4 4.3 -12.8 -5.4 -2.6
3.7 8.9 4.7
458.7 -34.1 -30.7 0.8 -1.8 0.6
1550.6 -176.6 62.9 -17.9 5.2 -7.6
2613.1 -48.9 1 -12.6 -3.8 0
3.7 8.8 5.3
459.1 -34 -30.8 0.8 -1.9 0.6
1551.5 -177.4 62.8 -17.8 4.8 -7.7
2613.9 -48.7 0.6 -13.3 -4.7 -0.3
3.7 8.7 5
459.3 -34.1 -31 0.9 -2 0.7
1551.8 -176.9 62.3 -17.1 4.2 -7.3
2614.9 -47.7 0.5 -13.1 -5.2 -0.1
3.7 8.8 5
459.7 -34.1 -31.1 0.9 -1.9 0.7
1552.7 -177.3 62.5 -17.2 4.4 -7.4
2616.8 -45.7 1.3 -12.7 -4.6 0.5
3.7 8.8 5.1
460.1 -34 -31.2 0.9 -2 0.8
1554.1 -178.1 62.5 -16.7 3.9 -7.2
2619.1 -43.7 2.1 -12.2 -4.6 1.2
3.8 9 5.2
460.5 -34.2 -31.3 1 -2.1 0.9
1555.1 -178.4 62.5 -16.2 3.7 -7
2621.2 -42 2.7 -11.5 -4.2 2.1
3.9 8.8 5
460.9 -34 -31.3 1.1 -2.2 1
1556.5 -178.9 62.1 -15.4 3 -6.7
2623.7 -39.7 3.6 -10.2 -3.9 2.9
3.9 9 5.3
461.3 -34.1 -31.3 1.1 -2.4 1.2
1557.5 -178.9 62.2 -14.9 2.6 -6.4
2626.7 -36.8 4.6 -9.4 -3.8 3.8
4 9.1 5.7
461.6 -34 -31.1 1 -2.7 1.4
1559.8 -180.3 62.7 -14.3 2 -6.2
2630.9 -33 6.5 -8.3 -3.8 4.6
4.2 9.2 5.9
461.9 -34 -30.6 0.8 -3.1 1.6
1561.8 -181 63.5 -13.8 1.4 -5.8
2635.6 -28.2 9 -6.7 -3.3 5.7
4.4 9.3 6.2
462 -34.1 -29.8 0.6 -3.7 2
1563.8 -181.6 64.6 -13.4 0.9 -5.3
2641 -22.6 12.2 -4.7 -2.7 7
4.7 9.3 6.6
461.9 -33.8 -28.6 0 -4.5 2.6
1566.4 -182.6 66 -13.1 0.1 -4.6
2647.2 -16.1 16.3 -2.1 -1.8 8.5
5.2 9.4 7
461.3 -33.7 -26.9 -0.8 -5.7 3.3
1568.6 -183.3 68.1 -12.9 -0.7 -3.6
2653.8 -8.8 21 0.9 -0.5 10.4
5.8 9.5 7.7
460.1 -33.2 -24.2 -2.2 -7.4 4.5
1571.2 -184.5 70.6 -13.1 -1.7 -2.4
2661.2 -0.7 26.4 4.3 0.9 12.5
6.8 9.4 8.5
457.9 -32.8 -20.2 -4.3 -9.8 6.2
1573.2 -184.9 73.9 -13.7 -2.8 -0.6
2669.2 8.6 32.7 8.2 2.9 15.3
8.5 9.5 9.6
454.1 -31.8 -14.3 -7.8 -13.5 9.1
1575.1 -185.5 78.3 -14.8 -4.2 1.7
2678.1 19.2 40.1 12.7 5.4 18.3
winner is: 2
