Regression analysis information for: KLH014a_1373
number of formants: 3
number of coeccicients: 5
13.6 37.3 115.9
547 38.7 -8.5 -25.7 -7.9 7
1030.5 27.1 73.1 24 32.4 -12.7
2795.7 -147.4 -291.1 -235.2 -187.7 -173.9
12.6 36.9 118.6
543 37.8 -2.3 -20.1 -6.4 5.9
1029.1 29.3 74.9 24.2 34.7 -12.6
2802.8 -137.1 -288 -232.3 -185.9 -175.2
12.4 37.1 121.6
541.7 38.8 0.8 -18 -5.7 6.2
1028.5 31.5 76.1 24.8 35.8 -11.8
2808.1 -127 -283.5 -228.1 -183.2 -177.9
11.7 37.2 125.4
539.4 39.4 5.9 -14.3 -5.3 5.4
1027.8 33.2 77.8 25 37.3 -11.5
2813.8 -115.5 -280.7 -225.1 -179.6 -179.9
11.1 37.4 130.2
537.9 40.1 9.5 -12 -4.4 5.5
1027.4 35 79.2 25.2 38.6 -10.7
2819.8 -104.2 -276.3 -221.3 -176.6 -182
10.9 37.6 136.4
536.7 41 13.7 -8.8 -3.6 5.5
1027.4 36 80.7 25.6 39.8 -10.2
2825 -93.1 -274.4 -220 -173.5 -184.6
10.8 36.8 142.2
536 41.9 17.2 -6.4 -2.2 6.1
1026.3 34.9 80 23.9 38.7 -11.2
2827.7 -86.7 -272.8 -219.2 -172.6 -189.1
10.9 38.4 139.9
535.6 43.1 19.8 -4.2 -1.2 6.9
1023.6 30.7 75.6 19.5 34.6 -15.1
2847.9 -41.9 -234.4 -182.9 -140 -163.2
11.9 39.2 134.1
534.7 42.5 20.7 -4.1 -1.4 6.3
1024.2 31.9 77.3 20.2 35.9 -14.3
2866.5 -1.3 -194.8 -149.2 -110.4 -140.6
11.5 38.4 126.3
536.1 45.8 24.9 -0.6 1.7 9.1
1028.1 39.2 85 27.2 42.7 -7.6
2877.9 24.7 -165.8 -125.4 -92.2 -125.1
11.3 38 133.4
535.4 44.7 24.9 -0.9 1.2 8.2
1026.8 36.2 82.6 24.3 40.3 -9.9
2869.3 12.7 -170.4 -133.5 -107.6 -142.4
12 38.4 119.4
535.8 45.5 26.6 0.5 2.7 9.7
1028.6 39.4 86.1 27.3 43.3 -6.6
2879.1 35.6 -139.7 -106 -86.1 -122.7
12.4 38.7 111.7
536.3 46.1 27.8 1.4 3.7 10.6
1029.2 39.2 86.8 27.4 43.8 -6
2873.8 27.5 -138 -105.2 -86.2 -118.6
12.5 38.7 104.3
536.6 46.3 28.8 2 4.1 11
1029.7 39.1 87.4 27.7 43.9 -5.6
2876 36.3 -119.7 -93 -81.4 -112.7
12.8 38.8 103.3
537 46.4 29.6 2.6 4.8 11.9
1030.2 38.8 87.7 27.9 43.8 -5
2872.5 28.7 -117.9 -92 -79.7 -105.8
14 40.5 100.8
536.7 44.8 28.6 1.5 3.6 11
1027.3 31.5 81.3 21.5 37.3 -10.9
2874.6 30.1 -110.1 -88.1 -78.3 -102
13 39.3 86.5
538.2 46.7 30.8 3.6 5.8 13.4
1031.5 38.3 88.7 28.8 43.9 -3.8
2880 35.4 -98.5 -74.6 -61.3 -79.9
13.2 39.5 79
539.1 47.1 31.7 4.3 6.2 14.1
1032.1 37.8 89.1 29.1 43.8 -3.4
2887.9 45.1 -84.2 -64.2 -54.4 -73.3
13.7 39.8 81.7
540.3 47.9 32.7 5.2 6.9 15.2
1032.9 37.8 89.7 29.9 43.8 -2.6
2898.1 54.8 -72.8 -54.6 -46.2 -65
13.3 40.3 84.4
540 45.9 31.5 4.6 5.9 15.2
1030.9 32.1 84.9 25.2 38.8 -6.7
2876.6 6.5 -108.6 -83.4 -68.6 -74.8
winner is: 18
