Regression analysis information for: KLH014b_0153
number of formants: 3
number of coeccicients: 5
19.5 34.5 43.9
455 -42.8 -87 -25.6 -18.5 -1.9
1019.1 -144.2 -44.9 22.8 57.2 53.6
2872.6 11.3 -77.7 104.6 -89.4 78.7
9.9 37.1 39.7
444.4 -54.2 -85.1 -14.3 -1.8 10.3
1008.6 -138.5 -27.1 20.4 50.9 48.7
2880.7 -2.3 -80.4 108 -88.5 70.1
7.6 30.9 34.8
438.4 -59.1 -80.7 -7.9 3.9 12.5
992.4 -134.3 3.4 18.1 28.3 41.8
2888 -16.3 -74.7 102.2 -79.5 62.6
7.6 24.6 31.9
435 -60.4 -77.4 -5.3 5.7 12.6
980.5 -130.3 26.3 13.9 11.1 37.3
2894.3 -31.1 -67.6 94.3 -70.2 56.3
8.8 21.7 30.9
431.4 -62.7 -73.3 -1.4 7.5 10.8
972.2 -126.5 41.9 11.6 0 30.2
2898 -48.4 -54.8 79.9 -59.5 53.5
8.8 14.7 31.8
428.4 -63.1 -69.5 -0.4 7.9 10.7
961 -122.2 62.6 5.2 -16.1 26.9
2889.8 -53.3 -21.1 41.6 -41.9 72.3
7 8.1 40.8
424.8 -63.5 -63.6 -0.1 5 9.3
951.1 -119.1 80.7 0.9 -28.5 22.6
2882.1 -56.3 2.5 11 -27.7 85
6.9 8.9 44.2
423.4 -64.1 -61.1 0.2 4.2 9.5
951.9 -118.5 82.3 -0.9 -30.6 22.5
2873.1 -53.7 23.3 -7.4 -23.9 99.4
6.5 8.5 48.1
422.2 -63.9 -58.8 -0.1 3.7 8.7
951.3 -116.6 83.2 -4.3 -28.8 20.2
2862.8 -45.7 35 -22.6 -19.2 112
6 8.6 46.1
420.8 -64.1 -56.7 -0.1 3 8
950.9 -114.1 82.5 -6.6 -27.1 18.5
2857.8 -42.7 44.8 -29.3 -18.5 120
5.6 8.2 43.6
419.2 -63.1 -55.5 -0.3 2.5 6.7
949.1 -109.7 80.9 -10.1 -22.9 15.5
2820 8.4 51.9 -80.7 43.8 88.7
5.2 9.7 32.2
418.8 -63.6 -55.1 -0.2 3.1 5.3
949.3 -108.6 79.4 -11.4 -21.2 12.9
2813.3 24.4 38.1 -73.1 56.6 59.4
4.7 10 29.4
418.6 -63.9 -54.3 -0.6 2.6 4.6
950.4 -109.4 78.4 -12.5 -20.4 11.7
2818.7 18.7 42.1 -66.4 48.9 65.6
4.7 10 28.9
418.2 -64.3 -53.8 -0.4 2.1 3.8
951.3 -110 77.3 -13.3 -20 11.8
2826.2 10.8 44.6 -57.8 41.7 69.6
4.5 10.2 28.9
418.3 -65.2 -53.9 -0.6 2.1 3.2
951.8 -111.1 76.5 -14 -19.8 11.6
2837.3 1.1 45.1 -45 33.8 72.8
4.3 10.6 27.2
418.5 -65.5 -54.4 -0.9 1.6 2.6
952.5 -113 75.3 -13.7 -19.5 11.1
2849.3 -9.2 42.8 -30 22.3 74.5
4.6 10.7 24.7
417.4 -65.9 -53.3 1.6 0.9 1.4
954.4 -110.2 71.7 -14.9 -20.8 13.7
2855.6 -22.4 40.4 -14.7 12.1 72
4.7 11.1 22.6
417.4 -66.3 -54.3 1.6 0.1 0.6
954.9 -111.8 69.5 -14.7 -21.3 14.1
2868 -31.5 36.3 3.2 2.1 70.8
4.8 10.8 22.4
416.6 -66.7 -54.1 1.6 -0.9 0.8
954.9 -112.3 67.2 -15.3 -20.7 16.7
2870.5 -33.2 43.2 5.7 -6.8 78.3
5.1 12 20.6
417 -67.9 -55.1 0.9 -0.3 0.5
954.9 -115.3 66.7 -16 -20.6 17.8
2879.7 -38 39.3 17.3 -13.2 76.5
winner is: 20
