Regression analysis information for: KLH014b_1639
number of formants: 3
number of coeccicients: 5
4.3 34.7 153.8
484.1 -51.1 -73.8 -0.9 -10.5 3.8
1210.1 105 -20.9 -29.1 54.3 50.4
2251.6 -215.1 134.6 -336.7 34.3 230.4
5.4 34.7 159.9
482.3 -46.2 -76.9 -0.7 -9.7 0.4
1208.1 114.6 -28 -26.6 54.6 43
2223.9 -132.9 80.6 -328 17.8 203.3
6 35.4 184.5
482.9 -46.9 -75.6 -1.8 -10.2 1.3
1210.4 115.7 -23.4 -28.2 55.2 44.1
2248 -181.8 127.8 -359.8 33.9 204.9
6.3 33.1 163.9
481 -45.5 -74.8 -1.3 -10.3 0.9
1207.1 118.7 -21.3 -27.2 56.3 47.2
2230.3 -167.8 122.8 -351.7 36.1 214.7
6.7 34.1 139.2
480.2 -43.5 -75.5 -1.8 -10.4 -0.5
1207.3 126.1 -23.1 -26.5 56.6 43.1
2191.4 -76.1 56.5 -332.2 28.9 175.5
6.9 33.4 152.8
481 -43.8 -74.8 -1.2 -11.2 -1.3
1211.3 126.5 -20.7 -25.7 54.1 40.3
2221.6 -126 97.4 -361.2 42.7 175
7.7 31.9 121.5
480.5 -43.5 -74 -0.4 -13.4 -1.4
1212.5 131.3 -18 -22.5 50.4 39.6
2188.6 -69.4 62.5 -336.5 21.5 173.5
8.7 30.3 61.9
479.1 -41.2 -73.2 -1.4 -12.3 -4.2
1212 138.5 -14.4 -23.8 52.1 33.8
2138.7 13 14.3 -323.2 33.3 113.1
8.4 27.3 66.5
479.2 -42.3 -70.7 0 -13.7 -3.9
1213.5 139.2 -6.1 -22.3 48.3 37
2153.3 -15.1 44.9 -335.5 19.3 125.1
9.2 27.6 56.9
478.2 -41.6 -69.6 0.8 -15.1 -5.8
1215.3 146 -1.5 -19.3 44.7 31.9
2142.3 -2.1 46 -330 6.5 118
10.2 28.2 67.3
480.1 -43.1 -68.9 2.6 -16.7 -7.4
1222.7 145.3 2.1 -13.1 40.6 25
2158.3 -38.1 92.2 -360.3 9.8 113.2
10.3 27.7 45.5
479.6 -42.5 -68.8 4.4 -18.3 -8
1225.3 152.5 5 -6.3 36.1 22.3
2138.9 -5.6 71.9 -339.4 -11.9 113.5
10 29.2 43.9
480 -43.1 -69.3 8 -19.1 -8.8
1228.9 151.3 2.9 6.7 36.1 19.4
2135.4 -4.2 78.4 -340.3 -19 119.2
10.4 31 46.2
480.2 -42.8 -68.5 9.3 -18.9 -11.9
1235.3 156.1 6.1 14.7 34.9 7.6
2131.8 -8.9 95.8 -345.1 -22.4 105.2
10.1 31.4 50.3
481.4 -45 -67.7 11.6 -19.3 -12.8
1244.7 157.5 9.6 25.9 34 0.8
2139.4 -25.9 114.6 -358.6 -16.5 108.5
10.1 33.8 59.4
483.1 -46 -67.2 14 -19.7 -14.4
1254.8 159 13.1 40.3 32.7 -7.3
2140.1 -38.9 140.5 -373.3 -15.4 106.3
10.2 36.2 65.2
483.9 -46.5 -67.9 16.8 -20.4 -15.6
1266.2 165.6 16 58.6 31.6 -13.5
2131 -34.5 149.4 -387.5 -7.8 111.1
10.2 36.2 75.9
485 -47.3 -66.6 18.1 -20.3 -16.3
1274.1 171.2 27 70.5 34.8 -13.8
2133.7 -57.2 171.6 -395.8 -3.2 104.9
10.9 33.5 90.8
487.1 -50 -66.9 21.8 -20.2 -18.3
1276 186.5 52 71.4 46.2 4.2
2120.3 -72 197.2 -414.4 20.7 103.5
10.2 40.7 93.1
487.3 -49.7 -65.4 21.2 -19.4 -17.4
1299.2 199.8 60.7 107.4 57.2 -3
2129.5 -105.9 194.2 -424.3 23.9 98
winner is: 13
