Regression analysis information for: KLH014b_0889
number of formants: 3
number of coeccicients: 5
61.7 15 5.2
935.3 2.1 -227.5 47.3 -85.4 -50.4
1392.7 -211.2 15.1 -24.4 -10.3 -28.5
2566.2 28.3 29.8 11 -5.2 -4.1
62.4 15.1 5.1
935.3 1.3 -226.9 48.2 -83.2 -51.4
1392.8 -212.4 15.2 -24.6 -9.5 -28.6
2566.9 28 29.5 10.8 -5.4 -3.9
61.2 16.5 5.4
925.2 -5 -237.2 44.9 -82.4 -55.9
1394.5 -214.3 19.5 -22.9 -5.8 -25.2
2568.6 29.8 29.7 11.3 -5.6 -2.7
63.4 15.4 4.9
932.1 -4 -225.7 51.6 -78.5 -53.2
1391.9 -213.9 16.7 -24.9 -8.3 -27.4
2568.7 27.8 29.2 10.4 -5.4 -3.6
63.7 15.9 4.9
928.5 -7.2 -222.6 54.1 -77.7 -55.6
1390.1 -214.5 17.7 -25.7 -7.8 -25.7
2569.6 27.4 28.8 10.4 -5.4 -3.9
62.5 16.6 4.9
923.1 -8.7 -218.4 57.1 -77 -59.8
1389 -215.9 17.9 -26.4 -6.8 -24.6
2570.3 27 28.7 10.5 -5.4 -3.9
61.9 17.3 4.9
917.7 -11 -215.5 57.1 -76.2 -61.1
1387 -216.3 18.9 -27.5 -5.7 -22.6
2571 26.6 28.6 10.6 -5.5 -4
57.9 20.7 5.4
902.8 -12.7 -220.1 53.8 -76.1 -69.7
1386.9 -220.2 22.2 -26.5 -0.4 -16.5
2572.3 27.7 29.2 11.7 -5.6 -3.3
58.4 18.9 5.3
897.5 -13.5 -198.7 61.2 -75.1 -69.6
1382.7 -218.3 20.4 -30.5 -2.7 -17.4
2571.6 25.1 29.3 12.2 -5.6 -5.2
53.3 18.9 5.4
887.1 -12.3 -193.8 56.8 -74.1 -69.8
1381.2 -217 22 -31.8 -2.3 -16
2572 24.8 29.8 12.4 -5.8 -5.4
49 18.6 5.4
875.7 -10.7 -189.9 55.3 -68.3 -69.6
1380.2 -216.4 22.7 -32.6 -1.6 -15.7
2571.7 24.1 30.3 13.2 -5.5 -5.7
44.9 18.4 5.7
866 -10.8 -184.5 51.7 -66.7 -68.7
1379.1 -214.9 23.7 -33.6 -1.1 -14.7
2571.4 23.6 31.4 14 -5.6 -6.1
41.6 17.9 6
855.8 -8.7 -180.4 47.4 -62.1 -66.9
1378.6 -214.2 24.4 -34.3 -0.6 -14.3
2570.8 23.1 32.3 14.9 -5.6 -6.6
38.9 17.7 6.1
846.9 -6.7 -176.4 43 -56.8 -65.1
1377.8 -213.4 25.1 -35.1 -0.1 -13.9
2570.2 22.7 33.5 15.6 -5.3 -6.8
37.4 17.5 6.4
840.1 -5.6 -172.8 39.6 -54.9 -63.6
1377.1 -212.3 25.5 -35.5 0.3 -13.2
2569.5 22.4 34.8 16.5 -5.2 -7.1
36 17.1 6.6
833 -1.7 -168.5 35.9 -51.9 -63.1
1376.7 -211.4 25.9 -36.1 0.5 -13.2
2568.3 22.2 36.3 17.5 -5 -7.6
35.1 16.9 6.8
827.5 -0.7 -164.1 31.1 -52.4 -57.5
1376.1 -210.6 26.5 -36.5 0.7 -12.2
2567.8 22.5 37.5 17.2 -5.2 -6.8
34.6 16.6 6.8
823.2 2.5 -161.3 27.8 -50.3 -54.4
1375.9 -209.8 26.7 -36.8 0.6 -12
2567.1 22.7 38.5 17.8 -4.7 -6.5
34.1 16.6 7.1
820.5 3.8 -160.3 25.7 -49.1 -53.6
1375.5 -209.1 26.8 -36.7 1 -11.6
2566.7 23.4 39.3 17.8 -4.3 -6.1
33.4 16.5 7.3
818.6 5.3 -159.7 24.1 -48.1 -52.7
1375.4 -208.5 26.8 -36.7 1 -11.6
2566.3 24 39.8 17.7 -3.9 -5.7
winner is: 20
