Regression analysis information for: KLH014a_0886
number of formants: 3
number of coeccicients: 5
4 7.7 13.3
424.9 5 11.5 2.5 -3.2 -4.9
847.2 51.7 15.5 16.8 -8.3 14.6
2572.4 115.5 -25.8 18.3 -23.2 15.4
3.8 8.4 15.2
424.3 3.1 11.3 2 -3.6 -5.4
846.9 53.4 14.6 18.7 -9.1 15.9
2566.1 104.2 -29.2 15.3 -27.9 11.2
3.5 9.6 14.8
424.3 3.1 10.7 2.4 -4.1 -4.5
846.8 55.2 13.2 20.2 -10.4 17.4
2565.7 99 -31.2 13.5 -27.9 11.5
3.5 9.7 15.4
424.6 2.4 10.3 2.2 -4.6 -4.4
846.8 56.5 12.6 21.2 -10.6 18
2565.7 93.7 -34.4 10.1 -31.2 10.6
3.7 9.9 14.9
425.5 2.4 10.3 2.4 -4.6 -4
846.8 57.8 11.7 21.8 -11.2 18.5
2569.6 93.4 -34.5 11 -30.6 12.2
4.3 9.8 14.5
426.2 2.7 9.9 3.6 -5.3 -2.9
845.9 59.8 9.7 23.1 -12.5 19.1
2573.9 93.2 -32.7 13.9 -29.5 14.6
4.1 9.5 13.9
427.9 1.4 11 2.7 -4.5 -3.5
845.6 60.9 9 23.1 -12.6 18.9
2579.6 92.9 -32.2 15.3 -29.5 16.6
4.8 9.5 13.5
429 1.9 10.3 3.6 -5.1 -2.8
844.6 62.5 7.6 23.9 -13.6 19.6
2585.3 94 -32.4 16.4 -29.2 17.1
8.2 10 12.9
429.5 4.6 7.4 7.2 -8.5 1
841.5 67.1 3.4 26.7 -16.3 21.2
2592.7 95.5 -30.7 19.1 -29 19.5
12.6 10.3 12.4
429.9 7.5 4.2 11 -12 4.9
838.8 70.8 0.5 28.2 -18.1 22.1
2600.5 96 -29.8 21.4 -29 21.6
25.2 9.5 11.7
427.4 17.8 -6 21.9 -22.1 15.5
835.6 73.1 -1.8 28.9 -19.5 22.2
2608.7 99.6 -28.8 24.3 -28.4 23.7
19.1 134.2 92.4
446.4 -17.4 26.4 -12.2 10.3 -18.9
885.7 -36.8 104 -84.2 87.8 -91.6
2656.1 17.8 49.2 -55.6 48.3 -56.4
18.8 136.4 92.6
447 -12.8 20.5 -6.6 5.3 -14.6
880 -31.7 101.2 -83.2 86.9 -92.2
2664.8 18.8 49 -53.9 47.7 -54.8
21 137.6 92.6
444.5 -0.4 7.8 5.5 -4.6 -5.9
874 -29.6 99.9 -84.3 85.8 -93
2674.7 22.9 50.7 -50.2 49 -52.1
25.5 184.3 122.5
460.8 -26.4 30.3 -18.6 18 -29
925.1 -146.5 211 -196.3 183.4 -187.4
2724.9 -57.3 130.2 -124.3 118.9 -114.1
30.9 185.4 122.7
460 -17.7 19.8 -12.6 14.1 -29
918.2 -143.9 212.8 -195.7 182.8 -186.2
2731.3 -57 128 -125.9 117.4 -114.4
39.6 185.4 123.8
458.8 -6.4 5.2 -3 9.4 -29.2
908.5 -143.5 215.8 -200.4 179.8 -185.7
2741.7 -52.1 130.6 -120.2 120.7 -110.1
25 158.3 103.9
482 -39.6 27.5 -24.2 26.3 -42.2
960.5 -263.4 334 -292.4 239.2 -206.8
2791.5 -134.4 199.7 -177.9 156.6 -128.7
33.4 159.8 104
485.8 -33.7 10.6 -17.6 28.5 -51.5
945.7 -259.1 347.4 -298.7 235.6 -201.7
2799.5 -135.8 197.6 -177 155.6 -125.6
20.3 138.4 89
505.9 -58.4 20 -27.5 30.4 -46.4
999 -386.9 457.5 -356.3 229 -136.2
2855.9 -210 267.1 -202 158.5 -82
winner is: 1
