Regression analysis information for: KLH014a_0801
number of formants: 3
number of coeccicients: 5
2.7 6.1 1.3
388.1 -20.8 -9.6 4.8 -4.6 4.3
1824.5 313.5 -54.4 24.8 0.4 12.8
2705.2 108.2 25 -7.7 3.2 -4.8
2.6 6 1.2
387.7 -20.6 -9.8 5 -4.8 4.3
1819.3 315.4 -54 24.9 -0.7 12.2
2704.3 108.6 25.7 -7.4 3.3 -4.9
2.6 5.4 1.5
387 -20.4 -9.6 4.8 -4.7 4.2
1813.1 318.6 -50.4 23 0.3 13.1
2703 109.6 26.1 -7.5 3.5 -5
2.6 5 1.4
386.5 -20.3 -9.2 4.8 -4.9 4.5
1803.8 319.2 -39.3 20.6 -4.2 15.1
2700.4 109.3 29.5 -7.4 2.2 -4.8
2.6 5 1.4
386.3 -20.6 -8.9 4.8 -4.7 4.3
1801 316.2 -38.2 22 -3 14.3
2698.9 108.8 30.1 -6.5 2.5 -5.1
2.6 5.1 1.5
386.1 -20.4 -9.3 4.9 -4.7 4.5
1797.2 316.2 -38.9 22.8 -1.4 14.9
2697.1 108 30.5 -5.6 3.5 -4.8
2.5 4.6 1.7
385.9 -20.4 -9.1 4.7 -4.5 4.4
1794.6 316.6 -38.2 22.1 0.2 14.8
2695.4 108.5 30.7 -5.3 4.2 -4.8
2.6 4.6 1.7
385.9 -20.4 -9.1 4.7 -4.6 4.5
1792.9 316.3 -36.7 21.7 -0.1 16
2694.2 108.1 31.4 -5 4.2 -4.2
2.6 4.3 1.9
385.8 -20.3 -9.1 4.6 -4.5 4.5
1789.6 315.9 -34.3 19.4 -0.3 16.4
2692.4 107.6 32.9 -5.4 4.5 -3.7
2.6 4.4 1.8
385.8 -20.5 -9 4.5 -4.5 4.5
1790.1 315.3 -33.2 18.5 0.1 16.4
2692.1 107.3 33.4 -6.2 4.7 -3.9
2.6 4.3 1.9
385.9 -20.4 -9 4.4 -4.4 4.4
1789.7 315.2 -34.3 17 1.4 16
2691.8 107.2 33.1 -6.6 5.5 -3.8
2.4 4.3 1.8
385.6 -20 -9 4.1 -4.2 4.3
1786.8 320 -33.8 14.7 2.2 14.6
2689.3 111.2 32.9 -7.8 5.9 -4.7
2.4 3.8 2.1
385.7 -20 -9.2 4.3 -4.3 4.2
1787.5 321 -35.5 13.8 2.2 14.8
2689.8 111.6 32.1 -8.2 5.7 -4.6
2.5 4.1 2
385.9 -20.1 -9.3 4.4 -4.4 4.3
1790.5 318.5 -36.6 15.6 1.9 13.9
2691.3 110 32 -7.7 5.5 -5
2.4 3.7 2.1
386.1 -20.5 -9.1 4.2 -4.2 4.2
1794.8 316 -38.4 16.7 3 13.9
2693.1 109 31.1 -7.5 6.1 -4.8
2.4 4 2.1
386.4 -20.6 -9.3 4.4 -4.3 4.2
1798 313.3 -41.2 17.5 4.2 14.2
2694.9 107 30.2 -7.4 6.9 -4.5
2.4 3.8 2.1
386.6 -20.9 -9.2 4.2 -4.2 4.1
1804.3 313.5 -43 17.7 3.6 12.7
2698.2 108 29.4 -8.3 5.9 -5.6
2.5 4.1 2.1
386.9 -21 -9.4 4.4 -4.3 4.2
1807.5 310.3 -46.8 18.2 5.2 12.8
2699.9 105.6 27.9 -8.4 7 -5.3
2.5 3.9 2.1
387.4 -21.5 -9.1 4.3 -4.2 4.1
1815.7 308.7 -48.5 18.6 4.5 12.5
2704.2 105.8 27.4 -9.2 5.8 -5.6
2.4 4.1 2
387.8 -21.7 -9.3 4.4 -4.2 4.1
1821.5 305 -54 20.5 5.8 11.9
2707.2 103.4 25.5 -8.9 6.3 -5.6
winner is: 15
