Regression analysis information for: KLH014a_0964
number of formants: 3
number of coeccicients: 5
25.1 12.8 24.1
744.1 -17.8 -74.1 16 -37.5 -43.9
1288.2 -45.1 -137.4 -35.8 -38.3 -9.5
2695.7 123.3 27.8 7.1 -2.1 -4.7
24.4 12.3 25.6
740.7 -19.4 -74.2 15.9 -35.5 -43
1287.2 -45.2 -136.9 -35.1 -37.4 -8.9
2694.7 121.4 28.3 7.8 -4.7 -4.1
23.8 12.2 26.7
738 -20.5 -74.1 15.3 -33.9 -42.6
1286.4 -45.6 -136.6 -34.8 -36.7 -8.4
2693.8 119.2 29.3 8.4 -6.7 -2.9
22.8 12 27.6
735.2 -20.4 -74 13.4 -31.8 -42.5
1285.8 -44.9 -136 -34.6 -36 -7.9
2692.5 116.9 29.3 8.2 -9.4 -2.2
22.6 11.6 28
733.1 -20.7 -74.1 12.5 -30.6 -42.8
1285.3 -44.9 -135.6 -34.4 -35.3 -7.6
2691 115.3 30.5 7.5 -12.1 -0.2
21.7 11.4 28.8
731.3 -20.5 -74.3 11.4 -29 -42.8
1284.9 -44.4 -135.3 -34.3 -34.7 -7.3
2689.3 113.5 29.5 6.6 -14.3 0.8
20.7 11.3 28.8
729.4 -19.9 -74 9.9 -27.3 -42.6
1284.4 -44.1 -135 -34.4 -34.1 -7
2687.7 112.9 29.8 6.4 -16.1 2.5
19.8 11.1 29.8
727 -18.3 -74 8.6 -23.3 -43
1283.6 -43.6 -135.1 -34.9 -32.9 -7.3
2686.1 113.1 30.9 5.8 -16.6 5.7
19.1 11.1 30.1
726 -16.9 -73.3 7.5 -21.3 -43.4
1283.2 -43 -134.8 -35.1 -32.3 -7.4
2684.9 113.9 31.6 7.1 -15.9 5.5
18.3 11.2 29.4
724.4 -15.4 -73.6 5.4 -18.6 -43.8
1282.8 -42.4 -134.8 -35.8 -31.2 -7.7
2683.3 114.9 30.5 4.6 -13.3 5.9
17.6 10.9 27.7
723.7 -13.9 -73.4 3.3 -16.6 -44.1
1282.8 -41.4 -134.3 -36.2 -30.1 -7.4
2680.8 118.9 30.7 -1.8 -8.8 5.6
17.2 10.8 24.8
722.8 -13.5 -73.5 2.6 -15 -44.2
1282.6 -41.2 -134.3 -36.5 -29.5 -7.6
2677.4 122 30.4 -5.8 -2.8 4
17.2 10.9 23.4
723 -12.4 -73.9 1.9 -13.8 -44.4
1282.7 -40.6 -134.4 -36.8 -29.1 -7.8
2675.1 127 27.4 -9 4.3 0.6
16.7 11 22
723.8 -11.6 -73.5 1.4 -13.1 -44.1
1282.9 -40.7 -134.6 -37.3 -29.1 -8
2676.8 129.1 27.8 -11.6 7.2 0.9
16.4 11.1 20.3
724.3 -10.9 -73.4 1 -12 -43.7
1282.9 -41 -134.9 -37.9 -29 -8.3
2676.9 132.4 27.6 -14.9 13.4 -0.3
16.6 11.2 20
725.3 -9.9 -72.9 0.7 -11.3 -43.8
1283 -41.1 -135.1 -38.4 -29 -8.6
2678 135.1 28.1 -16.4 16.7 -3
16.3 11.4 18.3
726.3 -9.3 -72.7 1.1 -10.5 -43.3
1283 -42 -135.8 -39.1 -29.4 -9.2
2681.1 136.1 27.2 -16.1 19.7 -3.1
16 11.6 17.1
727.8 -8.1 -72.4 0.6 -9.6 -42.8
1283.1 -42.5 -136.4 -40 -29.8 -9.7
2685 137.5 26.8 -18.4 22.2 -2.1
16.1 11.9 16.7
729.6 -6.7 -72.4 0.3 -9.1 -42.5
1282.9 -43.6 -137.4 -40.9 -30.3 -10.4
2689.6 140.4 25.3 -20.2 24 -2.3
16.1 12.3 15.9
731.8 -5.3 -72.1 0.5 -8.2 -42
1282.7 -45.2 -138.8 -42.2 -31.2 -11.4
2695.8 141.2 23.7 -19.7 26.1 -1.9
winner is: 20
