Regression analysis information for: KLH014a_1166
number of formants: 3
number of coeccicients: 5
3.7 3.1 9.3
608.6 -77.8 -34.7 -22.8 8 -5.9
1204.1 27.1 -4.7 0.7 4.4 -4.2
2488.2 -2.3 -47.7 -52.5 -0.4 -1.9
3.9 3.3 9.4
610.3 -76.6 -36.4 -24.3 8.3 -5.2
1205.6 28.4 -5.9 -0.1 4.5 -4.5
2492.6 5.1 -47 -53.7 -3.3 -5.1
4.1 3.4 9
611.9 -75.6 -38.3 -26 8.8 -4.4
1207.4 29.7 -6.9 -0.8 4.8 -4.3
2497.1 10.7 -44.2 -52.9 -2.4 -5.9
4.3 3.5 8.8
613.7 -74.2 -39.8 -27.5 8.6 -3.3
1208.8 30.9 -7.5 -1.1 4.5 -4.2
2500.5 17.4 -41.8 -49.8 -2.1 -4.9
4.6 3.6 8.4
615.3 -73.1 -41.7 -29 9.3 -2.4
1210.3 32.1 -8.4 -1.7 4.9 -4.2
2503.5 22.3 -39.7 -47.8 0.2 -4.7
4.6 3.7 8.5
617.3 -71.5 -42.9 -30.9 9 -1.7
1211.9 33.7 -8.5 -2.1 4.6 -4.2
2508.4 28.6 -34.7 -45.1 1.1 -3.6
4.9 3.6 8.7
619.3 -70.4 -44.9 -32.8 9.4 -0.5
1213.6 34.8 -9.2 -2.5 4.6 -4.1
2512.4 32.3 -31.1 -42.7 3.3 -1.8
4.8 3.7 8.8
620.8 -69.3 -45.9 -34.2 9.1 -0.1
1214.9 36 -9.1 -2.5 4.3 -4.5
2516.4 37 -26.6 -39.9 5.5 -0.5
5 3.8 9
622.8 -67.6 -46.4 -36.6 8.4 0.8
1216.1 37.6 -8.3 -3.3 3.8 -4.3
2521.1 41.3 -19.8 -38.1 8.3 1.4
4.6 3.8 9.4
623.6 -67.1 -46.4 -36.6 8.4 0
1217.3 38.6 -7.8 -2.6 3.6 -5.2
2525 44.6 -15 -35.2 10.9 2.4
4.7 3.8 9.7
625.6 -65.3 -46.8 -38.5 7.3 0.3
1218.9 40.3 -7.1 -2.6 3.1 -5.5
2530 49.4 -8.2 -31.8 13.9 4.7
5.1 4 9.9
628 -63.7 -48.2 -41.2 7 1.5
1220.6 42 -6.5 -3.1 2.5 -5.6
2534.3 51.6 -3.2 -30.9 16 6
5.7 4.1 9.8
630.2 -60.7 -48.4 -44.5 4.6 2.2
1221.8 44.4 -5.1 -3.8 1.2 -5.6
2536.7 56.2 0.7 -29.4 16.2 8
6.2 4.2 10.2
633 -58.2 -48.9 -47.5 2.5 2.1
1223.8 46.5 -4.2 -3.9 0.1 -6.5
2540.9 57.5 5.6 -28.7 17.5 8.5
7 4.3 10.4
636.1 -55.5 -50 -51 0.7 2.2
1226 48.6 -3.3 -4 -0.9 -7.3
2545 57.9 9.8 -28.6 18.7 8.7
7.9 4.5 10.8
639.6 -52.5 -50.8 -54.6 -1.2 2.7
1228 50.8 -2.1 -3.7 -1.5 -7.7
2548.7 57.5 13.8 -28.8 19.5 9.4
9.3 4.6 10.6
643.3 -49.4 -52.5 -58.9 -3.1 3.5
1230.1 52.9 -1.3 -3.7 -2.3 -8.3
2552.2 57 17 -29.4 20.6 9.2
10.8 4.8 10.9
647.1 -45.7 -53 -63.1 -6.2 3.5
1232.1 55.2 0.1 -3.4 -3.2 -8.9
2555.5 56.2 20.6 -29.7 20.6 9.7
12.1 4.9 10.9
650.5 -42.9 -53.8 -66.8 -8.1 3.7
1234.2 57.2 1.3 -3 -3.9 -9.4
2559.2 54.2 24.4 -30.6 21.6 9.6
13.8 4.8 10.9
654.4 -40.2 -55.1 -70.7 -9.4 4.8
1236 58.6 2.4 -2.1 -4.1 -9.7
2563 51.4 27.9 -31.7 22.8 9.3
winner is: 1
