Regression analysis information for: KLH014a_1429
number of formants: 3
number of coeccicients: 5
1.2 48.8 47.2
343.5 -10.9 0.3 2.1 -1.8 0.5
1523 75.4 173.1 -130.9 103.8 -165.4
2871 25.4 -61.7 -96.7 -172 -63.2
1.1 40.3 47.6
343.6 -11.3 0.5 2 -1.6 0.3
1523.4 54.6 172.6 -140.5 104.3 -181
2875.9 19.3 -60.9 -110.8 -173.8 -70.7
1 36.1 51
343.4 -11.7 0.8 1.8 -1.2 0.1
1516.4 26.8 172.9 -167.1 110.1 -200
2881.3 5 -65 -138.4 -180.5 -84.4
0.9 41.8 64.5
343.3 -11.8 0.8 1.7 -1.1 0.2
1496.8 -9 153.4 -194.3 106 -203.3
2873.6 -17.8 -82.7 -157.6 -188 -85.8
0.9 55.2 72.1
342.9 -11.4 0.5 1.8 -1.1 0.1
1488.5 -10.5 152 -201.6 113.6 -209
2872 -22.4 -87.8 -161.8 -186.3 -79.6
0.8 58.1 75.1
342.9 -11.6 0.6 1.8 -1 0.1
1484.2 -17.2 157.8 -202.1 116.4 -199.8
2878.5 -26.1 -84.2 -175.8 -185.8 -86.3
0.7 60.2 75.2
342.9 -11.8 0.8 1.8 -1 0.1
1481.3 -15.5 163 -200.1 113.5 -196.3
2884.1 -26.2 -78.6 -183.6 -185.2 -92
0.6 60.4 80.7
342.8 -11.9 1 1.8 -0.9 0
1479.2 -20.5 168.4 -193.5 117.2 -195.1
2884.5 -28.4 -71.4 -182.2 -184.1 -99.7
0.6 60.4 79.4
342.8 -12 1 1.9 -0.8 0.1
1479.2 -23.7 175 -194.1 123 -188.6
2886.7 -29.5 -68.9 -184.4 -179.4 -98.2
0.6 59.9 81.5
342.9 -12.2 1.2 1.8 -0.8 0.1
1475.6 -32.8 176.9 -193.8 124.1 -182.5
2880.4 -42.5 -62.7 -175.5 -167.4 -97.7
0.6 62.7 75.9
342.7 -12.2 1 2.1 -0.8 0.4
1469 -48.9 180.4 -185 142.2 -168.3
2854.4 -80.3 -59.1 -137.8 -116.2 -64.3
0.7 65.1 63.5
342.7 -12.2 1.1 2.2 -0.9 0.5
1470 -53.6 187.7 -181 150.2 -163.2
2844.5 -96.5 -50.2 -117.1 -91.2 -53.3
0.6 70.7 25.6
342.4 -11.8 0.8 2.5 -0.9 0.7
1465 -46.6 201 -175.4 165.1 -158.3
2808.1 -127.8 -36.9 -49.6 -25.6 -24.1
0.7 73.7 24.2
342.2 -11.4 0.5 2.9 -1.1 1.1
1457.3 -39.4 202.8 -158 178.5 -146.1
2773.8 -96.2 -70.2 18.9 -35.6 24.5
0.7 74.3 27.5
342.2 -11.4 0.6 3 -1.2 1.1
1461.3 -17.4 204.3 -145.5 169.8 -141.4
2787.8 -91.5 -61 -0.3 -41.6 8.4
0.7 77.6 29.7
342.4 -11.5 0.7 3 -1.2 1.2
1471.9 -15.1 221.9 -145 179.4 -140.2
2796.6 -87.5 -54.8 -8.6 -43 2.9
0.7 68.3 27.3
342.4 -11.4 0.6 3.1 -1.4 1.4
1470.1 16.4 216.1 -115.5 169.5 -116.8
2798.7 -74.8 -60.3 -5 -53.5 10.3
0.7 46.5 24.8
342.5 -11.4 0.6 3.3 -1.6 1.7
1469.6 50.1 209.4 -84.6 153 -87.7
2803 -61.4 -64.2 -3.3 -65.3 14.9
0.9 31.3 28.1
342.4 -11.1 0.3 3.7 -1.9 2
1464.5 92.6 187.8 -46.9 127.6 -59.5
2812.1 -51.7 -67 -12.7 -75.9 13.3
0.9 36.3 31.4
342.6 -11.2 0.5 3.7 -2 2.1
1485.9 114 219.5 -36.3 141.1 -52.8
2823.6 -42.3 -68.5 -29 -89.1 9.7
winner is: 19
