Regression analysis information for: KLH014b_0507
number of formants: 3
number of coeccicients: 5
8.4 12 13.1
905.5 165 -55.6 32.8 10.9 12.1
1575.2 -156.8 0.4 -23.7 15.2 -19.5
2514 -88.6 77.5 -15.2 31.7 -4.4
8.4 11.6 15.6
907.1 165.4 -55.3 33.8 11 12.2
1577.4 -157.9 0.3 -22.5 14.2 -19.1
2519.1 -91.7 80.1 -16.7 35.8 -8.6
8.2 11.2 14.6
909.1 165.3 -55.1 34.7 10.8 12
1578.8 -159 0.1 -21.3 13.1 -19
2521.1 -89.1 77.7 -13.8 34.4 -7.8
8.1 10.8 13.7
910.6 165.6 -55.2 35.4 10.6 11.8
1581 -160.4 -0.3 -20.2 12 -18.7
2523.8 -88 75.1 -10.8 33.1 -7.4
7.7 10.3 13.2
912.4 164.1 -55.9 35.6 9.9 11.3
1582.2 -161.8 -1 -19.5 10.8 -19
2525.4 -87.9 71.7 -9.7 31.8 -7.9
7.9 9.8 12.9
914 165 -55.7 36.7 10.2 11.4
1584.3 -162.6 -1.3 -18.2 10.1 -18.5
2528.7 -86.5 70.8 -7.3 32 -7.3
7.7 9.5 12.7
915.5 163.3 -56.8 36.8 9.4 10.5
1585.5 -164.4 -2 -17.4 9.1 -18.7
2530.1 -87.7 67.3 -6.8 30.8 -8.6
8 9.1 12.6
917.9 164.1 -56.3 37.8 9.4 10.4
1587.4 -165.2 -2.3 -16.4 8.1 -18.6
2533.9 -85.9 66.7 -5 31 -8.7
8.2 8.8 12.8
919.7 164.3 -56.4 38.5 9.3 10.4
1589.6 -166.2 -2.8 -15.4 7.3 -18.3
2537.2 -85.7 65.3 -3.9 31.2 -8.9
8.2 8.4 12.9
921.7 163.5 -56.9 38.9 9.1 10
1590.9 -167.5 -3.4 -14.6 6.3 -18.4
2539.6 -85.7 63.2 -3.3 31.1 -9.4
8.3 8.1 13
922.9 162.7 -58.3 38.9 8.4 9.8
1592.9 -168.7 -4.3 -13.9 5.4 -18.2
2542.2 -87.5 60.4 -3.6 30.8 -10.3
9 7.9 13.1
924.6 161.8 -58.8 39.9 9.1 10.3
1593.9 -170.2 -4.9 -12.8 5 -17.9
2544.4 -88.1 58.5 -2.2 32.4 -9.5
9 7.8 12.8
926.1 162 -59.4 39.7 8.7 9.8
1595.7 -170.6 -5.4 -12.4 4.4 -18
2547.4 -88 56.7 -2.6 32.3 -10.6
9.5 7.4 13.3
927.4 163.1 -60.1 41.1 9 9.4
1596.5 -170.4 -6.6 -11.3 4.3 -18.9
2549.7 -87 55.5 -0.6 33.2 -11.6
9.8 7.3 12.9
929 163 -60.5 43.1 9 10.1
1597.5 -171.3 -7.3 -9.7 3.3 -18.2
2551.3 -86.4 53.9 2.4 33.9 -11.1
10.7 7.3 14
930.3 162.9 -61.6 42.9 9.2 11.2
1599.2 -172.2 -8.1 -9.5 2.7 -17.5
2554 -87.1 51.8 1.2 34.5 -9.2
10.9 7.4 14.2
932.5 164.2 -60.7 43.4 9.4 11.2
1599.9 -172.3 -8.1 -9.6 2.3 -17.7
2556.7 -84.7 52.4 1.5 34.6 -9.3
11.1 7.4 14
933.9 165.3 -60.4 44.6 11 12.1
1601.1 -172.7 -8.6 -9.1 2.5 -17.4
2559.1 -84.1 52 3.1 37.3 -8.2
11.4 7.6 14.6
935.3 165.7 -61.2 43.4 10.4 12.3
1601.7 -172.5 -9 -10 2 -17.3
2560.8 -83.1 50.5 1 36.3 -7.8
12.2 7.9 14.7
937.2 165.8 -61.6 43.9 11.2 12.3
1603.1 -173.1 -9.6 -9.6 1.9 -17.6
2563.7 -83.1 48.9 1.7 37.7 -8.3
winner is: 11
