Regression analysis information for: KLH014a_1426
number of formants: 3
number of coeccicients: 5
22.6 12.3 34.8
707.9 44.2 -249.2 -60.6 -22.3 18.2
1453.4 25.5 19.3 -48 10.3 14.6
2737.4 8.4 10.3 3.5 -12.7 -25.9
22.7 11.2 27.7
705.9 44 -250.3 -61.2 -20.9 18.7
1451.9 25.7 17.9 -48.2 10.7 14.8
2745.4 24.1 18.2 19.9 -5.7 -20.9
22.8 10.6 18.5
704.5 41.7 -251.7 -61.3 -18.8 19
1451 24.3 16.9 -49.4 12.1 14.2
2754.9 24.2 35.4 16.9 8.5 -25.7
22.8 9.9 26.6
703 41.8 -252.4 -61.7 -18.9 19.6
1449 24.6 14.5 -49.1 10.7 15.4
2749.3 37.8 23.2 30 -3.5 -12.5
22.9 9.4 15
702 39.5 -251.8 -60.5 -17.1 18.9
1449.2 22.8 16 -49.8 12.7 14.2
2761.5 29.1 44.4 18.3 15.2 -23.5
23.1 8.8 13.9
701.5 38.7 -251.7 -59.1 -16.2 19
1449.5 22.3 17 -49.2 13.6 14.7
2762.7 31.1 46 18.4 16.5 -22.9
23.3 8.2 15.5
701.5 37.1 -251.7 -57.2 -15.4 18.6
1449.9 22.9 17.5 -47.4 14.4 15.7
2760.7 35.9 41.4 21.3 12.4 -19.1
23.3 7.8 15.9
701.6 36 -251.1 -55.1 -14.6 18
1450.6 23.2 18.9 -45.7 15.3 16.4
2760 38 39.2 21.5 11.1 -18
23.3 7.9 14.2
701.5 35.4 -250 -53 -14.3 17
1451.6 22.9 21.3 -44.5 16.4 16.5
2761.8 35.2 41.6 17.3 14.5 -21.2
23.1 8 15.4
701.4 33.5 -249.1 -50.2 -13.7 16
1452.2 23.6 22.7 -42.3 17.1 17.4
2761 38.3 38.6 19 12.1 -18.7
23.1 8.5 14.9
700.7 32.1 -247.6 -47.1 -12.5 15.2
1453.2 22.7 25.6 -41 18.6 17.3
2763.5 34.7 41.9 14.1 16.1 -22.8
23 8.8 15.3
700 29.5 -245.5 -43.2 -11.5 13.7
1453.6 22.7 27.9 -39.1 19.6 17.2
2764.1 35.4 41.1 13.5 15.9 -22.2
22.8 8.7 15.4
697.9 28.8 -241.1 -41.4 -12 14.5
1453.8 22.6 32 -38.1 19.7 18.5
2764.8 35.7 40.3 13.4 15.8 -22
22.7 9.4 15.6
696.7 27.2 -238 -37.8 -12.1 11.9
1454.1 22.6 34.8 -35.9 19.8 18.3
2765.6 36 39.7 12.9 15.9 -21.3
22.7 9.9 15.6
695.7 24.8 -235.5 -34.1 -12 10.7
1454.9 22.6 38.1 -34.2 21.1 18.6
2766.3 36.6 39.4 13.1 15.6 -20.7
22.3 10.3 15.8
693.8 22.9 -232.1 -29.9 -11.2 9.6
1455.1 21.9 41.3 -32.4 21.7 18.8
2767.1 36.7 39.1 12.7 15.5 -20.4
21.2 10.8 15.8
690.5 18.2 -228.7 -25.5 -11.8 5.9
1453.1 17.8 41.5 -32.8 20.1 16.6
2767.8 36.8 38.6 12.3 15.2 -20
21.4 11.6 16.2
685.4 14.8 -221.1 -19.5 -11.8 4.5
1452 15.9 46.7 -30.3 20.9 16.9
2768.2 36.1 38.5 12.2 15.5 -19
21.3 12 16.4
683.1 11.9 -217.1 -16.2 -13.3 2.1
1451.1 14.4 48.6 -29.5 20 16.1
2768.6 35.6 38.4 12.3 15.5 -18.6
21.5 12.2 16.5
681.1 9.3 -213.5 -12.1 -13.6 0.1
1450.9 13.4 51.4 -27.9 20.2 15.7
2768.8 35 38.8 12.8 15.7 -18.4
winner is: 9
