Regression analysis information for: KLH014a_0157
number of formants: 3
number of coeccicients: 5
2.6 21.5 32.8
365.3 9.7 -19.1 4.1 -6.5 1.8
1968.9 -376.3 -72.6 -29.7 -18.2 -24.7
2482.4 -105.1 23.2 -33.2 1.1 -72
2.6 21.6 32.2
365.4 9.9 -19.2 4.1 -6.5 1.9
1972.5 -375.8 -76.1 -28.8 -17 -24
2494.2 -112 21.5 -30.9 2 -75.6
2.5 21.2 31.2
365.6 9.7 -19.2 4 -6.5 1.8
1974.6 -377.3 -80.1 -28.8 -16.2 -23.5
2503.8 -123.4 15.4 -29 0.5 -76.9
2.5 21.5 30
365.6 9.8 -19.4 4.1 -6.6 1.9
1978.3 -377.9 -84.2 -28.4 -15.3 -22.3
2516.8 -134.5 11.3 -26.4 1.4 -80
2.6 21.9 29.1
365.9 9.7 -19.4 4.1 -6.5 1.8
1981.6 -377.8 -87 -28.2 -14.3 -21.8
2531.4 -141.1 8.5 -22.2 0.4 -84.1
2.5 21.8 28.2
366.1 9.9 -19.4 4.1 -6.5 1.9
1986 -376.9 -90.1 -27.7 -13 -20.1
2547.8 -148.7 4.3 -16.4 0.7 -87.3
2.5 21.7 27
366.3 9.7 -19.5 4.1 -6.5 1.9
1988.6 -378 -93.5 -28.6 -12.2 -19.2
2563 -162.1 -0.9 -14.6 1 -90.7
2.5 21.4 25.7
366.5 9.6 -19.5 4.1 -6.5 1.9
1992.3 -378.3 -96.2 -28.6 -10.6 -17.4
2581.7 -178.4 -4 -9.5 3.5 -92.3
2.4 21.3 24
366.6 9.7 -19.6 4.1 -6.5 2
1996.2 -378.3 -99.5 -29.1 -9.8 -15.5
2599.5 -191.2 -12 -4.4 3.6 -93.7
2.5 21.3 21.8
366.9 9.7 -19.7 4.1 -6.5 2
1999.2 -378.3 -101.8 -29.8 -9.1 -14.4
2618.9 -202.5 -15.9 0.3 2.4 -96.3
2.4 21.5 19.4
367.1 9.8 -19.7 4.2 -6.4 2
2003.6 -377.3 -104.4 -30.2 -8.1 -12.9
2641.9 -215.7 -22.8 7.5 3.2 -100
2.4 21.3 18.2
367.4 9.7 -19.8 4.3 -6.4 2.1
2006.2 -377.3 -105.9 -29.9 -7 -11.3
2661.5 -227.2 -29.9 17.6 2.2 -99.6
2.4 20.8 18.3
367.6 9.9 -19.7 4.2 -6.4 2
2009.7 -375.4 -106 -31.1 -7.1 -10.4
2676.4 -233.3 -21.9 13.7 -0.9 -103.1
2.4 20.8 17
367.8 10 -19.6 4.2 -6.5 2.1
2012.6 -374.1 -105.4 -31.9 -7.2 -9.3
2694.4 -245.9 -8.6 8.6 -7.4 -94.2
2.5 20.9 17.5
368.1 10 -19.6 4.3 -6.5 2.1
2014.9 -373.6 -105.3 -31 -7.3 -9.3
2715.5 -257.4 -9.6 19.1 -15.9 -94
2.5 20.9 18
368.4 10.3 -19.5 4.4 -6.5 2.1
2019.8 -370.5 -105.3 -31.5 -6.3 -8.1
2742 -268.1 -6.7 21.3 -16.8 -95.9
2.5 20.5 19.7
368.7 10.3 -19.5 4.3 -6.6 2.1
2023.1 -369.1 -105.6 -32.1 -5.8 -7.2
2767.7 -279.3 -5.3 22.3 -20.8 -97.1
2.5 20.1 20.3
369 10.6 -19.4 4.4 -6.6 2.2
2027.7 -365.2 -105.7 -32.8 -5.2 -5.8
2789.7 -278.9 -7.6 23.6 -21.9 -101.2
2.4 19.6 22.6
369.3 10.7 -19.4 4.3 -6.6 2.2
2030.9 -362.6 -105.4 -33.6 -4.4 -4.5
2811.2 -281.5 -3.8 19.3 -26.4 -98.4
2.5 19.2 29.3
369.6 10.8 -19.4 4.3 -6.6 2.3
2035.3 -359.7 -104.9 -34.2 -3.7 -2.7
2843.1 -293.6 2 17.9 -35.2 -89.7
winner is: 14
