Regression analysis information for: KLH014b_0343
number of formants: 3
number of coeccicients: 5
12.2 185.6 55.4
340.2 22.4 7.5 -1.9 17.5 14.7
2222.2 -40.2 -16.7 -151 36.8 54.4
2880.5 -26.9 43.8 -27.4 5.8 -0.6
12.1 176.3 55.7
340 22.8 6.9 -1.5 17.2 14.7
2238.9 -45 -33.7 -153.6 52.9 57.8
2884.5 -30.6 44.3 -30.1 10.2 1.7
11.9 177.3 52.9
339.8 23.2 6.5 -1.4 17.1 14.6
2245.8 -49.9 -35.6 -159.1 54.9 64.7
2889.1 -37 47.1 -30.2 10.4 -0.8
12 165 51.9
339.5 23.9 5.8 -0.8 16.7 14.9
2262.8 -63 -46.6 -151 59 53.5
2892.6 -41.8 50.4 -32.3 11 -0.7
11.8 158.9 50.8
339.3 24.2 5.4 -0.6 16.8 14.5
2274.3 -74.1 -52.6 -144.4 53.8 56
2894.8 -43.9 51.1 -32.3 9.9 0.7
11.7 157.6 51.5
339.2 24.3 5.3 -0.6 16.7 14.5
2281.4 -76.6 -60 -142 51.9 61.9
2895.9 -43.8 49 -30 9.2 -0.1
11.7 151.9 50.4
339.2 24.3 5.1 -0.5 16.7 14.3
2291.2 -87.1 -72.7 -129.3 45.2 56.5
2896.9 -44.5 47.7 -27.5 7.8 -2
11.7 149.6 51.7
339.1 24.5 4.9 -0.3 16.6 14.3
2296.5 -88.3 -83.4 -123.6 42.5 61
2897.7 -44.3 44.1 -24.8 6.6 -0.6
11.6 142.8 51.7
339.1 24.5 4.7 -0.2 16.4 14.3
2302.7 -93.8 -91 -119.2 37.5 61.6
2900.3 -47.7 41.4 -21.5 4.7 -1.1
11.5 134.1 52
339.1 24.5 4.6 -0.1 16.4 14.1
2309.2 -98.8 -100.3 -108.6 31.7 58.4
2901.1 -47.5 38.7 -19.1 3.8 -1.5
11.4 138.4 58.2
338.8 24.7 4.6 0.1 16.4 13.8
2287.1 -118.8 -60.2 -62.3 -11.1 13.7
2901 -50.3 38.1 -14.6 3.7 -4.4
11.3 127 57.7
338.8 24.7 4.6 0.1 16.4 13.6
2293.4 -124.2 -67.6 -55.1 -20.1 12.7
2901.6 -51.3 35.9 -13.6 3.7 -4.6
11.3 127.9 59
338.7 24.8 4.5 0.1 16.4 13.5
2293.4 -132.9 -66.6 -39 -28.5 1
2901.7 -52.6 34.1 -12.3 4.6 -5.1
11.2 128.6 54.7
338.6 24.9 4.5 0.1 16.3 13.4
2291.8 -132.5 -63 -30.5 -38.4 -1.8
2899.4 -53.2 40.1 -11.2 -2.5 -5.8
11.1 126.6 53.4
338.6 25 4.5 0.2 16.4 13.3
2296.2 -135.1 -64.3 -20.8 -46.6 -3.9
2898.9 -53.8 43.7 -10.7 -6.1 -6.3
11.1 123.9 55.1
338.5 25.1 4.5 0.2 16.3 13.2
2303.4 -136.7 -71.9 -9 -54.3 -3.7
2900.5 -52.8 40.8 -10.1 -5.1 -6
11 119 55.7
338.5 25.2 4.5 0.2 16.3 13.1
2306.1 -136.3 -64.8 -5.7 -60.9 -6.9
2902.5 -53 42.6 -10.7 -4.9 -6
10.9 114.3 47.9
338.4 25.4 4.6 0.1 16.3 13
2312.1 -138.4 -59.8 2.3 -70.6 -10.2
2898.8 -52.4 54.9 -11.9 -15.3 -6.2
10.7 111.5 55.9
338.3 25.7 4.5 0.1 16.5 12.8
2324.7 -141.7 -61.1 -0.5 -63.4 -5.6
2905.8 -52.4 47.5 -13.5 -3.2 -6.9
10.6 104.5 52.6
338.3 25.8 4.5 0.1 16.5 12.8
2336.9 -140.3 -66 -1.3 -58.9 -1.5
2904.9 -50.2 53.2 -15.2 -6 -8.5
winner is: 20
