Regression analysis information for: KLH014b_1376
number of formants: 3
number of coeccicients: 5
20.3 26.2 113.6
765.9 14.8 -137.3 70.3 -4.7 -34.8
1431.1 -222.6 33.8 -30.5 -29.7 -4.4
2391.4 -145.9 -106.3 -27.7 -126.6 11.1
19.8 41.6 97.7
764.6 14.5 -136.3 68.5 -4.7 -31.9
1424.9 -210.8 22.4 -18.6 -41.5 8
2406.9 -176.2 -77.8 -53.8 -100 -16.9
20.9 23.3 76.1
762.8 12.8 -135.3 67.2 -5.7 -30.5
1432.1 -229.5 38.3 -37.4 -26.3 -9.7
2420.2 -209.2 -51.4 -81.5 -75.3 -45.5
20.3 13.7 30.2
760.4 14.7 -132 63.7 -5.1 -26.6
1436.3 -238.5 48.1 -46.6 -17.9 -16.7
2443.6 -258.7 -6.2 -124.4 -36.1 -83.4
20.7 14.1 31
757.4 16.7 -128.6 58.5 -5.7 -22.3
1435.3 -238.2 48.9 -48 -18.1 -15.7
2444 -261.4 -6 -124.7 -38.8 -81.6
20.5 14.3 32
753.8 19.4 -124.6 53.2 -4.2 -19.9
1434.5 -238.3 49.3 -49.3 -18.3 -15.3
2442.2 -262.9 -4.8 -124.8 -41.6 -81
19.3 14.4 31.8
750.6 19.7 -122.6 49.5 -3.9 -20.6
1433 -239.5 48.4 -51.4 -19.2 -15.8
2438.5 -267.1 -6.3 -128.5 -46 -81.5
19.1 14.4 32.6
748.4 20.8 -120.9 46.7 -3.6 -19.8
1432.1 -240 48.2 -52.6 -19.4 -15.7
2435 -270.5 -6.4 -133.2 -49.1 -81.1
18.8 14.3 34.3
746.5 22.5 -118.9 44.1 -3.3 -18.3
1431.6 -240 48.6 -53.3 -19.6 -15.3
2431.5 -270.9 -2.3 -136 -52.8 -80.5
19.7 14.8 33.4
743.8 23.4 -117.3 39.7 -3.1 -15.7
1430.1 -240.6 48.2 -55.4 -20 -14.9
2426.2 -273 -1.5 -144.7 -53.6 -76.7
20.8 15.5 42.4
740.4 27.2 -115.3 33.5 -0.7 -14.2
1428.7 -239.7 48.5 -57.7 -19.2 -15.3
2412.3 -256.6 4.8 -167 -37.9 -81.6
21.1 15.3 41.8
739.1 28.5 -114.9 31.6 -0.2 -13.1
1428.2 -239.3 48.8 -58.3 -18.7 -14.7
2408.2 -255.3 10.3 -176.6 -35.6 -77.6
20.7 15.2 40.9
738.4 29.9 -115 30.9 0.2 -13
1427.8 -238.7 48.6 -58.5 -18.3 -15
2404 -249.3 10 -183.6 -29.8 -82.2
20.3 15 39.7
738.4 30.3 -115.3 30.5 0.5 -12.3
1427.7 -238.6 48.5 -58.5 -18.1 -14.8
2403.8 -250.3 9.3 -186.2 -30.2 -80.3
20.3 15.2 39.6
738.4 30 -115.8 30 0.6 -12.4
1427.4 -238.6 48.3 -58.8 -18.1 -15
2403.1 -247.7 8 -186.8 -28.5 -81.1
20.6 15.1 36.9
738.2 30.2 -117.4 29.6 0.1 -12.1
1427.3 -238.9 47.6 -58.9 -18.4 -15.2
2403.6 -247.1 5.6 -188.2 -26.6 -82.1
20.4 14.9 34.9
738.6 30.3 -118 29.7 0.3 -12
1427.2 -238.5 47.5 -58.7 -17.9 -15.2
2402.8 -244.9 1.2 -189 -24.4 -84.8
20.2 14.8 34.1
739.1 30.6 -118.5 30 0.1 -11.9
1427.6 -238.5 47.5 -58.3 -18 -15.1
2405 -244.6 0.1 -186.6 -25.8 -85.1
20.1 14.7 33
739.7 30.5 -119 30.4 0.4 -11.8
1427.7 -238.1 47.6 -57.9 -17.6 -15.1
2406.8 -243.5 -2.3 -184.8 -25 -85.6
19.6 14.5 31.6
740.9 31.4 -119.4 31.3 1.2 -10.8
1428.4 -237.6 48 -56.9 -17.3 -14.5
2410.3 -244.7 -5.5 -182.7 -26.8 -84.4
winner is: 4
