Regression analysis information for: KLH032e_0711
number of formants: 3
number of coeccicients: 5
25 69.9 301.4
418 93.6 21.6 -21.7 -13.3 0.8
1185.6 69.9 69.4 -259.5 -1.3 -36.7
2324 -172.3 223 61.8 -47.3 -155.8
25.9 76.2 344.1
419.5 96.6 21.1 -21.7 -13.6 -0.1
1182.1 80.7 72.3 -256.3 -2.4 -46.3
2461.6 -64.5 128.5 -69.6 -47.1 -58.4
25.3 67.1 326.2
420.6 99.4 21.1 -22.6 -13.6 -0.7
1196.5 90.2 46.1 -263.6 24.6 -34.1
2564.6 20.1 59.5 -98 37 -9.7
25.1 66 254.5
421.1 102.9 21.8 -24.8 -13.1 -0.9
1197.6 97 46.7 -265.7 27.9 -33.8
2654.7 160.6 52.4 -191.9 -16.3 -17.2
23 63 224.3
421.3 107.3 21.7 -27.1 -10.7 -3.3
1200.7 103.8 44.7 -269.4 34.7 -33.5
2687.4 180.1 29.4 -204.6 15.7 38
21.1 60.7 187.9
421.2 111.3 21.9 -29.7 -8.3 -5.6
1201.9 109.1 45.4 -271.5 40 -36.1
2717.4 193.4 0.6 -233.5 34 94.9
20.7 58.2 155.3
421.7 114.3 22 -30.8 -6.6 -6.7
1202.8 115.3 45.2 -271.1 43.1 -36.2
2739 227.9 -56.4 -252.3 33.6 160
20.5 57.9 154.3
422.4 115.9 22.2 -31.1 -6.1 -7.2
1204.4 118.5 44.8 -271.4 46.5 -37.4
2741.8 223.3 -47.4 -247.9 26.7 161.5
20.1 56.4 151.5
422.4 117.4 22.6 -32.1 -4.7 -7.9
1205.3 119.6 48.5 -274.8 48.8 -36.5
2751.9 210.3 -36.4 -244.6 19.1 165.8
20.3 56.8 145.4
422.8 117.7 22.9 -32 -3.7 -7.8
1208.4 119.1 49.3 -275.6 52.3 -35.9
2784.9 190.8 -64.6 -228.1 51.3 143.8
20.3 56.4 123.7
422.4 118.4 23.5 -32.5 -1.8 -7.8
1209.8 118.4 52.5 -278.9 56.9 -35.4
2780 204.7 -52.6 -256.4 97.1 107.2
21.3 57.5 125.7
421.1 119 24.8 -34.2 0.6 -6.8
1210.7 116.7 56.1 -282.6 61.3 -33.8
2796.8 187 -41.2 -256.5 97.5 109.5
25.7 71.1 137.9
423 116.3 23.8 -29.6 -0.8 -8.8
1225 99.9 50.6 -261.6 50 -41.6
2833.2 158.7 -67 -223.4 106.5 82.9
31.8 105.2 155.1
430.4 106.5 18.8 -14.4 -11.9 -11.7
1252 66 35.5 -215.1 13.8 -48.8
2876.3 113.5 -84.3 -163.6 63.3 82.3
35.9 122.4 154.3
433.4 101.4 18.7 -7.9 -17.7 -10.7
1267.5 43.6 36.1 -194.5 -7.3 -45.2
2905.8 82.5 -88 -138 45.7 84.2
37.8 126.7 148.9
437.3 96.7 14.7 0.1 -20.3 -16.1
1276.7 31 33.8 -185.2 -10.2 -52.4
2936.8 50.7 -99.1 -105 31.3 72.8
40.6 142.1 139.5
441.4 89.8 14.5 8.6 -29.1 -14.3
1291.5 5.6 40 -165.8 -37.5 -40.1
2967.4 14.6 -98.9 -80.1 7.4 85.6
40.6 139.3 134.1
439.1 90.9 17.8 5.6 -27.7 -14
1289.2 0.6 56.2 -175.9 -38.5 -34.6
2983.4 -2.8 -94.5 -82 14.4 81.6
46.2 171.4 125.6
447.7 79.9 13.1 21.9 -40.8 -14.9
1321 -40.2 41.3 -119.5 -84.8 -38.9
3017.3 -43.5 -100.7 -48.2 -9.1 79
49 181.7 109.1
448.4 79 11.8 24.3 -40.3 -18.1
1328.3 -46.5 27.5 -98.9 -86.6 -62.6
3033.3 -57.5 -115.7 -25.7 -14.1 62.4
winner is: 11
