Regression analysis information for: KLH032e_0530
number of formants: 3
number of coeccicients: 5
11.2 13.7 22.4
386 42.3 -34.8 -45.2 -37.6 -20.7
1180.9 376.2 52.9 7 43.3 -32.1
2664.8 -28.9 84.6 -31.1 -19.4 17.9
10.5 14.9 19
385.5 41.1 -31.1 -41.5 -36.1 -21.4
1181.9 372.8 56 7 43.3 -31.9
2666 -31.2 73.2 -41 -19.4 14.2
9.4 15 18.2
384.9 40 -28.7 -39.1 -35.2 -20.7
1183.4 372.3 57.8 7.7 42.3 -30.7
2669.7 -36.4 65.3 -45.6 -19.8 11.2
8.3 15.1 17.5
384 39 -26.2 -37.4 -34.8 -19.7
1183.3 371.5 60.8 7.6 41.4 -29.1
2675.3 -40.3 61 -46.9 -18.9 8.8
7.3 15 17.6
382 36.2 -24.1 -34.1 -32.9 -18.5
1183.2 370.4 63.2 9.5 40.9 -28.8
2683.1 -40.7 57.9 -49.8 -19.1 8.4
6.3 14.7 17.9
380.2 33.7 -23.1 -32.1 -32 -17.1
1182.7 370.4 64.6 11.3 39 -28.1
2690.1 -39.7 55.7 -50.3 -18.9 8.3
5.2 13.8 18.8
377.2 30.3 -21.1 -29.2 -29.8 -16
1179.8 368.5 69 13.2 39.6 -28.8
2697.4 -37.7 56.5 -54.3 -21 8.1
4.2 12.7 18.6
374.3 27.5 -20.8 -26 -28.4 -13.2
1176.4 367.8 70.9 17.8 38.2 -26.5
2697.7 -27 55.7 -54.2 -33.6 13.1
3.6 11.4 20.8
371.6 24.3 -21.1 -25.5 -27.1 -11.6
1171.2 363.6 71.8 17.4 38.7 -25.6
2691 -14.5 75.2 -64 -49.4 24.5
3.4 10.3 29
369.8 22.3 -20.8 -24.2 -26.2 -11.2
1166.4 357.3 72.1 18.5 39.1 -26.6
2682.1 -12.4 93.1 -65.1 -72.9 16.8
3.3 10 30.7
369.3 21.2 -20.8 -23.7 -25.6 -10.5
1165.2 355.1 72.5 20.5 40 -25.7
2679 -10.6 100.5 -67.3 -77.9 19.3
3.2 9.9 30.9
369 20.3 -20.7 -23.4 -25.1 -10.5
1163.7 351.2 71.8 20.8 41.3 -25.5
2678.5 -15.3 104.5 -63.2 -81.5 10.7
3.2 10.2 29.5
369.1 18.9 -20.8 -23.1 -24.8 -10
1162.4 346.7 69.6 21 41.9 -24.5
2681.5 -25.9 103.5 -61.5 -82.1 3.3
3.1 10.3 27.3
368.9 17.7 -21.3 -23.2 -24 -9.9
1160.5 341 65.4 20.7 42.8 -23.7
2679.7 -45 88.3 -66.2 -78.1 -7.4
3.3 10.4 29
369.5 16.4 -21 -22.5 -23.6 -9.7
1160.8 338.8 65.3 23.7 45.8 -22.1
2686.8 -60 84.8 -53.7 -64.7 -7.1
3.3 10.9 30.8
370.1 15.1 -21 -22.2 -23.1 -9.6
1161.1 337.4 63.7 26.7 47.7 -20.8
2689.5 -80.6 77 -38.2 -43.3 -6
3.5 11.5 34.3
371.3 13.9 -20.7 -22.5 -22.8 -9.8
1162.8 339 61.9 28.6 48.6 -19.8
2705.6 -89.2 66.4 -36.1 -27.4 -7
3.6 11.8 33.8
372.5 13.2 -20.5 -22.5 -22.6 -10.4
1164.9 341.4 61.3 30.8 49.4 -19.2
2725.2 -89.1 55.8 -30.2 -13.6 -12.5
3.8 12.2 31.7
373.9 11.8 -19.8 -23.7 -22.1 -10.4
1166.9 347.7 59.3 33.5 49.4 -18.1
2745.9 -85.4 50.5 -36.3 2.8 -13.3
4 12.3 32.6
375.8 9.7 -18.8 -24.8 -21.4 -11.1
1168.2 355.9 55.7 38.7 48.6 -16.1
2772.2 -85 40.9 -35.9 23 -18.9
winner is: 8
