Regression analysis information for: KLH032a_0835
number of formants: 3
number of coeccicients: 5
12.4 181 102
417.9 -22.3 6.4 -8.4 14.7 -7.2
862.2 -197 180.8 -271.6 211.4 -221.6
2619.9 -141 157.5 -140.9 67 -170.2
16.1 183 93.1
416.8 -19.6 2.7 -4.1 11.5 -6.2
862.3 -192.6 182.5 -270.2 216.1 -222.6
2629.9 -161.7 170.3 -142.3 66.2 -169.1
21.7 189.1 83.5
413.1 -13.9 -5.4 -0.4 6.5 -6.2
855.7 -204 168.6 -282.9 205.7 -235.1
2644.5 -171.3 183.7 -147.2 78.9 -156.3
10.4 176.1 79.3
421.4 -42.7 2.3 -19.4 3.9 -14.2
919.1 -325.9 273.8 -365.4 253.1 -243.5
2691.7 -234.6 231.9 -180.3 106.6 -154.7
13.2 175.2 61.4
422.5 -47.2 -2.2 -21.8 -1.1 -16.8
915.8 -322.4 268.6 -366.7 252.2 -244.5
2700.2 -219.2 207.6 -170.9 105.6 -150.9
9.5 263.3 118.4
433.9 -29.7 13.6 -4.1 15.2 -1.3
989.2 -177.8 412.9 -228.1 390.9 -111.9
2760.8 -142.3 280.1 -98.1 193 -75.4
20 179.3 72.8
427 -52.8 -10.9 -20.7 -10.1 -19
909.7 -316 264.6 -373.9 257.3 -248.5
2755 -257.4 210.4 -189.5 124 -140.6
9.2 266.8 111.5
444.1 -32.8 10.6 3.5 8.5 2.5
976.7 -166 404.5 -237.3 397.6 -118.5
2804.6 -155.4 259 -97.9 197.7 -63.3
10.9 269 124.4
448.9 -30.8 8.7 7.1 6.7 2.8
969 -164.5 399 -243.8 398.8 -121.2
2831.2 -164 258.8 -105.1 206.6 -56.3
15 247.2 83.8
454.3 -27.2 5.4 12.9 3.9 2.3
930.9 -116.1 348.8 -225.7 383.7 -125.6
2823.4 -105.5 200.1 -62.9 185.6 -41
18.7 273.8 120.4
453.8 -40.7 -7.9 2 -8.1 -7.9
947.3 -169.1 388 -268.5 407.6 -133.7
2870.4 -154.4 240.9 -96.9 214.6 -43.9
19.5 320.6 109.2
458.9 -9.9 0.5 16.1 10 -11.5
1016.7 -29.2 531.2 -149.7 529.5 -37.2
2896.9 -24.5 270.2 10.7 252.2 16.3
30.5 319.9 106.7
452.1 11.3 -10.2 14.7 23.4 -31.1
1006.5 -31.9 527.5 -157.3 530.6 -34.8
2912.2 -29.2 263 13.3 255.2 20.8
46.6 373.8 144.8
444.4 31.2 -21.6 9.3 30.2 -49.8
1074 -152.4 572.8 -107.5 423.2 109.2
2954 -87.6 271.9 33 190.5 76.2
44.1 442.2 187.7
451.6 10.8 -26.4 3.8 14.6 -44.8
1139.3 -267.3 594.1 -32.5 304.4 218
3025.3 -179.5 319.4 40 159.8 114.1
36.5 450.2 203.3
469.7 17.6 -14.1 21.7 2.9 -22.7
1360.2 -362.9 787.4 195.7 165.7 458.1
3153.4 -212.9 412.4 158.8 98.6 227
37.3 272 159.8
476.3 -7.8 6.7 -5.6 5.6 0.5
1511.1 -647.3 991.2 119.3 118.2 649
3233.5 -337 505.3 138.8 67 305.5
33.9 255.6 137.5
480.7 -19.5 -1.6 0.1 -6.3 6.6
1579.1 -741.9 958.1 243 13.1 644.1
3276.1 -378 482.4 198.2 24.2 302.5
21.1 264.1 145.3
494.7 -9.3 2.7 13.5 -8.9 5
1716.7 -693.4 1010.9 441.9 -38 543.6
3361.3 -342.9 501.1 290.2 6 245.3
43.3 268 151.5
482.3 -13.6 2.5 -6.2 -2.4 33.2
1710.3 -705.9 1024 441 -34.1 542.5
3368.9 -348 485.2 279.6 8.9 234.6
winner is: 5
