Regression analysis information for: KLH032d_0096
number of formants: 3
number of coeccicients: 5
4.2 3.5 3.6
537.2 -35 -3.2 -10.1 -6.8 2.3
1230 -190.4 7.6 -17.5 10.1 -8.7
2627 -21.8 2.5 10.5 -17.4 -2
3.8 3.4 3.4
535.9 -36.1 -3.9 -9.8 -6.4 2.6
1226.3 -191.2 6.2 -16.3 10.8 -9.2
2631.4 -16.1 0.9 10.6 -17.5 -1.4
3.8 3.7 3.6
534.8 -37.2 -4.7 -10.2 -6.4 2.4
1222.4 -192 5.2 -16.2 11 -10.3
2634.2 -11.4 -0.4 11.2 -17.5 -1.2
3.9 3.7 2.8
533.5 -39.1 -6.3 -11.2 -7.2 1.7
1219.3 -194.9 2.5 -17.6 9.8 -12.4
2634.5 -9.5 -4 10 -19.6 -3.7
3.3 2.9 3.4
532 -41.1 -7.4 -11.5 -6.6 2.4
1215.3 -198.3 0.8 -17.5 11.5 -11.3
2632.5 -10.1 -7.5 10.5 -18.8 -4.1
3.6 3.4 2.6
530.6 -43.3 -9.3 -13.3 -7.8 1.5
1212.2 -200.8 -0.7 -20.1 9.8 -12.6
2623.4 -25.6 -22.9 -3 -30.3 -13.2
3.4 3.1 2.7
530.7 -43.3 -9 -12.7 -7.4 1.9
1212.4 -201.8 0.3 -18.9 10.6 -12.3
2623.3 -25.2 -19.6 0.7 -26.5 -12.6
3.1 3.2 5.5
529.7 -45 -10 -13.4 -7.2 2.3
1211 -204.7 -0.3 -19.5 11.8 -10.8
2612.4 -47 -31.7 -6.2 -24.7 -7.6
2.9 3.4 6.7
529.7 -45.4 -9.6 -12.8 -6.8 2.6
1211.1 -206.8 1.8 -17.6 12.2 -10.7
2606.9 -56.6 -23.5 5.7 -14.8 -2.9
2.8 2.8 7.4
530.1 -45.3 -9.2 -12.5 -6.5 2.9
1212.9 -208 2.5 -17.7 12.9 -10.3
2609.3 -58.9 -19.6 8 -9.1 0.3
2.8 2.6 7.7
530.5 -45.4 -8.9 -12.3 -6.3 3.1
1214.8 -209.5 3.3 -17.2 12.9 -9.8
2615.2 -58 -14.7 8.8 -8 0.3
2.7 2.2 8.4
531.3 -44.9 -8.3 -11.9 -6.3 3.3
1217.8 -210.8 3.9 -17.3 12.6 -9.7
2624 -54 -9.7 8.3 -7.6 0.9
2.7 2 9.7
532.2 -44.4 -7.5 -11.6 -6.2 3.5
1220.8 -212.3 5.1 -17.7 12.1 -9.1
2635 -48.1 -2.4 7.1 -7.7 2.8
2.7 1.8 10.3
533.2 -43.7 -6.5 -11.2 -5.9 3.8
1223.5 -213.6 6.2 -18.4 11.7 -8.5
2647.5 -39.8 5.5 5.7 -7.6 4.7
2.6 1.5 10.8
534.5 -42.6 -5.3 -10.5 -5.6 4.3
1227.2 -215.8 6.9 -19.3 11.4 -7.8
2661.5 -30.6 13.5 4.7 -5.5 6.7
2.6 1.7 10.9
536.1 -41 -3.5 -9.6 -4.9 4.8
1230.3 -218 7.6 -20.2 10.7 -7.8
2677.7 -17.3 26.9 8.8 -1.8 9.4
2.5 2.3 12.4
538.3 -38.8 -1.1 -8.2 -4.1 5.6
1234.1 -220.8 7.5 -22 9.4 -7.9
2698.6 1.7 41 10.9 1 12.3
2.2 3.4 14.7
540.7 -35.8 1.3 -6.6 -3 6.4
1237.5 -223.3 5.8 -24.5 8.3 -8.5
2719.8 24.9 54.3 14.9 7.3 16.5
2.6 5.6 18.6
544.1 -31.5 5.9 -3.6 -0.9 8.2
1239.9 -229 4.5 -27.9 5.1 -9.7
2746.8 56.6 84.3 29.5 17.4 23.8
3 8.2 18.3
548.5 -25.6 11.5 0.2 1.7 10.6
1242.8 -236 1.1 -33.5 0.6 -11.2
2773.2 83.1 103.1 30.5 18.1 25.6
winner is: 7
