Regression analysis information for: KLH032a_2269
number of formants: 3
number of coeccicients: 5
4.1 16.4 18.4
498.2 -22.8 -9 -5.4 -5.5 -8.1
1009.9 -187.8 64.1 -36.5 35.8 8.3
2739.8 37 -61.9 -47.5 30.7 -23.3
4.2 16.4 15.9
498.3 -23.8 -9.9 -5 -5.1 -8.3
1012.3 -195.4 63.7 -35 36.6 10.3
2744.6 35.3 -59.4 -43 23.8 -22
4.2 16.5 16
498.4 -24.8 -11.1 -5.2 -5.1 -8.5
1014.4 -200.5 62.5 -35 36.5 11.2
2746.6 29.3 -60.3 -39.6 17.1 -24.7
4.2 16.7 15.6
498.6 -25.8 -11.9 -4.8 -4.8 -8.5
1016.9 -207.1 62 -33.4 35.5 13.6
2751 24.9 -61.3 -37 11.6 -23
4.2 15.9 15.7
498.6 -26.8 -12.7 -4.5 -4.7 -8.7
1019.3 -213.2 62.1 -31.2 34.6 14.8
2753.2 15 -67.5 -38.1 3.2 -23.1
4.2 16.3 15
498.9 -27.3 -13.1 -4.2 -4.7 -8.6
1022.6 -217.7 63.5 -30.4 33.1 16.8
2756 7.9 -68.4 -33.4 -0.2 -21.4
4.1 16.5 15.4
499.1 -27.9 -13.6 -4.2 -4.9 -8.9
1025.4 -222.2 64 -30 31 18.1
2754 -5.3 -76.3 -36.3 -6.9 -22.8
3.8 15.8 14.5
499.2 -28.5 -14 -4 -5.2 -8.9
1027.4 -225.3 64.8 -28.6 29.4 19.1
2753.6 -16.3 -81.9 -35.7 -11.8 -22.5
3.6 14.9 14.1
499.5 -28.1 -13.5 -3.9 -5.3 -8.7
1029 -226.1 66.5 -28.8 28.4 20
2757.2 -12.8 -76 -30.4 -9.1 -19.1
3.6 15.1 12.8
500.2 -27.6 -13.2 -3.7 -5.4 -8.8
1032.5 -228.7 68.3 -29.1 26.7 21.1
2763.1 -8.2 -69.7 -24.4 -6.9 -15.3
3.5 14.8 10.4
500.8 -27 -12.8 -3 -5.2 -8.7
1034 -227.8 67.9 -27.9 25.1 21.7
2770.4 0.7 -61.6 -15.3 -2.4 -9.9
3.4 14.7 9.4
501.9 -26 -12.3 -2.3 -5.1 -8.5
1037.5 -230 68.7 -26.7 22 24.1
2780.1 10.6 -51.4 -4.8 0.8 -2.3
3.3 14.6 10.3
502.8 -24.9 -11.4 -1.6 -4.9 -8.2
1040.7 -232.3 70.2 -26.7 19.9 25.5
2789.7 21.7 -39.8 4.9 5.8 5.8
3.1 14.2 12.6
504 -23.6 -10.5 -0.5 -4.4 -7.9
1043 -233.1 70 -25.8 18.2 25.7
2801.1 35.7 -27.6 18.1 12.6 14.5
3.2 14.6 18.7
505.3 -21.7 -8.8 0.9 -4.1 -7.7
1045.9 -236.1 71.5 -25.4 15.4 26
2812.6 52.7 -8.1 34.5 20.5 23.9
3.4 15.1 25.6
507.2 -19.7 -7.2 2.5 -3.3 -7.3
1049.6 -240 72.6 -25.9 12.9 26.8
2828.1 70.9 10.3 52.6 31.1 36.5
3.6 14.6 30.9
508.8 -17 -5.6 4 -2 -6.9
1049.9 -239.4 71.1 -28.1 14.1 23.3
2837 89.4 22 62.2 43.3 42.5
3.7 14.9 31.1
510.9 -14.6 -3.9 5.8 -0.8 -6.4
1053.8 -245 71.7 -28.8 11.3 25
2845.2 94 26.8 67.3 43.8 46.5
3.9 15.4 31.2
513.6 -11.4 -1.8 8.2 0.7 -5.7
1057 -250.6 71.8 -31 8.9 25.3
2855.2 100.2 30.9 71.8 44.5 49.7
4.4 16.1 31.4
516.6 -8.3 0 10.4 2.3 -5.2
1060.5 -257.6 72 -34.3 7 25
2864.5 104.2 32.6 73.8 43.7 51.8
winner is: 12
