Regression analysis information for: KLH032a_1725
number of formants: 3
number of coeccicients: 5
7.2 39.2 29.7
418.9 -97.6 -11 14.5 -13.6 12.9
2386.9 78.3 -130.9 -120.5 -39.3 26.8
2740 28 -29 -81.9 -46.5 -14.5
6.7 38.3 27
417.6 -95.2 -12.3 15 -13.8 13.3
2390.4 74.1 -131.7 -119.3 -38.3 25.4
2743.6 22.4 -26.4 -80.7 -46.6 -9.5
6.6 37.8 27
416.7 -93.4 -13.7 15 -13.7 12.7
2391.8 72.1 -129.2 -119.8 -37.8 28.9
2746 17.9 -21.7 -76.8 -47.3 -5.1
6.5 36.1 27.5
415.6 -90.8 -15.6 15.1 -14 13.3
2395.3 70.5 -126.4 -118.4 -37.1 30
2748.5 13.5 -17.5 -72.9 -49.1 -5.5
6.2 35.4 33.3
413.3 -87.9 -16.9 14.5 -14.2 13.5
2403.5 71.7 -120.6 -109.7 -32.4 31.2
2753.6 6.5 -16.5 -72.8 -56 -9.1
6.3 36.3 34.7
411.7 -86 -16.8 13.7 -13.7 12.8
2406.8 67 -124.2 -109 -32.1 32.4
2757.5 -0.4 -19.3 -71.6 -60.6 -6.4
6.4 35.9 36
409.9 -83.7 -17.2 14 -14.4 13.2
2410.2 63 -124.2 -106.9 -31.6 29.1
2762.5 -5.2 -20.9 -72.5 -62 -6.4
6.2 35.6 39.7
407.5 -82.1 -15.1 12.2 -13.9 13
2415.7 55.8 -131 -97.4 -33 24.3
2770.6 -12.4 -31.1 -72.4 -69.6 -2
6.4 35.6 42.5
405.4 -81.6 -12.8 12 -14 12.4
2421.4 55.2 -136.8 -95.8 -35.9 20.3
2779.8 -10.1 -35.4 -72.9 -72.6 3.8
6.5 34.4 45.8
403.6 -81 -11 11.5 -14.5 12.4
2427.3 54.6 -141.6 -91.2 -37.6 15
2788.6 -6.9 -35.6 -68 -73.9 8.4
6.6 36.1 52.9
401.7 -80.8 -8.5 10.9 -15.7 12.5
2434.1 53.8 -148.4 -86.7 -37 8.3
2792.3 -10.5 -42.2 -72.3 -80.1 8.6
6.6 35 54.5
399.9 -80.1 -6.7 10.9 -16.6 12.4
2439.5 52 -152.7 -82.3 -37.3 4.9
2802.5 -8.7 -42.7 -66.4 -79.3 15.4
6.5 34.2 57.3
398.1 -80 -4.3 11.1 -17.6 12.6
2446.2 50.9 -159 -77.8 -38 -1.5
2810.7 -6 -47.6 -65.2 -76.5 20.7
6.7 33.8 57.5
396.7 -80 -2.6 11.5 -18.4 12.7
2452.5 52.5 -162.6 -76.7 -40.3 -8.5
2816.9 -2.9 -49.3 -63.8 -70.1 28
6.6 34.4 57.1
395.4 -79.4 -1.8 12.5 -19.4 12.9
2457.3 52.3 -166 -74.2 -39.6 -12.5
2822.9 2.4 -48.9 -62.8 -62.7 35
6.3 33.4 55.8
393.9 -79.5 -0.2 13.4 -20.2 12.5
2460.7 53.1 -168.9 -75.7 -38 -12.7
2826.9 2.2 -59.4 -69.9 -54.1 43.4
6.3 34.2 53.1
392.6 -79.3 0.4 15 -20.4 12.4
2465.5 58.9 -169 -81.2 -43.4 -14.8
2828.6 3.3 -60.6 -70.3 -42.6 59.6
6.1 35.9 56.2
391.6 -79.3 1.2 16.2 -20.8 12.3
2469.1 65.8 -168.6 -84.8 -47.8 -15.5
2828.6 -0.6 -68.4 -68.4 -28.6 78.7
5.9 36.6 61.8
390.6 -79.7 2.3 17.4 -20.9 11.9
2470.6 69.2 -171 -91.6 -50.1 -10.5
2831.7 4.8 -69.9 -69.9 -14.2 99.6
5.8 50 60.8
389.8 -79.3 2.6 18.4 -21.5 11.8
2461.5 77.3 -155.3 -106.6 -59.4 13.1
2831.1 15.8 -58.3 -76.4 -18.7 116.2
winner is: 4
