Regression analysis information for: KLH032a_3199
number of formants: 3
number of coeccicients: 5
2 100.3 129
315.7 17.3 -21.3 2.6 -6.7 -2
1278.5 -246.8 85.6 100.7 107.6 -58
2375.3 154.1 -158.8 262.9 -148.9 -328.5
1.9 107.2 121
315.8 17 -21.5 3.2 -6.6 -2
1274.1 -242.9 86.6 94.1 119.2 -67.9
2396.9 168.5 -184.3 234.1 -142.1 -309.6
2.3 130.2 116.5
315.6 17.6 -22 3.2 -5.1 -2.7
1271.9 -235 99.7 73.8 156.6 -95.3
2432.4 204.1 -216.9 195.7 -136.3 -273.1
1.6 100.3 99.1
317.1 16.6 -21.6 4.1 -6 -1.1
1319.1 -297.4 131.9 96.6 111.4 -33.8
2545.5 208.9 -298.4 150.3 -134.1 -137.2
1.5 66 88.2
317.6 15.5 -22.5 4.1 -6.3 -0.6
1351.9 -360.1 160.6 88.3 87 8.2
2610.7 179.8 -338.6 83.6 -176.8 -25.6
1.5 41.3 84.2
318.4 14.9 -22.8 4.1 -6.7 -0.4
1374.3 -399.6 187 72.8 83.1 23.8
2635.9 119.6 -307.7 69.4 -194.8 12.8
1.6 34.3 76.3
319.2 15 -22.7 4 -6.9 -0.2
1384.9 -406.7 196.3 70.1 84.8 31.1
2675 62.9 -244.6 40.1 -172.8 22.2
1.7 33.8 64.9
319.7 15.2 -22.2 3.5 -7.1 0
1387.7 -400.7 199.5 72 85.4 32.2
2709.8 9.9 -184.5 -0.6 -135.6 2
1.9 33.6 42.5
320 15.8 -21.2 2.8 -7.2 0.4
1390.9 -395.7 202.9 73.5 85.7 33.8
2739.9 -27.5 -130.3 -37.5 -92.5 -32.7
2.1 33.6 27.2
319.9 16.6 -20.1 2 -7.3 0.4
1393.2 -392 208.4 74.6 85 34.5
2757.5 -43.1 -99.9 -55.7 -66.8 -54.4
2.3 34.4 27.6
319.8 17.3 -19 1.2 -7.4 0.3
1394.4 -386.3 215.9 76.3 84.9 36.8
2763.1 -34.7 -93 -49.7 -64.1 -52
2.6 34.3 29.2
319.5 18.6 -17.8 0.5 -7.2 0
1396.3 -380.9 223.7 77.7 85.7 38.6
2770.1 -24.8 -83.6 -42.7 -60.2 -49.2
2.9 34.2 30.3
319.3 19.7 -16.9 -0.1 -7.2 -0.4
1397.5 -373.8 232.7 78.8 86.9 41.1
2776.3 -16.5 -74.9 -36.9 -56.8 -46.6
3 34.3 30
318.7 20.3 -16.2 -0.5 -7 -0.8
1395.8 -367.9 241.8 79 88.8 43.7
2779.7 -13.1 -69.5 -33.6 -54.9 -44.4
3 33.4 30.7
318 21.2 -16.1 -1.1 -6.8 -1
1389.9 -371.3 240 71.5 86.6 43.7
2777 -20.2 -74.4 -39.6 -59.4 -46.9
3 33.6 28.7
317.2 21.9 -15.8 -1.2 -6.7 -1.6
1385 -362.8 247.4 69.5 90.4 43.7
2776.5 -17.5 -70.7 -37.6 -57.7 -46.4
3.3 34.3 29.4
317 22.8 -15.1 -1.3 -6.9 -2.2
1382.9 -353.1 256.3 69.3 95.8 44.5
2778.3 -7.3 -60.4 -32.2 -54 -47.1
3.4 34.9 28.6
316.7 23.3 -14.8 -1.3 -6.6 -2.3
1381.7 -346.5 260.3 68.7 101.5 46.4
2778.6 2.3 -54.4 -28.4 -47.4 -45.9
3.5 35.3 28
316.7 23.7 -14.7 -1.5 -6.8 -2.5
1379.4 -341.2 262.6 67.2 103.3 46.6
2776 6.8 -53.8 -29.5 -46.3 -47.6
3.7 36.3 27.3
316.8 24.1 -14.6 -1.6 -7.1 -2.8
1381.6 -334.1 266.6 71.1 107.2 47.9
2777.3 17.3 -49.2 -25.2 -41.8 -47.7
winner is: 10
