Regression analysis information for: KLH032a_2857
number of formants: 3
number of coeccicients: 5
4.6 7.4 5.6
596.5 12.5 -25.3 25.1 -4.5 1.2
1555.3 -194.6 57.8 5.6 7.7 -27.5
2616 -36.7 9.6 23.2 -12.7 -6.1
4.9 7.2 5.6
601 6 -23.7 26 -4.9 -0.7
1556.8 -195.1 56.3 5.6 7.3 -28.3
2615.8 -33.2 8.1 22.2 -12.2 -6.3
5.4 7.3 5.7
602 3.1 -21.4 26 -5.1 -2.2
1557.5 -195.7 55.8 5.9 7 -28.8
2617.9 -32.5 6.2 21.9 -12.7 -6.9
6.2 7.5 5.7
601.3 2.7 -20.1 26 -5 -3.7
1558.8 -197.1 55.4 6.2 7.3 -29.2
2620.7 -33 4.3 21.9 -13 -7.5
6.8 8 5.7
598.4 4.3 -17.9 26.1 -5.4 -5
1559.4 -198 56 7.3 7.7 -29.5
2624.1 -34 2.4 22.2 -13.4 -8.1
7.2 8.4 5.7
594.7 7.1 -15.8 25.6 -5.1 -6.5
1559.3 -198.1 57.2 9 7.7 -29.9
2627.4 -35.2 1 22.7 -14 -8.4
6.7 9.1 5.7
588.4 13 -12.9 24.2 -5.8 -6.1
1559.5 -198.3 59.9 10.6 8.3 -30.2
2631.1 -36.4 -0.4 23.9 -14 -9.1
6.6 9.8 5.8
581.8 20.4 -11.9 23.1 -4.6 -6.9
1558.3 -197.3 62.4 13.1 8.7 -30.9
2634.5 -37.8 -0.9 25.2 -14.8 -9.3
6.3 10.4 6.3
575.2 27.2 -9 21.2 -5 -5.8
1556.9 -195.8 66.5 15.4 8.7 -31.6
2637.5 -38.6 -1.1 26.9 -15.4 -10.1
5.6 11.1 7
568.9 33.1 -5.3 19.7 -5.4 -4.8
1554.3 -194.4 72.3 19.3 8.7 -32.9
2639.7 -39 -0.3 29.4 -16 -11.4
4.6 12.8 8.8
560.7 40.7 -0.3 17.1 -6.7 -1.4
1546.7 -190.5 80.7 24.1 6.9 -32.5
2638.3 -40.2 3.1 35.1 -18 -13
4.3 13.5 10.3
557.9 44.8 -0.2 17.4 -5.7 -1.6
1544.3 -185.9 82.2 28.9 8.8 -33
2637 -39.1 3.7 40.7 -17.4 -14.3
4.7 13.7 11.2
553.9 48.9 3.6 14.6 -5.9 1.2
1539 -179.4 88.1 29.7 7.9 -30
2632.9 -36.9 6.6 46.2 -19.3 -15.3
4.7 14.6 13.2
550.2 53.2 6.7 12.3 -4.6 1.8
1530.7 -169.6 95.2 30.1 9.4 -29.7
2620.9 -29.8 14 53.7 -21.3 -21.6
5.1 14.6 13
549.3 55.2 8.5 11.1 -4.6 2.9
1529.1 -163.5 99.5 28.1 9.6 -26.9
2616 -21.2 18 50 -21.4 -20.8
5.7 14.7 12.2
549.4 57.1 10.1 10.3 -4.6 3.6
1528.8 -156.8 104.2 26.3 9.6 -24.3
2611.7 -11.9 24.1 42.1 -22 -16.2
6.1 15 11.8
549.9 58.8 11.3 10.4 -4.7 3.4
1529.9 -151.3 107.4 26.7 10.1 -24.1
2608.6 -3.6 28.3 37.4 -21.4 -16.1
6.4 15.1 11.8
550.8 59.8 11.9 10.7 -4.4 3
1532.9 -148.7 109.3 27.4 11.7 -24.6
2610.8 -0.8 28.8 35.1 -18.6 -17.1
7 15.4 13.4
552.2 61.2 13 10.7 -4.6 2.6
1536.1 -144.5 112.3 27.1 11.8 -24.8
2614 2.5 31.5 30.2 -19.5 -16.1
7.7 16.1 16.1
553.9 63 14.4 10.8 -5.2 2
1540.7 -140.6 115.7 27.4 11.4 -25.3
2619.2 4.5 34.1 26.5 -22.2 -15.2
winner is: 1
