Regression analysis information for: KLH032a_0699
number of formants: 3
number of coeccicients: 5
3.5 18.9 10.3
944.6 -5.3 -48.2 -15.1 -13.5 -1.5
1559.2 2.7 39.3 -15.3 20.8 -14.9
2734.6 -91.4 -4.8 4.4 -11.7 7
3.5 15.8 10.4
943.1 -6 -49.7 -14.5 -14.1 -1.2
1554.7 11.4 30.7 -6.4 13.5 -8.5
2736.8 -86 -7.8 5.8 -12.7 6.3
3.9 11.6 10.1
940.8 -8.3 -51.7 -14.4 -15.3 -1.1
1549.8 18.2 24 2.2 5.6 -2.4
2737.8 -79.1 -12.5 8.3 -14.5 7.6
4.1 9.5 9.8
937.9 -11.9 -53.8 -14.9 -16.5 -0.6
1545.8 18.4 22.2 6 0.2 1.4
2740 -73.2 -17 11.3 -16.9 8.2
4.4 7.7 9.9
934 -16.9 -55.8 -15 -17.2 0.1
1540.9 15.3 23.1 9.5 -3.8 4.1
2742.4 -69.6 -21 15.1 -20.7 10.1
4.6 7.2 9.6
929.9 -23.1 -57.6 -16.2 -18.9 -0.4
1535.9 8.5 27.9 10.3 -7.9 2.7
2745 -70.5 -21.4 16.7 -22.2 10.6
4.7 6.6 9.9
925.5 -28.8 -59.1 -17.6 -20.4 -0.2
1529.4 0.3 34.3 9.4 -11.9 2.2
2746.9 -73 -21.1 18.9 -24.2 10.8
4.9 6.7 9.8
921 -34.9 -60.7 -20.3 -21.7 -0.1
1522.4 -7 39.8 4.6 -13.8 2.1
2748.6 -79.1 -19.5 20.8 -26.4 11.5
5.3 5.7 9.7
917 -39.1 -61.2 -22.3 -22.5 -0.2
1514.8 -12.4 44.7 0.1 -14.8 0.5
2748.8 -86.1 -17.4 23.3 -28.7 11.8
5.5 5.7 10.7
913.5 -41.5 -60.6 -24.8 -23.4 0.4
1507.5 -15.8 51.8 -6.6 -14.9 0.5
2747.6 -92.5 -14.5 24.6 -31.1 12
5.7 4.8 11.1
909 -45 -61.3 -29.7 -22.1 0.2
1496.9 -15.2 54 -19.5 -7.7 -3
2745.4 -104.5 -12.8 22.4 -31.8 13.1
5.9 5.4 10.9
906.8 -45.1 -59.1 -30.2 -20.2 -0.1
1490 -11.9 57.4 -23.4 -1 -8.2
2742.7 -111.3 -6.9 26 -29.4 12.6
6.8 6 10.7
903.7 -44.1 -58.3 -34.3 -17.9 -0.6
1479.3 -1.4 57.3 -34.9 10.4 -15.7
2740.1 -116 -4.4 23 -28.8 13.7
6.8 14.5 10.6
899.9 -43.5 -59.7 -39 -15.3 -3.5
1464.2 17.6 46.9 -43.2 23.6 -32.8
2735.8 -120.7 -5.5 16.6 -28.1 12.5
7.1 17 10.5
897.7 -42.8 -58 -40.4 -13 -3.9
1457.8 23.7 45.6 -45.2 28.6 -36.5
2730.2 -124 -2.2 17 -23.9 13.5
6.8 29.2 9.2
895.7 -40 -58.6 -43.6 -10.9 -5.6
1444.2 50.1 28.1 -40.1 30.6 -44.2
2728 -117.7 -2.1 10.2 -22 13.3
5.6 40.9 10.9
894.5 -35.4 -59.9 -45.1 -7.9 -8.5
1432 77.2 7.7 -30.2 28.8 -48.6
2727 -108 -5.5 7.1 -19 10.3
4.6 43 11.7
891.7 -31.8 -62.6 -47 -4.2 -11.1
1413 114.7 -26.7 -3.9 10.6 -32.7
2719.3 -97.7 -15.9 6.7 -13.7 10.6
22 19.9 10.1
882.6 -8.6 -81.2 -31.3 -18 3.7
1382.6 186.2 -92.6 60.3 -49.1 29.4
2712.8 -69.4 -32.1 14.6 -22 19.7
13.9 20.7 10.2
882.5 -1 -84.5 -33 -13.6 -2.1
1387.5 187 -92.9 57.4 -46.6 29.3
2712.5 -49.1 -44.3 15.7 -23 17.7
winner is: 9
