Regression analysis information for: KLH032a_0479
number of formants: 3
number of coeccicients: 5
3.1 108.7 59.7
320.1 -21.4 44.7 7.7 -4.3 -1.3
2008 -129.9 429 -234 -366.5 -17.2
2705.7 -82 105.4 -54.8 -125.6 120
2.9 104.5 59.9
320.1 -21.7 44.3 8.1 -4.4 -1.1
2023.2 -131.9 408 -227.2 -362.3 -22.9
2708.1 -77.8 100 -61.2 -121.4 118.5
2.8 105.9 60.9
319.7 -21.7 43.2 8.2 -4.9 -1.1
2042 -136.8 382.3 -218.2 -355.3 -31.1
2713.1 -80 103.5 -61.4 -112.8 119.3
2.7 104.6 61.5
319.5 -22.6 42.3 8.3 -5.4 -1.3
2072 -148.2 345.1 -191.9 -357.1 -46.5
2715.3 -71.8 104.2 -66.7 -105.8 122.8
2.6 117 63.1
319.3 -23.4 41.4 8.1 -5.4 -1.5
2108.5 -159.2 295 -163.7 -352.9 -68
2718.1 -66.1 104.8 -68.2 -103.3 129
2.6 117.9 72.3
319.2 -23.9 40.7 8.1 -5.3 -1.6
2143.9 -176 252 -131.7 -359.5 -78
2735.8 -70.8 83.1 -49.8 -102.1 108.3
2.6 131.6 123.5
318.9 -24.6 39.8 8.3 -5.1 -1.7
2179.9 -188.7 202.4 -101.7 -345.6 -98.1
2779.1 -79.2 23.7 -17.9 -87.1 60.6
2.8 107.5 149.9
318.5 -24.9 38.9 8.2 -5.1 -1.9
2232.2 -226.3 103.6 -8.4 -255.7 -193.2
2847.6 -123.2 -69.4 78 -52.6 -14
2.9 122.9 129.6
318.1 -24.8 38.1 8.3 -5 -2
2214.9 -250.5 117.1 35.6 -211.7 -196.1
2883.6 -166.9 -108.1 162.9 -56.6 -66.4
3.1 109.2 125.2
317.6 -24.9 37.3 8.5 -4.8 -1.9
2267.4 -230.1 41.5 -8.3 -176.5 -163.3
2917.4 -183.5 -143.5 194.4 -55.3 -82.2
3.2 115 135
317 -24.5 36.4 8.5 -4.8 -1.9
2309.2 -215 -18.6 -55.3 -143.5 -103.5
2936.7 -181.9 -158.9 176.9 -54.9 -49.4
3.3 103.3 134.4
316.5 -24.5 35.5 8.7 -4.8 -1.7
2330 -209.2 -42.3 -71.8 -127.4 -92
2945.1 -177.1 -169.5 165.3 -48.9 -27.9
3.3 92.5 136.9
316 -24.2 34.8 9 -4.7 -1.7
2351.3 -203.1 -67 -91.9 -115.1 -77.6
2950 -174.7 -177.2 157.9 -44.3 -20.9
3.3 55.1 137.8
315.6 -23.9 34.3 9 -4.7 -1.7
2386 -185.8 -103.8 -141.5 -122.9 -46.4
2968.1 -159.9 -221.2 137.8 -20 -14.6
3.4 44.9 138.9
315.3 -23.8 33.9 9 -4.6 -1.7
2408 -176.4 -128.7 -166.4 -115.7 -29.6
2971.4 -144.2 -253 115.2 -4.9 -2.4
3.4 36.4 119.7
315.1 -23.7 33.7 9.1 -4.6 -1.6
2414.2 -170.6 -136.7 -184.6 -118 -23.5
2985.6 -137.4 -309.9 104 37.1 12.9
3.3 40.3 105.9
314.8 -23.5 33.5 9.1 -4.7 -1.5
2416.8 -166.1 -146.1 -194.5 -118.8 -16.1
2987.2 -124 -351.3 98 50.8 20.4
3.3 39.4 98.8
314.7 -23.6 33.4 9.2 -4.7 -1.4
2413.9 -168.3 -152.6 -192.5 -117.4 -12.8
2986.9 -114.9 -375 92.9 44.1 26.7
3.3 40.2 97.1
314.6 -23.5 33.4 9.2 -4.8 -1.3
2410.7 -169.7 -157.1 -191 -117.1 -7.4
2985.3 -107.9 -387.2 93.2 39.4 29.7
3.3 40.5 95.5
314.6 -23.6 33.4 9.3 -4.8 -1.2
2408.6 -171 -162.5 -186.7 -118.1 -2.2
2987.8 -103.2 -395.7 94.1 35.4 32.4
winner is: 20
