Regression analysis information for: KLH032a_1404
number of formants: 3
number of coeccicients: 5
41.5 138.2 106.7
356.2 78.4 66.2 -19.4 -1.3 -48.5
1058.1 185.7 270.3 -98.2 94.5 -39.7
2687.2 88.6 -86.8 -227.6 -55 8.9
40.9 153.6 113.2
358.8 74.9 67.3 -23.5 0.7 -51.2
1078.9 145.3 308.7 -143 139.2 -85.3
2699.6 63.8 -70.6 -227.6 -28.3 -16.6
39.5 159.6 114.1
359.3 72.1 67.3 -23.7 2.1 -51.6
1101.1 100.4 352.2 -184.9 179.8 -123
2722.6 35 -52.2 -238.8 0.3 -37.2
37.1 156.7 105.9
360.7 68.7 70.1 -25.7 5.2 -53.7
1121.9 57.3 393.3 -220.2 208.9 -147.4
2737.4 21.7 -38 -247.7 28.5 -51.8
37.7 157.4 109.5
361.1 65.4 70.9 -26.5 7.2 -55.1
1131.8 34.6 418.9 -244.8 234.4 -173.7
2752.3 19.9 -32.3 -244.7 49.1 -61.1
37.5 158 106.1
359.2 61.1 69.8 -24.6 11.1 -52.4
1132.4 30.4 423.5 -244.5 238.5 -170.8
2761.5 21 -36.6 -243.3 51.6 -68.1
36.3 165.9 104.6
357.4 55.3 68.6 -22.3 14.3 -48.4
1127.2 33.3 421.9 -241.2 243.1 -169.7
2776.8 10.2 -32.2 -247.4 53.6 -75
36.3 167.4 102.5
354.6 47.4 67.1 -19.9 19.1 -45.3
1123.9 25 425.7 -245.4 250.6 -169.5
2787 10 -40.2 -243.4 44.7 -78.1
33.9 161.6 98.7
352.1 40 64.7 -17.7 21.7 -43.1
1140.8 -18.8 467.6 -275.4 279.7 -176.5
2811.7 -12.8 -27.5 -256.2 51.8 -83.7
33 164.6 101.3
350.1 32 63.3 -15.8 25.4 -41.4
1128.3 -13.2 462.4 -274 287.5 -174.6
2816 2.2 -46.1 -240.4 26.1 -75.7
31.4 162.9 121.2
348.9 24.8 61 -15.3 26.5 -40.8
1164.4 -88.2 511.6 -279.2 252.7 -86.4
2845.7 -38 -23.5 -234.6 -5 -45
29.3 166.9 144.4
346.8 17.3 58.6 -15.8 27.2 -39
1182.1 -138.4 532 -276.4 225.4 -26.5
2856.7 -53.6 -5.2 -228.2 -34.5 -33
27.2 182.2 168.8
346.2 12.6 54.7 -13.9 25.8 -37.6
1215.9 -212 582.9 -289 193.7 53.7
2891.1 -100.7 17.2 -224.5 -55.9 -8.4
25.5 185.3 175.5
346 7.8 51.2 -13.4 24.6 -36.7
1239 -271.4 619 -304.1 168.4 107.8
2913 -143.6 36.3 -217.9 -60.1 4.2
26.6 258.6 193.6
344.2 5.7 46.2 -12.7 27.5 -38.9
1301.7 -353 567.8 -247.8 206.6 4
2973.4 -232.7 30.4 -179.9 -37.8 -27.7
25.9 336.1 221.7
344.8 3.3 44.5 -12.9 27 -35.8
1398.5 -483.7 530.2 -91.8 54.6 29.9
3036.2 -314 -14.6 -70.1 -99.2 -35.3
27.2 357.7 209.2
342.3 4.3 44.2 -14.5 22.6 -27.7
1493 -613.2 482.7 57 -76 17.6
3092.1 -375.8 -43 -10.6 -156.1 -34.8
18.9 251.1 139.5
350.2 -0.2 28.5 1.3 21.9 -35.9
1660.5 -825.7 414.6 313.1 -306.6 60.3
3169.9 -493.5 -57.9 93.4 -238.4 14.9
20 256.3 148.7
351.9 0.3 21.2 5.2 22.3 -35.9
1676.2 -842.1 397.4 327.9 -290 22.5
3187.7 -496.1 -80.1 70.9 -217.8 -6.3
21.9 257 155.9
352.1 5 9.2 15.5 19 -34.7
1816.8 -904.7 155.3 474.2 -101.5 -205.8
3270.4 -540.3 -184.4 111.6 -117.4 -141.4
winner is: 1
