Regression analysis information for: KLH032a_0998
number of formants: 3
number of coeccicients: 5
8 44.5 14.8
379.5 -22.1 0.8 10.8 -13.4 11.5
934.3 -264.1 76.9 -97.3 35.4 1.9
2624.5 -44 44.2 -62.9 -107.2 -28.4
7.3 37.4 13
383 -22.7 4.2 10.2 -11 10.9
942.1 -264.3 87.4 -108.2 50.5 -13.1
2643.3 -34.6 61.8 -45.5 -96.3 -21.5
7.3 35.8 12.8
384 -22.1 3.1 10.4 -11 10.8
940.5 -261.4 82.2 -108.7 50.6 -15.4
2651.1 -36.8 58.1 -47.1 -94.6 -21.1
7.1 41.6 17.2
383.4 -19.6 -1.7 12.6 -13.4 10
934.7 -258.6 68.6 -103 41.2 -10.5
2653.6 -52.8 37.6 -56.7 -101.2 -33.4
6.4 29.5 19
384.5 -17.7 -3.1 14.4 -12.9 9.7
920.5 -233.3 44.3 -90.8 35.6 -16.1
2658.4 -41.6 28.4 -44.4 -100.2 -32.7
5.6 20.5 23.2
383.9 -18.1 -6.1 14.8 -11.7 9
908.4 -211.2 26.1 -79.7 34.3 -20.7
2652.7 -39.9 8.5 -41.2 -99.5 -38.8
5.6 17.1 25.3
385.3 -16.8 -6.9 16.7 -11 8.6
904.3 -204.4 17.6 -75 29.4 -19.7
2656.9 -28.9 3.8 -27.6 -96.6 -38.3
5 14.2 22.4
387.6 -17.3 -6.9 16.5 -7.8 7.9
901.1 -186.3 12.7 -68.4 30.7 -20.3
2661.5 -6.3 0.2 -6.2 -92.4 -27.5
4.7 13.6 23.1
389.1 -16.6 -8.5 18.3 -7.4 8
899.6 -186.7 9.9 -69.6 26.7 -20.1
2667.1 -3.5 -3.5 1.6 -90.8 -25.6
4.8 21.7 29
390.1 -14.3 -12 21.8 -8 7.4
894.6 -211 0.5 -84.8 11.6 -26.6
2671.6 -13.3 -12 -3.9 -86.7 -37.2
13.3 27.3 30.2
386.8 -24.6 -23.9 13.3 -17.8 -3.1
889.2 -223.1 -6.9 -96.9 2.3 -33.6
2680.3 -11.2 -10.5 1.2 -84.4 -36.8
4.4 143.7 112.1
394.5 -12.9 -14.1 23.9 -6.4 6.5
982.3 -49.8 178.4 71.7 172.2 125.4
2742.2 93.3 96.9 98 18.8 55.3
4.1 146 116.8
397.9 -13.2 -15.5 25.9 -6.6 5.1
981.1 -54.6 183.4 66.7 173.4 127.4
2754.7 94.7 101.2 103.6 21.3 56.2
3.7 156.5 116.1
403.5 -16.2 -15.6 26 -4.9 4.9
983.6 -35.7 205.3 73.7 188.8 132.4
2769.6 103.9 110.3 115.4 20.8 67.7
4 157.2 116.4
408.4 -18.4 -20.2 27.7 -3.7 3.5
977.8 -39.7 220.3 65.8 186.3 131.5
2777.2 98 104.7 114.1 18.9 65.1
4.4 161.7 118.3
413.7 -19.2 -23.6 28.7 -2.7 2.9
966.2 -46.9 236.3 61.7 183.4 127.2
2787.1 101 104 113.8 18 69.4
11.3 163.8 101.9
414.4 -26.3 -37.3 23.5 -8.6 -3.5
933.5 -93.3 231 37.9 149.3 110.9
2780.3 74.8 70.9 83.2 -4.4 41.9
18.2 177.8 123.8
418.5 -34.8 -50 19.2 -12.2 -9.3
900 -97.3 275.6 43.8 134.8 101.7
2796.8 104.6 85.9 107.4 11.7 60.1
30.5 202.4 125.9
409.8 -36.7 -14.9 22.5 -46.2 -9.6
834.7 -83 332.1 58.5 112.6 73.2
2790.4 123 60 119.6 -6.4 59.9
20 562.7 349.4
436.3 -26.4 -26 27.4 -12.7 7.2
1147.4 -66.1 -174.5 41 619.8 387.7
3060.9 17.3 -147.7 53.8 258.2 259
winner is: 9
