Regression analysis information for: KLH032a_3212
number of formants: 3
number of coeccicients: 5
13.5 129.3 57.9
454.4 52 11.6 -5 -29.6 -20.6
2006.2 -115.7 -268.4 81.8 -100.4 20.3
2511.6 -8.7 -28.6 13.8 -1.4 30.7
13.8 111 59.9
453.5 51.2 12 -4.1 -29.5 -20.9
2033.4 -156.1 -245.3 84.3 -128.2 73.3
2521.4 -21.4 -19.8 11.3 -6.3 42.1
14.2 108.2 57.5
452.1 49.7 12.1 -4 -30 -21.7
2057.4 -200.8 -207.3 42.3 -84.1 25.1
2534.9 -42.5 -0.7 -4.6 5.8 31.9
14.4 138.9 54.6
450.9 48.4 12.2 -3.4 -30 -22
2028.1 -149.2 -235 27.6 -33.2 -53.4
2519.5 -12 -16.9 -5.7 21.6 4.2
14.8 78.3 57.9
449.6 46.9 12.2 -3 -30.3 -22.3
2081.5 -235.3 -185.7 29.4 -79.4 30.4
2536.8 -37.7 2 -7.3 8.2 31.1
15 14.9 26.2
448.5 45.6 12.1 -3.3 -30.7 -22.5
2126.9 -318.6 -120.2 -13.7 -61 38.5
2564.5 -88.5 49.8 -40.6 22.9 35.7
15 15.1 26.2
447.6 44.7 12.4 -2.9 -30.4 -22.3
2127.4 -317.4 -121.2 -13.3 -61.6 39
2564.7 -87.4 52 -39.9 20.2 38
15 16.7 26.3
446.6 43.5 12 -3.2 -30.7 -22.5
2125.4 -317.5 -117.2 -17 -62.1 42.7
2564.5 -87.4 56.6 -40.3 18.2 40.1
15.1 18.7 25.8
445.7 42.3 11.7 -3.3 -30.8 -22.6
2121.8 -316.5 -112.9 -20.1 -63.1 45.7
2563.3 -87.6 60.2 -38.7 16.1 40.6
15 19.1 25.4
445 41.8 11.6 -2.8 -30.4 -22.2
2118.9 -315.7 -107.5 -23.6 -63.6 48.2
2562.5 -88.9 63.5 -37.6 15.1 40.9
14.9 20.5 25.7
444.3 40.8 11 -3.3 -30.6 -22.3
2113.4 -314.8 -101.9 -29.2 -62.8 50.9
2560.5 -88.9 65.7 -37.5 16.5 39.9
14.7 20 25.8
443.9 40.4 10.8 -3.1 -30.4 -22
2112 -316.2 -98.3 -27.9 -66.7 51.9
2558.9 -89.1 67.4 -36.9 17.3 40
14.8 20.5 26.5
443.3 39.5 10.4 -3.2 -30.5 -22.1
2107.2 -318.8 -95.1 -27.7 -67 49.9
2555.4 -92.1 68 -35.3 19.6 38.3
14.7 18.8 25.2
442.9 38.7 10 -3.4 -30.5 -22
2103.6 -322.2 -91.2 -25.1 -67.8 50.6
2552.8 -96 69 -31.7 23.2 40.9
14.7 17.6 25.4
442.6 38.3 9.5 -3.4 -30.5 -21.9
2104.2 -325.9 -95.6 -23.4 -69.1 49.2
2551.3 -100.2 65.7 -32.6 23.3 42.1
14.8 17 26.2
442.4 37.8 9 -3.8 -30.8 -22.2
2104.7 -330.9 -99.5 -20.1 -69.9 45.5
2550.5 -104.6 62.9 -32.6 21.6 42.2
14.7 15.2 25.4
442.1 37.5 8.5 -4.1 -30.8 -22.3
2107.1 -336.1 -106.6 -17.1 -70.2 42.7
2542.8 -101.3 54.6 -40.1 27.9 34.2
14.5 13 23.5
442.1 37.5 8.2 -3.9 -30.8 -22.2
2113.5 -340.3 -117.3 -9.5 -71.8 37.5
2540.4 -99.7 48.4 -42 27.4 32.6
14.5 11.1 23.8
442.2 37.4 7.8 -4.3 -31.1 -22.5
2119.8 -344 -128.4 -2 -71.6 31
2540.2 -97.5 45.5 -43.7 26.3 32.1
14.5 10 23.2
442.4 37.5 7.7 -4.3 -31.1 -22.5
2128.3 -345.9 -140.9 4.7 -69.4 23.9
2542.1 -96 44.3 -45.2 24.2 33.7
winner is: 20
