Regression analysis information for: KLH032d_0146
number of formants: 3
number of coeccicients: 5
4.2 405 113.1
395.3 -12.1 13.9 -10.4 2.4 -2.3
2091.9 -83.3 397.7 -356.6 -85.2 161.9
2801.4 -110.5 -76.6 -38.4 2.1 85.5
6.3 424.4 116.5
395.1 -13.8 15.7 -5.3 1.5 -6
2141 -151.4 340 -229.1 -105.2 88
2822.1 -132.1 -106 -8.5 4.5 68
3.4 335.6 98.5
397.8 -12.4 12.9 -8.3 1.5 -2.8
2268.4 -136.2 128.4 -270 1 115.2
2853.9 -137.4 -163.8 6.2 30.5 46.8
3.4 176.9 56.6
398.7 -12.6 12.5 -7.9 1.5 -3
2411.9 -170.7 -73.1 -212.2 11.6 110.8
2886.5 -153.4 -212.3 46.4 25.8 15.4
3.3 47.8 36
399.6 -13.1 12.1 -7.4 1.5 -3
2485.5 -241.4 -156.3 -69 -40.5 10.4
2884.4 -160.7 -216.2 87.4 7.9 -25.4
3.2 47.3 39.7
400.1 -13.7 11.7 -7.1 1.4 -3
2482.1 -240.9 -149.9 -70.4 -40.7 8.7
2867.9 -146.2 -201.9 78.2 8.2 -24.9
3 40.7 33
400.4 -14.3 11.3 -6.7 1.5 -3
2476.6 -238.1 -140.1 -69.1 -43.8 2.9
2862.5 -132.1 -200.2 63 13.1 -15.6
3 35.1 30.8
400.4 -14.9 11 -6.4 1.5 -3
2472.5 -233.7 -135.9 -70.3 -44.1 -2.3
2866.3 -128.9 -201.6 55.5 16.5 -9.4
2.9 32.7 30.1
399.7 -15.3 11.1 -6 1.4 -2.7
2477.9 -234.5 -134.8 -77.2 -38.5 -7.6
2876.2 -130.9 -209.8 56.6 17.1 -5.7
2.9 28.1 31
399 -15.7 11.2 -5.6 1.5 -2.6
2482.9 -233.1 -134.8 -82.8 -37.3 -11.4
2885.6 -133.7 -216 56.9 17.1 -2.2
3 25.2 32.6
398.1 -15.7 11.3 -5.4 1.5 -2.6
2489.7 -237.1 -133.7 -89.9 -33.3 -15.4
2894.9 -137.3 -223.1 59.5 15.4 3.3
3 22.4 32.1
396.8 -15.7 11.4 -5.4 1.4 -2.4
2498.3 -238.9 -137.6 -93.6 -32 -17.8
2907.9 -146.8 -229.8 60 18.2 4
3.3 22.5 31.4
395.4 -15.4 11.7 -5 1.5 -2.4
2508.2 -238 -145.8 -98.7 -32.9 -14.2
2921.8 -160.7 -234.8 57.9 24.6 6
3.2 20.7 29.4
394 -15 12.1 -5.2 1.9 -2.2
2516.8 -239 -153.7 -101.2 -37 -15.9
2934.7 -177.9 -242.2 60.6 30.8 8.5
2.9 19.1 24.7
392.4 -14.3 12.2 -5 1.9 -2.5
2530.5 -240.6 -166.1 -111.5 -41.9 -11.1
2951.7 -202 -249.2 58.4 40.9 13.6
3 15.1 24.3
391.2 -13.6 12.7 -5.2 2.1 -2.7
2543.4 -240.2 -179.1 -120.5 -48.2 -8.2
2965 -226.6 -261.2 70.3 59.8 23.5
3 17.1 39.4
390 -12.6 12.8 -5.5 2.3 -2.9
2551.2 -249.4 -189.9 -119 -44.5 -3
2978.9 -252.4 -280 100 68.6 29.7
2.9 34.7 60.2
389 -11.7 13 -5.8 2.3 -2.9
2546.2 -240.1 -220.2 -87.8 -54.6 19.8
3003.5 -285.6 -302.8 140.2 76.7 15.3
3 46.4 83.2
388.3 -11.2 13 -6 2.3 -3.1
2539.6 -245.5 -237.2 -67.6 -52 35.9
3017.6 -309.9 -328 185.3 65.6 6.6
3 47.6 95.3
387.9 -10.8 13 -6.2 2.5 -3.3
2537.3 -246.5 -244.7 -52.5 -54 40.1
3026.1 -325.1 -317.1 188.1 46 20
winner is: 16
