Regression analysis information for: KLH032a_1360
number of formants: 3
number of coeccicients: 5
3.4 10.9 10.7
389.9 -38 9.2 1.6 -5.9 4
2527.8 102.7 -89.3 12.1 -22 -11.5
3117.4 13.8 40.6 18.1 -8 3.4
3.6 10.1 9.5
388.7 -36.5 8.3 1.4 -5.7 3.8
2531.8 93.7 -83.1 9.4 -21.6 -11.6
3125.1 4.5 46.6 21.4 -6.3 4.2
3.5 9.5 7.2
387.3 -36.7 9.2 1.5 -5.8 3.8
2535.8 92 -84.7 7.3 -19.7 -11.3
3147.8 18.7 30.7 12.8 -0.2 4.7
3.7 8.8 8
386.8 -35.8 8.7 1.9 -5.9 3.7
2538.1 89.7 -81.3 5.5 -18.5 -11.3
3149.8 14.3 32.7 9.2 -1.1 6.7
3.7 9.5 6.5
385.7 -35.3 8.2 1.7 -6.1 3.4
2541.3 88.1 -79.8 5.1 -18.2 -9.9
3160.2 20.6 36.1 11.9 2.8 10.3
3.4 10.1 5.5
384.8 -34.5 7.8 1.4 -6.1 2.9
2544 84.4 -77 4.5 -17.2 -9.1
3164.4 18.5 40.6 15.5 6.8 13.1
3.4 9.8 5.4
384 -33.5 8 1.3 -6.1 3.1
2545.8 82 -77 4.9 -15.8 -9.1
3166.3 10.5 33 16.8 9.5 12.2
3.3 10 5.1
382.9 -32.6 7.8 1.3 -6.5 2.9
2548.8 77.8 -76.8 2.9 -14 -9.1
3173.3 8.9 29.7 15.2 14.9 13.8
3 10.6 5.1
381.7 -31.6 8.2 1.1 -6.5 2.7
2552.1 75 -78.4 2.7 -12.9 -8.3
3181.7 5.9 19.1 14.9 17.9 13.5
3.1 10.5 6
379.9 -30.6 7.5 1.4 -7.3 3.1
2558.1 74.1 -75.8 1.4 -9.1 -9.1
3197.7 12.9 19.9 15.8 25.8 12.3
2.9 10.5 6.3
378 -29.7 7.6 1 -7.2 2.7
2564.6 71.9 -76.1 0.4 -7.9 -8.8
3215 18.1 12.8 15 29.2 12.5
2.9 10.4 6.6
375.3 -27.5 7.2 0.2 -6.6 2.6
2574.2 68.3 -73.6 2.1 -6.8 -8.6
3239.1 17.6 6.9 23.6 30.6 9.4
3 9.7 6.4
373.8 -27.2 7.5 0.3 -6.9 3
2580.7 69.6 -74.8 -0.3 -4.5 -10.3
3258.4 28.6 -5.4 17.5 35.4 5.8
3 10 7.3
371.9 -26.3 7.2 -0.3 -6.7 2.9
2587.6 67.5 -74.7 -0.3 -4.1 -11.1
3278.5 35.4 -11.4 20.7 38.9 3.6
2.8 10 7.3
370.2 -25.2 6.6 -0.2 -6.6 2.8
2595.7 66.7 -71.8 -1.6 -2.2 -10.6
3300.2 43.5 -16.2 17.7 42.2 4.5
2.8 9.5 7.1
368.8 -24.9 6.4 -0.8 -6.2 2.6
2602.1 67.3 -70.9 -0.8 -2 -10.6
3320.5 55.4 -20.3 20 43.2 4.2
2.9 9.5 6.5
367.4 -24.3 5.8 -1.1 -6.1 2.6
2609 67.1 -69.1 -1 -1.7 -11
3342.7 67.7 -23.6 20.1 44.5 3.1
2.9 9 5.3
366 -24 4.8 -1.1 -6.3 2.6
2618.4 70.7 -62.3 -0.9 1.3 -10.7
3375.4 98.1 -14.1 21.1 49.4 5.8
2.9 7.8 5.3
365 -23.9 4.4 -1.5 -6.1 2.4
2624.9 71.3 -59.5 -1 2.2 -10.9
3401.7 120.6 -12.6 18.6 49.7 8.9
3 6.8 7.6
363.5 -22.9 3.4 -1.7 -6.1 2.3
2634.7 67.8 -52.9 -1.4 3.3 -11.1
3440.2 145.4 -4 20.3 46.9 11.8
winner is: 19
