Regression analysis information for: KLH032a_3246
number of formants: 3
number of coeccicients: 5
10.3 49.7 238.3
406.1 81.3 4.1 -25.7 -8.6 3.5
874.3 -184.7 135.8 -93 92.1 -60.5
2502.4 312 -236.8 -11.1 38.3 -72.5
14.4 25.8 190
411.1 80 2.8 -28.1 -7.6 8.9
893.3 -218.8 166.4 -105.2 83.8 -32.3
2697.5 92 -182.2 -24.6 36.3 95.6
35.1 44.3 84.8
427.6 64.1 -2.1 -10 -28.9 19.3
906.8 -236.2 169.4 -86.6 60.3 -21.7
2807.4 -3.3 -239.6 116.3 -39.6 84.8
52 49 55
460.2 31.1 -23 38.5 -62.1 12.3
918.5 -252 172.6 -73.1 48.4 -26
2846.9 -58.1 -173 71.4 -3.1 59.2
54.8 60 55.4
467.6 24.7 -22.2 42.5 -69.9 21.9
927.5 -263.3 172.5 -57.7 34.3 -26.9
2850.6 -45.3 -170.7 78.1 -6.3 64
58.4 66.3 51.1
466.4 30.7 -20.4 33.1 -63.6 28.4
932.6 -270.9 176.1 -50 26.8 -30
2861.3 -44.5 -160.4 74.8 -3.4 59.2
60.6 72.7 47.4
464.2 35 -19.1 31.5 -62.1 26.5
935.2 -274.4 176.5 -46.5 26.1 -35.5
2870.3 -45.6 -153.8 72 -2.3 56.3
61.1 75.9 45.5
463.7 37.8 -20.3 33.7 -61.1 21.8
934.9 -272.7 175.7 -46.3 28.3 -39.9
2879 -47.6 -145.3 70.8 0.3 51.3
60.2 76.7 45.5
456.6 42.3 -11.6 35.9 -70.1 15.5
929.2 -260.4 167 -46.9 35 -43.1
2885.7 -45.8 -140.4 72.2 -0.3 49.3
59.5 76.1 44.3
448 55.7 -11.3 28.3 -58.5 1.9
921.7 -247.9 159.7 -48.5 40.9 -44.8
2892.7 -44.1 -134.7 68.9 1.3 44.1
53.2 70.8 43.9
445.6 59.5 -7.6 23.5 -58.1 6.3
914.1 -237.3 156.3 -53.9 49.4 -47.4
2896.2 -40.5 -130.7 66.1 4.2 36.4
45.7 66.7 43.1
436.2 72.2 -1.4 5.2 -45.7 8.3
907.1 -229.2 154.9 -62.8 61.9 -50.2
2897.5 -35.9 -130.1 60 5.1 28.6
44 49.9 40.4
436.5 75.8 -5.3 6 -40.7 0.8
899 -216.5 152.4 -72.1 74.4 -47.6
2891 -17.3 -137.4 65.9 -0.7 32.2
26.4 116.8 55.8
428.2 87.2 -0.8 -8.8 -26.3 -1.7
924.8 -243.4 124.4 -19.4 46.1 -72.8
2899.2 -19.7 -149 88.6 -10.9 22
9.7 32.8 35.9
419.3 98.5 7.2 -27.1 -14.2 3.8
887.5 -203 156.4 -94 94.6 -41.9
2882 3.9 -135.7 59.6 6.6 28.3
9.3 32.9 32.5
422.4 97.7 5.9 -24.6 -17.1 3.6
888.2 -208.5 155.2 -91.6 94.7 -41.6
2886.2 6 -129.4 54 8.5 25.9
9.5 35.8 27.8
425.5 97.9 4.5 -23.7 -19.4 3.2
891.3 -216.8 154.2 -85 95.1 -43.2
2889.3 8.2 -119.4 38.3 12.6 23.9
9.5 39.2 25
427.3 99.5 5.1 -24 -20 3.4
888.2 -226.6 151.9 -86.9 99.2 -42.3
2898.9 6.2 -109 34 13.9 22.5
10.1 43.7 23
429.1 101.7 6 -26.1 -20.9 5
882.7 -238.1 148.8 -88.8 104.9 -40.5
2910.6 0.1 -97.1 26.4 16.8 18.1
11.4 51.4 19.5
431 105.2 6.7 -30.3 -21.5 7.4
871.5 -253.7 148 -92.8 115.8 -39.2
2927.8 -11.9 -84.8 15.7 21.4 12.9
winner is: 17
