Regression analysis information for: KLH032a_1624
number of formants: 3
number of coeccicients: 5
26.9 13.6 29.8
745.2 -91.2 -94.8 18.6 -32.3 23.6
1284.9 -33.3 -96.8 5.2 41.9 9.9
2899.8 76.4 -120.1 32.8 -52.5 -9.1
33.7 15.5 8.9
763.9 -110.7 -86.3 22.9 -48.9 39.7
1294.7 -36.1 -101.5 9.6 33.8 10.1
2898.9 60.7 -100.5 23.9 -49.1 2.4
34.7 17.7 6.2
777.6 -127.7 -76.1 20.5 -56.5 49.8
1301.9 -37.8 -105.6 13.3 28 10.1
2893.8 60.2 -95.9 19.2 -38.5 -1.9
39.4 16 5.6
792.9 -137 -60.9 13.3 -62.3 60.3
1311.2 -38.9 -109.3 13 17.9 15.2
2903.7 55.3 -81.8 18.7 -31.3 -0.1
36.3 19.8 4
797.5 -158.4 -57.5 10.6 -62.3 59.5
1306.5 -37.7 -113.2 14 22.1 9.2
2904.6 53.9 -84.7 15.9 -28.1 -2
41.8 17.1 4.4
799.3 -153.7 -52 5.5 -61.2 60
1308.1 -37.4 -114.2 11.1 17.9 12.8
2919.4 48.7 -73.6 17.9 -26.8 2
36.2 15.6 5.9
783.8 -152.5 -64.2 -0.4 -47.4 34.4
1292.8 -35.6 -116 3.6 25.3 8
2921.9 49.4 -78.2 16.6 -25.4 -2.4
32.7 15 7
775 -136.4 -62.9 -2 -46.1 38.5
1287.4 -34.6 -109.7 -0.2 24.7 9.7
2933.5 47.5 -72.4 19 -26.7 1.4
33 14.3 9.5
755.1 -137 -53.1 -23.1 -20.3 14.3
1266.1 -34.6 -95.8 -1.4 23.3 11.3
2933.8 42.9 -79.8 11.1 -26.8 -6.5
21.7 10.9 9.8
724.9 -96.3 -53.9 -30.6 -10.1 9.8
1253.7 -38.7 -74.9 -3.4 17.6 10.3
2939.6 47.6 -78.7 14.3 -28.8 -3
23.1 8.6 12
700 -98.7 -32.9 -47.1 8.2 -6.7
1229.9 -46.1 -50.5 7 7.1 4.1
2929.9 41.3 -92.7 0.7 -32.3 -13.6
15.4 5.8 11
680 -74.7 -30.2 -43.4 8 -5
1222.4 -52.7 -35.4 10.2 4.2 1.6
2925.1 51.7 -92.4 -0.6 -27.6 -16
20.1 5.1 9.5
669.2 -90.2 -9.3 -51.6 14.6 -14.1
1211.4 -56.1 -26.8 16.7 -1.5 -0.8
2902.1 38.7 -98.3 -16.7 -28.8 -21.9
14.6 4.3 7.7
661.5 -74.8 -11.9 -43.5 6.7 -6.3
1211.9 -58.2 -22.6 15.7 -1.5 -0.3
2897.4 41.9 -84.6 -13.7 -27.5 -15.3
20.8 5.2 6.6
661.2 -91.2 0.9 -52.2 15.3 -16.5
1209.1 -57.1 -24.5 19.4 -2.9 -0.1
2878.8 31.8 -79 -16.3 -26.3 -21.2
14.1 4.4 7
655.8 -77 -5.5 -40.5 6.3 -8.3
1212.4 -61.3 -20.3 16.1 -0.3 -1.6
2873.5 33.5 -71.4 -1.3 -27.9 -16.6
19.7 5.5 5.7
660 -92.1 2.6 -49.8 14.9 -15.6
1211.3 -58.2 -23.7 18.5 -0.3 -1.5
2873.3 31.6 -69.6 -3.7 -22 -16.2
16.6 5 5.9
659.3 -79.2 -3 -41.9 8.1 -9.8
1213.5 -56.4 -24.2 17.8 0 -0.7
2885.9 35.8 -59.1 3.1 -20.6 -11.2
18 5.5 4.3
660.5 -78.2 -4.8 -41.2 8 -9.4
1213.3 -53.2 -26.4 18.7 0.3 -1
2896.1 34.6 -54.9 4.2 -20.1 -5.9
19.7 5.7 4
662.7 -76.9 -7.2 -39.8 8.1 -9.6
1213.1 -49.7 -28.1 19.7 0.5 -0.8
2908.8 38.7 -50.6 9.1 -16.6 -1.5
winner is: 16
