Regression analysis information for: KLH032d_0038
number of formants: 3
number of coeccicients: 5
3.5 17.9 62
509.8 -32 -17.2 -18.1 -5.1 0.1
1107.9 -87.3 54 -61.7 70.5 -43.4
2378.2 132 -75.7 -51.1 29.7 -23
3.2 19.1 60.4
505.3 -33.3 -15.9 -17 -4.9 2.1
1098.5 -85.7 54.2 -63 69.4 -41.3
2377.4 124.8 -99.4 -67.3 15.4 -41.3
3.5 21.8 58.1
501.8 -34 -15 -14.8 -4 2.7
1089.3 -79.8 52.9 -57.7 68.7 -41.6
2385.6 121.7 -113 -64.6 -1.1 -46.8
3.5 23.7 72.9
499 -35.3 -14.6 -12.9 -4 3.7
1081.8 -79.7 51.2 -52.1 64.7 -39.3
2383.8 80.2 -144.1 -60.6 -40.2 -50
4.1 25.2 78.5
497.6 -34.7 -14.2 -11.5 -3.9 4
1076.4 -74.3 49.4 -46.4 61.9 -38.1
2380.8 82.3 -133.6 -46.8 -43 -46
4.7 25.5 84.3
496.2 -33.8 -15 -10.2 -4.7 4.2
1070.1 -64 41.2 -35.7 54.2 -33.7
2375.9 79.8 -128 -27.8 -51.4 -43
5.5 27.1 88
495.8 -33 -14.1 -9.3 -5.1 4.6
1068.6 -62.8 43 -33.6 51.7 -32.3
2373.2 88 -105.6 -11.2 -54.4 -40.6
5.9 26.3 85.8
495.8 -32.6 -13.9 -8.4 -5.9 5.6
1067.9 -59.3 41.6 -27.9 46.1 -26.8
2380.3 98.4 -88 5 -60.6 -31.4
6.1 25.4 81.7
496.3 -32.5 -13.3 -7.5 -6.6 6.3
1069.3 -59.6 42 -24 42 -23.3
2391.5 107.1 -72.9 19.6 -66.9 -26.5
6.2 24.3 81.2
496.2 -32.5 -12.8 -7.9 -7.1 7
1069.2 -60.8 44.1 -26.2 40.9 -20.6
2388.9 102 -71 11.8 -78 -20.7
6.6 22.9 67.3
497 -32.9 -11.8 -7.8 -7.7 7.8
1071.9 -62.6 47.1 -25.4 38.2 -17.3
2405.9 118.1 -52.1 14.4 -90.9 -18.2
6.6 22.2 59.9
498 -33.5 -11 -7.8 -8.3 8.7
1075.6 -67.1 50.7 -26.2 37.3 -14.8
2418.6 122.3 -45.8 16.5 -96.8 -12.5
6.4 19.7 52.2
498.9 -33.7 -10.5 -7.4 -8.5 9.5
1077.9 -68.3 50.9 -24.4 35.1 -10.8
2434.6 130.6 -43.4 21.1 -95.9 -6.8
6.1 18.1 52.1
499.9 -34.8 -9.9 -7.4 -8.6 10.6
1081.4 -72.1 53.1 -23.4 33.9 -6.8
2445.3 126.6 -42.9 26.9 -92.4 6
6.1 15.6 34.5
500.9 -34.5 -8.5 -7.5 -7.7 11.1
1083.9 -73.3 56.9 -26.1 37 -5.6
2460.6 153.6 -22.5 36.1 -74.6 5.2
5.9 14.8 32.6
502 -35.4 -7.7 -8.3 -7.5 11.9
1088.2 -77.8 60.9 -28.2 38.2 -3.3
2475.6 160.5 -23.9 27.8 -73.1 15.8
5.9 14.3 26.9
503.6 -35.6 -6.7 -8 -6.9 12.1
1093 -81.6 64.7 -29.5 40.6 -3.5
2501.9 186.8 -11.7 40.2 -63.2 16.2
5.8 14.5 23.2
505.4 -36.1 -5.7 -8 -6.4 12.6
1099.1 -87.8 68.9 -31.8 42.5 -2.5
2529.6 209.2 -8 46.6 -54.9 19.4
5.8 14.8 24.5
506.8 -37.2 -5.4 -8.5 -5.6 12.4
1104.3 -93.7 72.6 -34.9 46.2 -4.2
2547.9 214.7 -20.5 43.3 -50.2 20.1
5.9 14 21.6
508.4 -38 -5.2 -8.9 -4.3 12.2
1109.5 -99.8 75.8 -39 51.2 -6.4
2567.6 224.6 -36.6 41.7 -34.5 21.5
winner is: 20
