Regression analysis information for: KLH032a_0029
number of formants: 3
number of coeccicients: 5
5 94.4 23.5
532.4 -18.8 -62.3 -15.4 -10.3 -5.7
1066.5 299.4 322.2 224.7 214.5 135
2412.5 -183.8 41.2 58.7 89.5 56.8
5.3 98.2 26.3
532.2 -16.5 -64.3 -14.4 -10.7 -5.2
1073.2 301.1 301.7 218.8 224.3 145.1
2419.6 -177.9 37.6 48.9 83.8 58.2
5.8 92 17.8
532.2 -16.1 -66.4 -14.4 -11.1 -5.6
1155.6 422.9 328.4 203.1 171.6 46.4
2430.5 -159.1 47.6 48.5 71.3 37.9
6.1 106.6 17.7
532.6 -15.1 -67.3 -13.4 -10.5 -4.3
1174.7 418 274.7 187.1 226.6 107
2420.3 -173.1 50.2 64.5 83.8 36
20.3 110.7 14.4
524.9 -26.7 -70.3 -4.7 5.6 12.6
1193.7 428.3 245.4 168.1 241.5 125.5
2416.2 -174.8 56 68.6 76 22.6
6.5 149 63.3
532.9 -14.4 -68.9 -13.9 -13.7 -5.4
1243.6 517.3 273 106.3 123.4 33.3
2387.5 -202.7 83.9 134.4 120.9 11.5
6.6 104 70.3
533 -14.5 -69.4 -13.9 -14.5 -5.5
1297.9 590.6 259.2 6.4 -5.1 -38.2
2396.7 -190.2 85.6 125.4 104.7 0.2
6.7 16.9 12.9
533.1 -14.3 -71.1 -13.6 -15.7 -5.3
1371.6 650.5 172.7 -125.9 -50.2 17.9
2443.9 -144.1 37.6 30.3 56.4 38.7
6.5 18.9 12.8
533.8 -15 -70.1 -12.8 -17.3 -5.2
1342.1 636.5 220.3 -106.2 -88.6 -4.5
2445 -143.5 39.4 30.8 51.3 36.8
6.4 16.5 12.1
534.6 -14.9 -69.7 -12.6 -17.7 -4.9
1348.1 636.5 209.3 -112 -79 9.1
2447.5 -141.4 40.1 29.8 49.5 36.3
6.4 24.2 13.4
534.3 -17.1 -70.5 -12.7 -19.3 -5.6
1336 631.7 232.4 -95.9 -96.8 -15.3
2448.6 -138.1 44.7 34.3 49.6 35.7
6 35.6 13.5
534.5 -18.2 -70.6 -11.7 -20.9 -5.3
1320.8 621.8 257.8 -68.8 -106.9 -45.1
2449.5 -136.7 47.8 38.2 47.2 35.4
5.8 34.8 13.7
535.7 -20.6 -70.6 -11.2 -21.8 -4.8
1328.5 626.1 250.7 -76.2 -106.6 -40.4
2453.3 -136.2 50 40.1 47.2 35.6
5.8 32.3 15.1
536.7 -24.8 -71.5 -11.1 -23.8 -4.1
1339.4 634.5 241.7 -87.1 -106.6 -34.2
2456.6 -136.4 52.1 43.1 48.7 38.2
5.5 31.9 16.5
538.5 -28.1 -71.2 -10.3 -25.1 -2.8
1346 640.4 237.8 -92.6 -108.1 -33.3
2459.1 -139.9 52.7 45 50.6 40.7
5.5 28.8 18.1
540.5 -33.4 -71.2 -9.5 -26.5 -1.4
1356.3 650 228.7 -104.3 -106.9 -27.5
2460.8 -144.9 53.2 48.9 54.3 43.4
5.7 27 20.4
542.6 -38.8 -71.1 -8.6 -28 0.2
1361.6 657.9 224.4 -111.4 -103.7 -22.3
2460.8 -153.7 50.4 51.6 57.7 47.1
5.8 29.5 21.7
545.2 -43.9 -70.1 -8.1 -28.7 1.4
1355.2 661.8 232.3 -109 -96.5 -19.7
2458.3 -168.4 42.3 48.5 56.7 46.4
6.2 45.8 15.8
546.9 -51.8 -69.6 -8.9 -29.1 2.6
1318.3 662.1 260.4 -110.4 -47.6 20.3
2416.8 -255.3 -30 -6.1 17.6 22.1
6.5 220.4 13.7
549.3 -57.8 -68 -9.7 -28.4 3.3
1482.2 399.7 20.5 288 -140.6 -156.7
2415.9 -265.7 -36.9 -10.8 12.4 15.1
winner is: 10
