Regression analysis information for: KLH032a_0134
number of formants: 3
number of coeccicients: 5
4.6 3.1 8.7
497.3 -1.9 -23.8 -8.2 -7.8 -4.9
2244.1 99.5 -31.8 19.1 -3.8 8.9
2672.2 51.8 -1.9 16.6 -22.3 3.4
4.9 3.5 7.1
498 -1.5 -23.7 -8.3 -8.4 -5
2241.5 99.5 -31.5 19.2 -2.8 8.6
2668.2 53.9 -2.6 16.4 -19.4 3.5
4.5 3.1 5.8
500.3 0.7 -20.8 -6.7 -6.8 -4.1
2242.1 93.7 -31.1 17.9 -4.3 8.4
2668.8 54 -1.3 18.3 -18.2 7.6
5.8 4.1 4.9
497.8 -3.2 -25.2 -10 -10 -6
2241.3 100.9 -31.2 20.3 -1.9 9.5
2668.6 60.9 -3.9 19.2 -16.8 6.8
5.2 3.8 4.5
499.8 -1 -21.9 -8.1 -7.8 -4.8
2243.4 95.4 -31.8 18.3 -3.8 8.8
2672 59.9 -3.1 19.9 -16.5 9.6
6.6 4.7 4.9
496.6 -5.9 -27.1 -11.8 -11.3 -7.1
2244.2 102.5 -31.6 20.7 -1.5 10.6
2674.3 65.8 -4.4 20.4 -15.4 9.6
5.7 4 4.8
498.6 -3.4 -23.3 -9.3 -8.9 -5.6
2246.4 97.6 -32.5 17.7 -3.3 9.4
2677.8 64.4 -3.8 19.3 -15.3 11
6.7 4.9 5.3
494.6 -9.4 -28.9 -13.5 -12.5 -7.5
2248.3 105.5 -32.4 20.5 -0.5 10.6
2681.7 72.3 -3.7 21.6 -12.9 11.3
5.8 4 5
496.2 -7.7 -25.7 -11.5 -10.4 -6
2251.1 100.8 -32.9 17.7 -2.4 9.6
2685.1 70.4 -2.6 19.9 -13.3 12
6.4 5 6.8
491.8 -13.8 -31.6 -15.5 -13.4 -7.9
2252.4 110 -31.5 20.2 0.8 10.8
2689.2 80.1 0.9 23 -9.4 12.8
5.7 4 6
493.3 -12.2 -28.7 -13.6 -11.5 -6.8
2254.9 106.1 -32.1 17.8 -1.7 10
2690.8 79 0.6 21.7 -11.6 13.6
5.9 4.9 7.5
489.6 -17.5 -33.5 -16.7 -13.5 -7.8
2255.8 114.4 -30.2 19.1 1.3 10.7
2694 87.2 5.4 22.8 -7.2 13.2
5.2 4 6.3
491.4 -15.3 -30 -14.6 -11.2 -6.5
2257.4 110.3 -29.9 15.3 -0.4 8.8
2694 84.7 6.5 19 -8 12.2
5.3 4.7 7.9
487.2 -21.7 -35.1 -17 -12.7 -7
2259.6 119.1 -27.1 17.4 1.4 9.2
2697.4 92.3 13.7 24.8 -2.7 11.7
4.7 3.7 6.3
489.3 -19.3 -31.3 -14.6 -10.9 -6
2260.5 113.7 -25.5 15.8 -1.9 7.4
2693.8 84.5 17.3 26.5 -5.7 10.1
4.7 4.1 8.4
486 -24.6 -35.8 -17.1 -12.4 -6.5
2261.5 120.8 -21.7 18.4 1.6 8.1
2695.9 89.9 26 32.7 2.8 11.3
4.3 3.3 6.5
488.3 -22 -32.4 -15.2 -10.9 -5.8
2262 113.9 -20 18.6 0.1 6.8
2691.4 77.6 25.4 34.5 2.8 12.1
4.5 3.7 8.1
485.7 -25.8 -35.7 -16.9 -12.1 -6.4
2260.1 116.7 -17.1 22.2 3.4 6.1
2690.3 76.1 32.3 41.4 10 9.8
4.2 3.5 6.5
488.4 -22.9 -32.1 -15.1 -10.7 -5.8
2260.2 108.3 -16.2 20.7 1.8 7
2686.8 63.7 28.8 36.8 7.1 13.5
4.2 3.6 6.8
488.6 -23.4 -32.1 -15.1 -10.8 -5.8
2260.6 104.5 -15.7 23 2.6 6.6
2687.9 56.7 27.8 38.6 7.5 12.8
winner is: 3
