Regression analysis information for: KLH032a_2217
number of formants: 3
number of coeccicients: 5
27.3 5.7 30.2
638.1 -29.4 -133.7 0.2 -90.9 -5.5
1959 -82.9 -17.3 -6.3 -6.1 -7
2846 37.9 40.7 -47.4 47.4 -14.9
28.6 6.1 28.6
635.2 -27 -131.2 -3.1 -90.8 -2.4
1961.9 -83.4 -18.9 -4.5 -8.6 -8.6
2851.3 31.2 36.7 -41.7 38.2 -14.7
28.5 6.1 29.6
632.5 -28.5 -131 -4 -90.6 -1.6
1964.9 -80.6 -18.2 -5.8 -11.4 -9.9
2857.4 32.8 37.8 -43.1 31.4 -15.4
27.4 5.8 32.2
628.8 -26.6 -133.5 -4 -91.5 -1.4
1967.9 -78.5 -16 -5.1 -11.9 -9.8
2866.6 33.8 47.8 -37 30.6 -7.4
26.6 6.2 33.2
625.5 -25.1 -133.4 -4.4 -90.9 -2.1
1970.1 -77.6 -15.5 -5.3 -13.4 -9.5
2871.4 31.7 49 -35.1 25.4 -2.9
25.9 7.2 32.6
619.8 -26.7 -135.2 -3.9 -88.5 -0.5
1973.9 -74 -14.2 -7.3 -17.3 -11.3
2879.5 38.4 52.2 -36.5 18.8 -5.1
24 8.1 32.3
610.4 -20.9 -134.1 -0.8 -85.9 -7
1977.5 -73.5 -14.1 -8.2 -19.2 -9.6
2890.2 36.2 55.7 -34 13.8 6
24.8 8.5 30.3
603.6 -19 -133.4 -0.5 -81.6 -10.6
1979.7 -72.5 -13.5 -8.7 -21.1 -9.2
2896.3 37.8 58.4 -31.2 11.2 10.1
24.5 9 29
596.4 -17.9 -133.9 2.1 -77.6 -14
1981.7 -71.2 -13 -9.5 -22.5 -9.3
2901.8 41.5 62.5 -29.2 10.3 13.8
21.9 9 33.6
584 -16.9 -137.9 7.4 -70.1 -19.1
1984.2 -70.3 -13.3 -12.5 -27 -12
2910.5 46.4 68.7 -29.3 5.6 15.4
20.8 9.1 35.9
574.7 -14.5 -138.8 9.2 -67 -20.7
1985.4 -70.7 -13.8 -14.1 -28.9 -12.9
2913.9 42.4 67.6 -33.2 1.4 12.4
21.9 9.2 35.9
563.7 -12.9 -135.9 16.2 -63.9 -23.8
1986.6 -71.3 -14.9 -16.2 -30.9 -14.5
2918.2 39.1 67.2 -38.3 -1.1 10.9
20.3 10.9 37.4
549.6 -14.3 -133 25.3 -55.5 -25.6
1988.7 -70.8 -15.9 -19.5 -35 -17.1
2925 37.2 66.9 -46 -8.5 8.1
16.3 11.1 43.5
538 -18.8 -123.7 28.6 -58.7 -27.2
1987.4 -74.5 -19.9 -23.3 -38.8 -20.4
2924.6 27.8 54.1 -59.3 -18.6 -2.4
12.8 12.7 47.2
519.5 -14 -107.7 25 -60.1 -22.1
1987.7 -76.6 -22.1 -25.7 -42.5 -23.2
2933.1 19.5 50 -66.3 -24.1 -7.6
11.7 13.8 50.3
513 -14 -102.4 22.6 -61.5 -19.5
1984 -83.3 -27.6 -29.4 -45.7 -25
2929.1 3.6 36.5 -79.6 -33 -17.3
11.5 15.2 108.3
504.1 -13.6 -95.8 20.9 -58.5 -17.6
1977.6 -93.1 -30.5 -25.7 -40.1 -20.4
2882.5 -68.8 38.2 -7.7 58.7 39
12.6 16.4 56.2
499.3 -9.8 -89.9 16.5 -58.8 -16.1
1979 -90.2 -31.2 -30.1 -47.3 -25.4
2927.9 -12.9 28.5 -75.9 -30.9 -14.1
12.4 17.9 71.5
494.5 -10.1 -85 15.7 -58.5 -15
1976.5 -91.5 -28.5 -26.1 -45.1 -24.4
2915.3 -34.4 33.6 -42.6 15.1 18.4
14.5 18 49.1
491 -6.1 -79.9 10 -57.7 -11.9
1975.5 -88.8 -24.1 -25.2 -43 -22.2
2939 -2.5 33.8 -66.6 -22.5 -1.1
winner is: 9
