Regression analysis information for: KLH032d_0293
number of formants: 3
number of coeccicients: 5
50.6 96.6 106.1
668.8 290.9 -191.5 -71.8 25.1 -73.2
1903.7 8.8 -79.4 -60.3 -71.3 -111.9
2657.5 275.9 -183.8 123.9 -136.8 -157.8
26.6 21.6 115.8
682.9 312.5 -168.9 -46.1 48.8 -49.9
1951.7 72.4 9.8 16.8 -4.8 -20.5
2755.8 248.8 -68.3 103.6 -17.1 -137.8
27 16 116.5
683.4 309 -173.3 -47.5 48.3 -51.1
1955.3 61.4 10.2 13.3 -9.8 -12.4
2796.8 188.1 -67.2 59.1 31 -112.9
27.9 15.2 80.4
683.5 310 -173.8 -51 50.4 -50
1956.9 54.8 4.8 9.8 -12.3 -12.7
2842.7 166.3 -80.5 35.8 36.4 -77.9
29 14.9 42.6
683.6 310.8 -175 -54.7 52.3 -49.2
1957.6 50.6 -2.1 5.6 -13.4 -14.7
2880 132.4 -83.8 20.6 27 -29.4
29.5 14.6 22.2
684.5 311.9 -176.4 -57.1 54.3 -47.9
1960 47.9 -8.5 1.8 -13.8 -15.1
2906.3 118.3 -70.8 13.3 6 6.6
30.4 14.7 16.4
684.6 314.3 -176.5 -60.9 56.3 -46
1963 46.3 -12.8 -1.5 -13.8 -15.3
2908.1 124.7 -67.6 13.7 8 3.3
30.5 14.6 11.8
685 315.5 -177.5 -63.9 57.4 -44.6
1966.3 45.5 -16.9 -4.1 -13.8 -14.9
2910 125.8 -65 15.9 9.2 -2.1
30.7 15.7 10.7
685.9 318 -177.8 -66.9 58.8 -41.6
1971.8 48 -19.9 -6.3 -11.7 -11.7
2910.7 121 -68.2 12.6 8.4 -4
30 15.5 10.5
686 320.5 -176.7 -70.5 59.7 -38.3
1977.1 50.5 -22.3 -7.1 -8 -10.2
2912.8 118.3 -70.8 10.4 10.2 -4.6
29.2 16.8 14.2
684.8 323.4 -175 -76.2 61 -33.2
1981.3 52.7 -24.1 -8.7 -6.5 -7.1
2912.6 119.2 -70.5 3.3 15.2 -4
29.5 17.2 12.1
683.8 326.1 -171.9 -79.7 60.8 -29.2
1984.5 54.9 -24.6 -9.4 -5.1 -5.6
2916.5 115.9 -71.5 4.1 13.5 -3.1
30.6 17.5 11.7
682.2 328.2 -169.3 -83.8 60.3 -25.6
1988.4 59.3 -23.9 -8.8 -3.2 -2.6
2920.2 116.3 -71 5.4 13.5 -0.6
30.7 17.5 11.5
681 328.7 -167.4 -85.8 58.7 -23.4
1991.2 62.3 -24.6 -8.8 -3.4 -0.6
2923.4 117 -73.2 7.3 10.9 1.2
31.2 17.8 13.3
680 329.8 -166 -87.6 58.4 -22.5
1992.5 67.3 -23.6 -6.8 -2.4 1.3
2923.5 121.9 -75.1 11 8.7 6.4
31.8 17.6 14.1
678.5 329.9 -164.8 -89.7 57.5 -21.2
1995.2 72.9 -22 -4.4 -2.2 3
2924.6 127.6 -75.8 13.3 7.1 8.6
33 17.7 14.2
677 329.4 -164.7 -91.8 57.3 -20.9
1998.2 77.6 -18.9 -2.1 0.4 6.2
2926.4 130.4 -74.5 14.4 7.8 10.9
34 16.9 13.7
674.7 328.5 -162.7 -92.1 57.8 -19.4
2000.5 81 -17.7 -1.9 -0.1 5.7
2928.3 133.3 -73.7 11.4 6.8 8.9
34.7 16.5 13.5
672.4 326.6 -163.2 -94.8 56.8 -19.1
2002.5 82.6 -15.5 -0.2 1 6.4
2930.2 133.3 -71.5 10.8 8.7 7.7
37.7 15.4 12.3
668.8 321.8 -165.2 -95.3 57.2 -20
2004.6 89.9 -12.6 0.9 4.8 4.6
2932 138.5 -70 8.2 11.1 2.1
winner is: 10
