Regression analysis information for: KLH032a_2503
number of formants: 3
number of coeccicients: 5
17 24.9 44.5
501.9 130.4 120.3 -15.5 -17.8 -12.2
2249.1 -414.8 -134.3 13.2 -48.5 -3.1
2843.2 -46.1 16.5 65.4 -24.5 13.7
16.9 24.2 43.8
500.8 129.8 121.6 -14.3 -17.6 -12.9
2250.7 -414.2 -136.3 14 -47.5 -4
2848.7 -49 10.8 65.8 -22.6 14.4
16.5 24 42
498.4 128 122.5 -12.1 -16.3 -13.2
2253.7 -414.2 -136.2 13.8 -47.5 -5.2
2860.1 -50.7 11.2 65.6 -22.5 16.6
16.6 23.2 40.4
496.5 126.4 122.8 -11.4 -15.8 -13.7
2256.5 -413.5 -136.6 15.4 -47.1 -5.3
2871.8 -53.7 12.2 72.7 -23.9 21.8
16.6 22.2 40.5
494.7 125.6 122.9 -11.1 -15.4 -13.8
2259.8 -415.5 -135.9 15.1 -45.8 -7
2881.5 -61.8 14.8 74.8 -26.4 21.4
16.7 21.5 40.7
492.9 124.3 122.1 -11.2 -15.1 -13.7
2262.4 -417.1 -134.5 14.6 -44.4 -8.5
2889.2 -66.2 20.8 76.6 -29.4 21.8
17.1 21.5 40.8
490.7 122.5 121.2 -11.4 -14.6 -13.6
2265.8 -419.1 -133.6 14.8 -44.4 -10.3
2897.9 -73.5 27.3 79.7 -35.9 22.4
17.4 21 42.6
488.2 120.9 119.5 -12.6 -14.1 -13.7
2269.4 -422.8 -132.5 17 -47 -10.2
2907.7 -82.3 35.8 86.8 -46.8 26.1
17.4 21 42.2
485.6 119.1 117.7 -13.5 -13.1 -13.5
2273.4 -427 -130.8 18.6 -49.7 -10.2
2920.8 -95.6 43.8 95.7 -58.3 28.3
17.5 21 43
482.6 116.3 115.5 -15.1 -12 -13.4
2277.4 -430.8 -130.7 21.9 -54 -9.7
2935.5 -108.2 47.1 111.1 -72.7 32.4
17.2 21.5 48.8
479.3 112.8 111.9 -18 -12.4 -13.9
2280.6 -435.4 -130.8 23.7 -57 -10.7
2949 -118.8 54.3 126.1 -84.3 33.1
16.6 22.1 52.9
476.2 109.1 109.2 -19.3 -11.9 -13.9
2283.2 -438.7 -131.9 25.2 -60.4 -12.1
2961 -126.8 56.8 135.5 -89.7 33
16.2 23.2 61.8
473.1 105.6 105.8 -22.4 -12.3 -14.4
2285.8 -445.1 -135.3 28.6 -65.3 -13.7
2985.4 -144.6 48 165.5 -103.3 31.3
15.8 24.7 66.8
469.9 101.3 102.1 -24.6 -12.4 -14.5
2286.7 -453.7 -140 28.9 -70.3 -14.2
3000 -149.8 50.1 177.4 -109 40.2
14.8 25.9 68.5
467.6 98.5 100.8 -24.3 -10.4 -13.5
2288 -458.8 -143.3 29.2 -75.2 -13.9
3012.9 -163 50.5 187.5 -115.9 43
14.3 27.3 64.1
466.1 96.8 99.5 -24.4 -9.4 -13.1
2287.9 -465.8 -145.6 29.9 -77.4 -12.1
3009.5 -161.4 71.8 162.7 -110.3 73.5
14.1 57.6 102.2
464.9 95.4 98 -25.4 -9.4 -13.3
2264.8 -449 -131.5 -14.1 -48.1 0.8
2972.8 -131.4 130.6 70.2 -63.1 144.6
13.7 52 107.3
463.7 93.6 97.2 -25.1 -8.2 -12.6
2266.1 -463.5 -139 -2.8 -49.2 5.5
2978.2 -158 126.4 84.8 -41 165.1
13.5 47.6 114.7
463.3 93.2 96.4 -25.5 -8 -12.5
2265.9 -472.1 -141.8 1.2 -49.5 11.1
2983.6 -173.4 114.7 81.7 -22.9 170.9
13.3 46 121.7
463.2 93 96.1 -25.6 -7.5 -12.3
2263.7 -476.1 -141.4 1.6 -45.4 19
2991.6 -185.8 101.6 82.6 -2.2 174.8
winner is: 6
