Regression analysis information for: KLH032e_0697
number of formants: 3
number of coeccicients: 5
8 55.6 456
424.4 46.5 -3.5 -31.2 -18.4 0.7
1109.5 88.1 -203.6 20 -58.6 20.4
2077.6 164.4 303 -267.9 -38 106.1
8.8 46.6 390.3
427.7 47.5 -2.1 -32.7 -18.8 0.7
1124.7 116.1 -185.6 17.4 -64 24.9
2311.1 431.6 413.6 -286.7 -57.7 171.3
9.4 60.6 281.3
431 47.4 -0.8 -34.5 -18.4 0
1118.9 113.3 -163.3 29.5 -96.1 15.8
2676.7 330.5 159.1 -115 -227.1 187.3
9.8 47 202.9
433.5 47.4 -0.1 -35.4 -17.9 -0.8
1140.3 118 -201.2 27.9 -64.1 26.3
2832.1 231.9 -13.5 -84.3 -139.9 320.3
10 47 172.5
436.5 44.8 2.3 -37.8 -15.8 -2.7
1143 120.3 -207.4 34.5 -66.4 25.3
2869.9 179.7 -36.4 -38.3 -144.9 261.6
9.6 46.1 151.6
438.6 42.1 3.9 -39.7 -13.4 -4.6
1145.4 121.7 -214.6 41.8 -67.9 22.9
2901.7 153.1 -70.3 -17.8 -105.9 204.1
9.5 46 114.3
440.6 38.4 6.5 -41.6 -10.8 -6.5
1146.6 124.5 -222.6 49.6 -69.5 20.5
2943.5 117.8 -107 26.9 -88.2 135
9.4 45.2 77.4
440.9 36.7 6.8 -41.7 -9.8 -7.1
1147.8 124.6 -229.2 56.2 -70.5 17.9
2966.9 106.2 -138.2 62.7 -84.6 97.8
8.5 43.5 47.4
440.2 34.6 7.1 -41.7 -7.4 -8.2
1146.7 125.7 -236.4 63.5 -70.7 16.2
2991 95.2 -163.3 94.7 -88.1 64.2
7.9 40.5 48.9
438.9 33.9 6.9 -41.4 -5.6 -9.9
1147.6 122.2 -238.5 66.9 -70.3 16.4
2992.4 103.6 -164.8 94.1 -90 63.8
8.6 39.4 49.4
438.4 31.7 8 -42.1 -3.6 -11.4
1145.5 122 -242.9 72.2 -71.8 17.1
2996 107.9 -164.5 90.3 -86 56.5
8.9 37.3 56.9
437 31.2 8.1 -41.9 -2.6 -12.3
1143.2 120.8 -243.8 73.6 -70.7 17.1
2999.6 111.8 -165.1 86 -78.4 42.6
7.3 37.7 54.7
435.5 30 7.9 -41.2 -2.8 -11.9
1139 118.8 -245.2 74.5 -68.5 14.1
3004.8 114.7 -167.6 89.1 -83.6 46.4
6 37.7 59.3
434.3 29.8 7.6 -40.5 -3 -11.2
1134.2 120.9 -247.9 77.2 -69.5 16
3016.5 100.5 -155.6 78.1 -73.6 36.7
7 38.6 65.2
431.4 33.3 4.7 -37.1 -6.1 -8.4
1127.3 125.8 -247.1 76 -69.8 18.1
3028.7 82.3 -143.5 66 -62.6 25.8
16.9 39.6 69.8
423.1 47.8 -8.9 -23.8 -17.9 1.9
1121.4 130.2 -248.1 77.5 -72 20.9
3040.5 61.4 -128.5 51.1 -49.9 15
13.3 138.4 81.6
436.4 20.1 17.5 -47.9 3.2 -15.8
1198.4 -28.9 -93.8 -65.2 51.5 -81.9
3080 -15.3 -61 -8.9 1.5 -22.2
15.7 115.2 80.1
430 31.6 7.5 -38.1 -5.3 -8.9
1170.2 20.3 -131.4 -33.1 24.8 -63
3070.5 1.9 -81 10.7 -15.9 -3.7
20 144.6 73.5
428.7 32.9 6.9 -37.9 -5.4 -9.9
1191.8 -28.3 -81.8 -75.4 55.2 -85.8
3084.5 -34.9 -49.6 -19.1 2.1 -14.2
18.2 146.8 70.6
437.5 15.5 22.5 -49.6 1.7 -11.8
1233.9 -110.9 -7.8 -128.3 82.6 -85.6
3110.8 -93.6 4.8 -59.3 24.5 -15.5
winner is: 10
