Regression analysis information for: KLH032a_1423
number of formants: 3
number of coeccicients: 5
5.2 93 136.5
349.1 -3.1 8.5 13.5 -9 -0.6
927.6 211.9 144.2 94.2 35.8 -7.6
2419 33.6 55.1 67.5 -23.7 21.7
5.6 38.6 49
351.2 -2 10.4 15.1 -8.3 -0.8
974.4 291.4 210.7 136 41.4 -40.4
2491.7 114.4 133 105 -13.4 -23.1
5.8 38.1 50.2
352.1 -3.1 11 15.2 -8.2 -0.5
975.4 285.3 212.8 140.5 47.6 -34.9
2507.7 91.5 143.3 96.5 -6.7 -19.3
6.2 41.5 53.1
353.3 -3.7 11.1 15.1 -7.8 -0.6
978.4 282.4 213 141.8 53.1 -31.6
2533.5 72.8 138.3 76.5 12 -9.3
6.3 42.3 59.4
354.5 -4.7 10.8 14.5 -7.4 -0.4
984.8 284.1 213.4 138.3 53.5 -31.2
2569.4 59.4 130.8 43.3 31.2 7
6.6 44.4 76.2
355 -5.8 10.1 13.5 -6.5 -0.7
987 283.4 212.9 137.7 60.8 -28.4
2601.6 50.5 119.1 13.7 68.9 23.3
6.9 45.3 91
355.7 -7.6 9.2 13 -5.9 -0.8
987.4 277.5 212.4 140.5 72.2 -20.4
2635.6 35.5 108 -9.9 106 46.9
6.8 45.5 89.9
356.5 -8.4 7.9 12.1 -5.4 -1
992.3 278.3 210.2 136.9 74.6 -17.5
2659.9 40.7 94.2 -32 115.4 52.7
6.4 43.2 80.8
356.8 -9.6 6.6 11.4 -4.6 -1.1
989.8 268.6 204.4 138.1 85.9 -3.4
2677.2 42.8 83.7 -49.5 126.4 57.2
6 40.4 69.3
357.7 -11 5 10.6 -4.2 -1.1
990.9 262.5 198.1 133.3 90.5 5.2
2703.7 48.5 70.9 -77.9 121.4 62.4
5.8 38.7 63
358.5 -12.1 3.6 10 -4 -1.2
991.2 255.7 188.5 125.5 93.2 15
2731.8 60.5 50.5 -112.6 106.7 70.9
5.4 41.3 71.9
359.3 -13.6 1.3 9.1 -3.6 -2.2
993.6 246.3 168.4 101.1 82.9 24.6
2753.7 64.4 36.4 -139 102.7 70.6
5 78.8 79.3
360 -15.1 0 9 -3.8 -2.5
1011.1 258.4 133 35.9 37.7 30
2763.6 56.6 22.5 -151.9 98 74.1
4.9 101.6 85.2
360.6 -16.6 -1.9 9.6 -4.8 -3
1013.7 258 99.5 -15.7 -1.3 17.6
2766.5 48.8 2.9 -154.2 89.5 79.8
4.9 123 93.1
362.1 -18.5 -3.4 10.4 -5.1 -3.6
1014.7 266 74.5 -57.8 -21.3 4.3
2776.6 33.6 -8.6 -165.2 83.7 77.7
4.3 132.8 96.8
362.6 -20.7 -4 11.2 -6.9 -4.3
993 269.1 51.1 -83.9 -22.8 -29.7
2770.4 7.3 -22.9 -181.3 59.9 64.6
3.9 244.7 146.1
363.6 -22.6 -4.5 12.3 -7.4 -4.8
1079.4 107.8 135.7 -60.2 -135.3 144.7
2838.3 -120.9 26.3 -169 -30 181
3.7 296.3 168.2
365.3 -24.2 -5.5 14.1 -8 -5.8
1169.8 -21.7 166.1 33.1 -306.7 297.4
2920.2 -233 45.8 -93.3 -165.9 293.2
8.1 296.4 156.8
364.2 -21 -10.3 16.9 -6.7 -11.4
1203.3 -66.2 160.5 98.1 -379.4 329.8
2964 -286.2 36.8 -36.4 -226.7 315.3
3.8 246.7 130.5
369.2 -27.8 -7.7 18.1 -8.1 -8.8
1280.9 -240.6 237.2 202.7 -443.6 430.1
3031.6 -375 62.3 26 -276.5 347.8
winner is: 2
