Regression analysis information for: KLH032a_3266
number of formants: 3
number of coeccicients: 5
2.1 72.5 92.9
347 11.3 -14.8 -4 -4.1 -3.4
2234.7 -172.2 128.8 75.3 -125.1 -159.3
2937.4 -255.5 130.8 119.8 -185.5 -202.1
1.9 63.2 92.2
346.6 11.7 -15.3 -4.1 -4.1 -3.4
2250.7 -162.2 108.1 48.4 -124.9 -136.6
2935.8 -252 133.4 117.3 -183 -202.9
1.9 50.8 104.9
346.2 11.8 -15.8 -4.1 -4.1 -3.1
2265.9 -157.5 80 31.5 -109.6 -122.2
2921.3 -274.8 121.4 115.8 -168.4 -182
1.8 41.3 110.7
345.6 12.2 -16.1 -4.2 -3.8 -3
2280.7 -153.4 52.8 9 -103.1 -106.7
2821.7 -432.7 73.4 178.1 -29.9 -49.5
1.8 39.8 119.7
345.4 12.4 -16.4 -4 -4.1 -2.9
2266.9 -151.9 77.9 -13.2 -134.1 -83.6
2790.5 -430.3 132.1 152.3 -81.9 -16.3
1.6 32.5 106.2
345 13.2 -16.8 -4 -3.8 -2.8
2309.5 -143 6.1 -31.3 -85.2 -67.1
2838.1 -412.1 81.3 164.7 -54.6 -69.6
1.7 17.6 85.6
344.9 13.5 -17 -3.9 -3.7 -2.8
2340.6 -132.5 -47.6 -59 -44.3 -28.4
2844.7 -405.1 83.6 167.7 -45.9 -63.7
1.6 15.4 104.2
344.7 13.8 -17.1 -3.8 -3.7 -2.6
2346.2 -130.6 -54.6 -58.7 -33.7 -22.6
2903.3 -342.9 50.4 90.6 -88.4 -52.1
1.5 23.6 83.1
344.3 14.5 -16.9 -3.9 -3.9 -2.2
2329.2 -117.2 -21 -83.2 -39.3 6.5
2812.9 -226.3 274.1 -95.3 -208.7 86.1
1.5 12 94.1
344.1 15.3 -17.2 -3.6 -4.1 -2.1
2351.5 -126.5 -46.3 -51.4 -27.7 -17.9
2938.8 -178.7 172.6 -121.7 -250.5 67.9
1.4 10.1 73.1
344.2 15.5 -17.3 -3.6 -4.1 -1.9
2354.1 -122.7 -43.1 -46.7 -23.4 -16.3
2943.6 -102.6 137 -229.6 -126.9 129.7
1.3 8 65.8
344 16.2 -17.5 -3.1 -4.2 -1.6
2357.9 -117.2 -36.3 -42.4 -18.8 -13.3
3024.1 -147.7 35.9 -145.6 -111.2 97.8
1.2 6.4 54.3
344 16.4 -17.6 -3 -4.2 -1.5
2359.3 -114.8 -33.3 -40.1 -16.5 -11.4
3045.6 -138.4 -18.9 -143.1 -40.7 73.5
1.2 4.8 19.4
344 17 -18 -2.6 -4.4 -1.2
2362.2 -110.3 -27 -36.5 -12.2 -9.2
3099.9 -180.4 -91.5 -55.5 -31.8 0.6
1.2 2.8 24.6
343.8 17.8 -18.2 -2.3 -4.5 -1.1
2367 -104.4 -18.9 -31.3 -6.9 -4.9
3098.9 -171.7 -84.3 -65.1 -14.7 -2.7
1.1 3.9 10.1
343.8 18.1 -18.4 -1.8 -4.7 -0.9
2371.7 -96 -9.5 -24.5 1 0.4
3113.3 -183.4 -83.8 -43.7 -26.1 -0.6
1.1 8.1 7
343.8 18.6 -18.5 -1.4 -4.6 -0.7
2378 -84.8 2.3 -14.8 10.6 7.8
3118 -177.2 -72.3 -38.7 -18.9 4.6
1.1 11.9 5.4
343.8 19.2 -18.5 -1.1 -4.5 -0.6
2383.2 -76 11.4 -7.5 17.6 13.3
3125.4 -168.5 -59.8 -30.4 -10.9 13.4
1.1 13.7 6.5
343.8 19.3 -18.4 -0.7 -4.5 -0.6
2386.2 -69.7 17.6 -1.5 22.8 16.9
3130.8 -159.5 -50.5 -24.4 -2 21.4
1.1 14.2 8.1
343.8 19.6 -18.2 -0.4 -4.5 -0.6
2388.2 -65.2 21.6 2.1 25.2 18.4
3134.5 -154 -46.1 -19.4 3.2 25.1
winner is: 16
