Regression analysis information for: KLH032a_1226
number of formants: 3
number of coeccicients: 5
17 58.3 61.8
495.4 75.6 -37.7 26.6 -13.2 23.6
1247.6 -157 5.2 4.5 -54.2 67.4
2580.6 474.6 -312.4 211.2 -67 -21.5
8.1 31.7 158
498.6 65.8 -28.9 18.3 -4.9 14.9
1268.8 -205.2 49.1 -41.5 -10.4 20.8
2624 385.2 -221 107.8 27.5 -113
8 43.7 149.9
504.4 50.2 -15.3 5.7 7.7 1.7
1262.5 -198.5 41.4 -33 -17 28.4
2633.1 379.3 -216.2 104.5 22.8 -98.9
9.5 73.5 145.3
505.4 46.2 -12.3 3.1 9.6 -0.8
1250.4 -175.1 17.5 -8.4 -39.3 47.3
2641.3 368.4 -210.8 106.5 14.3 -82.4
12.5 17.2 163.3
507.6 40.6 -7.2 -1.1 13.4 -4.8
1276.2 -230.9 68.9 -59.1 5.8 4
2693.5 264.5 -117.4 18.4 86.1 -139.5
14.3 69.7 154.2
510.6 34.2 -1.7 -5.6 17.4 -8.9
1248 -178.1 22.8 -24.1 -13.8 4.6
2707.8 240.8 -109.1 27.7 68.1 -116
12.4 10.6 93.2
511.7 31.4 1.1 -7.2 18.4 -9.2
1283 -244.7 80.1 -63.7 7.2 5.7
2769.5 119.5 -8.7 -28.2 86.3 -92.7
9.8 11.1 76.3
510.9 34 -1.3 -4.3 15.6 -6.3
1283.5 -245 80.4 -63.4 6.7 6.4
2781.2 97.2 6.2 -24.3 72.2 -74.1
7.1 11.4 30.2
510.8 35.1 -2.6 -2.7 13.8 -4.2
1284.7 -245.4 80.6 -63 6 6.9
2823 28.3 50.2 -26.2 44.9 -18.2
6 11.7 11.6
511.3 35.5 -3 -2.2 13 -3.3
1287.1 -247.1 80.7 -62 4.3 8.3
2843.1 3.6 55.2 -13.2 21.7 7
3.6 12 6.2
510.7 38.5 -6 1.1 9.6 0.5
1288.5 -247.3 80.6 -61.2 3.1 8.7
2861.6 -14.6 55 -0.7 1 25.3
3.4 12.7 8.7
509.8 42.3 -9.2 4.3 6.1 4
1290.8 -247.8 81 -60.9 1.6 10.2
2866.7 -12.8 53 -1.9 -0.9 26.1
12.6 12.8 11.5
505.1 54.3 -20.3 15.9 -5.3 15.5
1292.7 -248.2 80.9 -60 -0.4 11.1
2874.2 -15.4 49.7 1.4 -7.1 25
26.7 12.6 10.9
499.4 68.9 -33.5 29.3 -18 28.2
1293.5 -247.1 80.2 -59.8 -0.7 10.7
2880.3 -13.5 46.1 0.2 -6.1 22.5
18.7 12.8 9.3
502.8 64 -28.7 23.5 -12.9 22.3
1295.5 -246.7 79.2 -59 -2.2 11.5
2886 -12.6 41 -0.9 -3.1 18.6
18.3 12.3 7.9
503.7 65.1 -28.9 23.5 -13 21.8
1296.3 -245.8 78.5 -58.6 -2.3 10.5
2892.1 -11.3 36.6 1.2 -2.7 14.4
15.9 10.9 7.4
504.8 65.6 -29.2 22.8 -11.9 19.7
1297.1 -243.6 75.7 -56.6 -3 9.2
2900.5 -12.7 28 6.1 -0.4 7.6
14.2 10.4 7.9
507 65.4 -28.8 22.1 -11.5 18.4
1300.5 -244.2 73.7 -53.2 -6 9.6
2910.2 -12.7 17.2 12.4 2 -0.5
12.5 9.1 7.9
509.1 65.3 -28.9 21.7 -10.7 16.4
1301.6 -242.7 70.2 -50.3 -7.4 8.6
2916.9 -11.1 7.4 17.6 4.2 -5.6
11.7 9 6.8
511.5 65.7 -28.9 21.9 -10.5 15.5
1305.1 -244.6 68 -46.5 -10.5 9.3
2922.9 -7.6 0 22.1 5 -7
winner is: 11
