Regression analysis information for: KLH032a_3062
number of formants: 3
number of coeccicients: 5
14.8 169 59.7
485.3 69.9 -112.6 -0.9 4.8 -20.4
1824.6 -295.5 -124.9 322 412.5 260.9
2683.9 -124.8 21.6 121.2 183.8 130.6
15.4 173.6 59.5
485.6 70 -116.4 -0.8 6.1 -24.2
1815.7 -301.4 -111.1 333.5 420.1 270.9
2681.8 -121.3 39.1 122.5 177.9 137.6
14.7 216 94.5
488.6 74.5 -120.1 -5 3.3 -27.8
1871.9 -222.2 -106 267.7 342.8 237.6
2685.9 -126.1 10.3 56.4 101.5 86.3
25.5 234.7 96.9
479.9 62.6 -128.3 -2.1 17.7 -12.6
1903.8 -183.8 -116.2 215.5 300.7 255.1
2698.8 -116 6.5 30.9 74.4 83.7
40.9 221.8 90.3
467.4 50 -124.3 21.4 47.9 0.6
1941.1 -120.9 -81.5 211.6 253.5 188.6
2714.3 -96.7 22.2 33.3 60.8 62.6
14.4 22.1 34
491.6 87.3 -125.2 -12.1 1 -36.2
2087.7 90.5 -71.9 20 -45 -49.6
2775.3 -11.4 41.8 -16.6 -25.6 -4
14.8 21.8 26.8
492 92.2 -125.2 -14.6 1.1 -38.1
2086.5 85.7 -75.7 22.4 -43.7 -48.5
2785.8 0.3 60.3 8.5 0.2 19
15.5 21.2 26.1
491.3 95.4 -124.8 -17.3 0.9 -39.7
2087.1 82 -80.9 25.8 -41.2 -46.4
2786.6 -6.5 55.7 12 5.5 21.6
15.7 20.4 24.8
488.7 98.9 -121 -21.1 -1.2 -39.9
2090.8 80.8 -91.9 31.7 -32.5 -47.3
2789.6 -10.2 47.1 18.1 15.3 22
18.2 20.2 24.5
483 100.3 -116.6 -24.8 1.2 -38.3
2097.9 86.2 -99.1 35.1 -31.9 -50.5
2796.9 -2 41 15.7 14.9 19.9
20.4 23.3 25.2
476.9 102.1 -109.8 -29.9 -1.4 -36.9
2103.6 88.3 -111.9 43 -26.4 -55
2797 7.3 32 16.6 23.3 19.9
20.5 24.7 25.1
473 102.5 -105 -31.5 -3.8 -37
2105.6 95.3 -118.7 43.4 -18.1 -59.4
2794.6 19 26.9 13.8 31.8 16.4
19.3 25 24.6
467.7 101.5 -99.1 -33.8 -7.6 -35.4
2111.3 100.9 -126 47.2 -12.4 -65.4
2792.3 31.6 25.2 8.9 38.9 15.8
16.6 29.8 31
458.8 100.8 -86.5 -37.5 -16.2 -31.4
2123.6 102.4 -144.9 56.5 -2.8 -79.1
2784.3 49.7 30.8 -10.5 50.3 22.5
13.8 28.3 40.4
452.5 98.4 -79.5 -37 -20.3 -30.6
2123.8 119 -151.5 42.4 16.5 -83.4
2772.1 69 42 -31 53.5 29.7
12.4 31.5 41.2
445.5 93.4 -74.3 -36 -21.8 -28.2
2119.8 143.1 -142.6 9.6 33.7 -70.9
2766.8 75.3 57.1 -46.5 40.9 39.3
10.5 51 34.1
440.9 91 -69.3 -36.2 -24.6 -25.6
2122.1 155.3 -142.2 -8.8 46.3 -58.1
2748 74.7 93.8 -62.5 7.5 55.9
9.4 53.7 28.8
437.9 88.8 -67.3 -35.4 -24.6 -23.8
2115.3 163.9 -123.3 -21.6 31.7 -53.9
2718.1 68.7 139.1 -85 -44.5 81.2
8.6 33.5 35.9
435.3 86.1 -65.9 -34.5 -24.2 -22.1
2075.4 177.6 -34.8 -55.9 -42.5 -24.3
2715.3 44.7 124.1 -90.2 -45 78.7
8.3 38.5 41.1
433.6 84 -64.9 -32.6 -23.4 -21.6
2068.8 163.3 -22.5 -53.3 -72.8 -30.5
2715.1 26.6 119.1 -93.1 -48 78.6
winner is: 9
