Regression analysis information for: KLH032a_1347
number of formants: 3
number of coeccicients: 5
8.3 189.6 121.5
367.5 4.3 32.4 -17.6 0.7 1.8
842.6 -143.5 129.9 216.1 -349.6 118.6
2581 -26.6 41.8 116.3 -182.5 -17.8
20.6 212.9 147.2
356.6 11.5 50.8 -34.9 -7.8 22.6
877 -160.7 79.2 244.4 -305.8 91.5
2611.9 -23.9 -10.8 129.2 -142.1 -30
10 242.8 200.5
370.3 6.1 27.6 -19.2 5.1 2.1
1108.1 -290.1 -312.6 581.9 -127.8 -310.6
2757.4 -77.9 -234.8 291.9 -31.3 -233.5
31.5 308.3 214.4
347.8 9.1 69.2 -26.5 -22.8 3.4
1037.3 -241.2 -200.5 468.6 -153.4 -181
2744.9 -51.8 -174.4 234.1 -38.5 -158.1
14.9 426.9 229.3
367.9 5.7 36.4 -20.1 1.5 0.5
1138.4 -178.5 -401.4 313.1 85.9 58.7
2798.6 -14.8 -238.1 132.1 79.1 -29.8
14.8 403.8 215.6
368.7 7.9 37.1 -27 4.1 8.5
1208.3 -194.5 -507.3 344.2 116.4 57.2
2849.2 -22.7 -289.1 135.3 95.8 -22.8
17.8 293.8 205.2
370.9 8.8 36.2 -32.1 7.9 13.5
1303.4 -217.1 -663 406.5 176.3 -9.2
2906.5 -38.7 -346.6 167.4 137.6 -74.9
5.6 160.2 179.8
379.6 4.3 24.3 -22.3 14.3 -0.8
1357.7 -259.7 -751.8 524.3 189.8 -152.8
2932.9 -51.2 -358.6 197.7 131.6 -140.1
6.6 157.5 175.7
380 3.3 26.9 -21.8 14.7 -3.1
1349.2 -255.5 -745.4 535.3 174.7 -162.1
2946.1 -52.1 -345.7 198 124.7 -150
5.7 169.8 163.3
382.5 3.8 26.1 -25.5 16.4 -1.3
1382.8 -221.5 -818.2 490.6 192.9 -98.5
2970.6 -64.7 -337.7 203.8 83.3 -160.3
5.6 168 163.1
383.4 3.8 26.2 -27.2 16.9 -1.7
1371.6 -206.2 -829.9 516.1 176.1 -105.4
2991.5 -83.8 -335.1 217.8 46.4 -165.9
11.6 291.8 222.9
381.5 9.7 20.9 -23.4 12.3 2.1
1461.5 -377.6 -679.6 396.2 270 -167.2
3058.6 -188.9 -250.8 155.9 64.6 -192.8
20 305.3 213.6
377.3 20.4 13.2 -18.4 10.1 0.7
1470.5 -429.8 -614.1 360.7 328.5 -257.1
3068.4 -222.2 -195.7 165.7 82.3 -255.6
8.3 310.6 222.3
385.5 6.6 27.6 -28.8 18.1 -5.4
1555.9 -582.8 -485.1 230.2 421.3 -282.5
3122.1 -290.4 -117 107.7 105.5 -242.2
9.2 306.5 233.8
387.1 3.8 32.2 -27.9 17.1 -6.1
1619.5 -683.9 -433.7 195 393.7 -178.6
3153.3 -306.9 -94.7 116.2 63.4 -152.4
16.8 342.9 231.3
384.6 2.2 38.4 -21.8 16.6 -12.9
1634.2 -580.4 -382.4 184.3 546.9 -136.3
3150.4 -219.7 -37.6 88.3 159.3 -107.8
7.3 355.7 225.5
390.2 7.1 32.9 -31 17.2 -3.5
1718.4 -509.7 -403.9 174.3 600.1 -8.6
3253.7 -165.3 -153.6 86.1 309 -52.2
7.4 343.2 199.8
390.8 7.8 34.1 -31.5 16.6 -3.7
1720.7 -523.2 -429 166.1 593.9 -13.9
3290.7 -153 -227.7 93.8 343.1 -61.2
7.5 340 194.9
391.2 8.7 35.4 -31.2 16.2 -4.1
1723.6 -526.1 -439.7 150.7 607.2 -21.8
3313.4 -130.1 -266.9 61 364.9 -32.6
12.9 338.5 198.8
387.4 16.3 33.8 -30.9 20.1 -12.2
1735.2 -528.3 -451 135.5 623.9 -21
3326.5 -116.3 -286.2 48.6 380.3 -25.7
winner is: 1
