Regression analysis information for: KLH032e_0664
number of formants: 3
number of coeccicients: 5
8.9 15.3 99.9
414 21.7 -30.8 4.4 -6.4 9.2
896.6 71.3 -43 -29.6 -25.4 17.2
2545.8 60.4 -125 -165.6 -190.6 46.7
9.1 15.8 95
415.2 21.4 -30.4 5.9 -5.2 8.4
900.1 70.4 -44.9 -24.9 -23.8 15
2572.7 65.1 -132.4 -140.1 -176.2 20.6
9.2 16.6 98.7
416.4 20.5 -29.7 7.2 -3.7 8.6
903.6 68.7 -47.1 -20.7 -21.4 15
2603.6 68 -147.1 -124.7 -157.3 12.5
8.5 16.2 88.5
417.2 18.7 -28.1 9.7 -1.8 8.2
905.8 66.6 -48.2 -13.6 -21 14.1
2629.6 62.9 -147.2 -100 -164.3 -6.7
8 16 88.8
418.3 17.1 -26.4 10.8 0.1 8.9
907.1 65.8 -48.7 -9.9 -20 16.9
2649 61.8 -145.8 -98.3 -153.9 -2.2
7.2 16.2 80.7
419.7 15.3 -25.5 11.5 1.1 8.5
909.7 64.3 -52.3 -4.6 -20.7 16.7
2674.4 47.9 -164 -78.7 -144.7 -12.4
7 16.9 66.9
422 13.7 -24.9 12 2.7 8.2
913.7 64.1 -58.9 1.8 -19.5 15.3
2710.1 36.4 -195.1 -50.2 -117.8 -33.3
6.9 18.6 53
424.1 11.2 -23.5 12.3 4.4 6.5
916.7 64.4 -67 11.1 -19.1 12.5
2735.1 31.4 -207.5 -43.1 -98.9 -41.8
6.6 20.8 44.8
427 9.2 -21.8 11.5 6.5 5.8
918.9 68.5 -77.2 20 -20.4 13.4
2751.5 30.8 -201 -38.8 -85.7 -42.6
6.6 26.6 41.5
430.1 7 -19.5 11.2 8.8 5.2
921 74.7 -93.2 35.9 -24.4 13.6
2766.9 30 -190.3 -31.8 -74.6 -42.1
11 35.9 38.9
431.7 8.4 -20.7 14.4 7 8.4
923 83.7 -117.2 59 -31.3 12.4
2784.8 28.3 -179.8 -28 -70 -44.4
7.9 99.2 83.2
436.3 3.5 -14.2 9.3 13 5
963.5 6.5 -42.5 -22.2 52.7 -69.2
2821.8 -10.6 -127.5 -69.2 -23.7 -87
14 96.4 38.5
436.9 6.8 -16.3 14.1 9.6 9.5
959 27.1 -77.8 12.7 34.6 -62.4
2816.9 32 -157.6 -21.7 -63.2 -46.3
9.1 155.5 74.8
442.5 -1.6 -7.1 6.5 16.8 4
991.2 -43.8 1.3 -70.5 107.2 -130.3
2850.9 -14.5 -107.9 -67.8 -27 -81.8
13 166.2 75.7
442.9 1.2 -8.8 9.7 13.9 7.7
989.8 -37.3 -9.2 -64.4 109.4 -139.1
2867.7 -16.5 -101.6 -70.6 -30 -81.5
17.8 181.4 86.5
440.1 10.6 -15.1 18.2 6.7 15.1
981.7 -28.6 -7.4 -70.5 111.5 -145.2
2890 -36.1 -70 -88.3 -21.8 -87.7
18.1 207.7 99.7
440.6 13.4 -15.3 18.6 9 13.2
1023.4 -113.9 74.9 -152.1 180.6 -204.1
2913.3 -54 -43 -119.8 13.3 -120.6
17.6 223.3 104.9
440 18.5 -16.1 18.9 12.7 7.1
1053.8 -178.1 137.7 -216 236.4 -255.4
2954.1 -103.4 17 -164.3 46.8 -143.6
11.3 132.3 84.3
452.6 -0.9 4 5.5 20.1 9.1
1222.2 -497 402.4 -384.4 279.2 -167.8
3059 -275.7 182.8 -279.2 92.4 -114.7
11.6 137.3 89.7
454.4 -0.5 6.6 7 20.5 10.6
1220.9 -500.3 400.9 -388.7 278.6 -172.5
3070 -273.6 194.9 -271.6 93 -103.1
winner is: 9
