Regression analysis information for: KLH032a_2734
number of formants: 3
number of coeccicients: 5
6.2 7.1 4.6
703.8 -65 -27.7 10.4 0.5 -10.9
1846.8 14.1 -3.7 13.4 -3.2 10.4
2581.6 25.6 -3.7 21.1 3.3 32.1
6.2 7.6 5.4
698.1 -65.4 -25.3 11.4 1.8 -10.9
1849.3 12.9 -5.2 15.8 -3.3 11.2
2593.1 30.5 -5.5 22.3 0.2 31.3
6.2 9.4 5.1
692 -62.7 -24.3 13.4 0.4 -9.8
1849.7 13.9 -9 20 -5.1 13.4
2601.9 31.4 -7.7 21.7 -1.9 29.6
6.1 10.7 8.9
685.2 -58.6 -22.3 13.5 0.3 -10.2
1848.8 16.1 -14.8 27 -8 17
2612.7 31.7 -12 23.5 -8.4 31.5
5.8 11.2 15
677.8 -55.7 -16.3 11.4 -1.3 -9.1
1846.7 18.6 -21.3 34.4 -9.7 19
2624.5 39 -23 30.2 -16.1 32
5.4 12.2 15
671.6 -55.2 -10.1 10.8 -4.2 -8.6
1843.4 17.6 -23.9 39.8 -8.1 19.3
2627.1 41.1 -42.9 35.6 -8.1 43.5
5.1 12 13.3
667.7 -54.1 -6 7.5 -4.6 -7
1840.4 14 -25.3 41 -6.2 20
2614.2 12 -64.8 47.1 9 56.2
5 11.9 26
663.5 -51.4 -1.7 3.7 -4.5 -6.5
1836.6 15.1 -22.6 39.7 -5.2 19.2
2588.8 47.4 -92.1 42.7 53.8 8.9
4.9 10.1 20.9
662.3 -51.1 1.7 2 -5.3 -5.8
1834.1 14.8 -13.8 34.8 -4.7 19.4
2558.4 56.4 -0.3 -5.3 21 65.1
4.9 8.5 24
662.5 -51.5 3.4 0.7 -5.7 -5.8
1833 13.9 -6.6 28.7 -5.2 20.2
2567.2 42.4 28.5 -10 -4.3 87.5
4.9 7.4 23.2
662.4 -51.7 5.3 -1 -5.6 -5.5
1831.6 13.2 3.4 20 -4.3 21.1
2567.3 46.1 46.2 -21.7 -2.5 89.8
5 6.4 19.2
663.7 -52.7 6.2 -2.4 -5.3 -6.2
1834.3 10.3 7.9 14.4 -4.3 18.7
2586.9 34.2 40.2 -13.3 -15.4 79.6
4.8 6.5 22
665.9 -54.1 7.2 -3.2 -5.3 -6.2
1841.7 6 13.1 11.3 -3.9 18.1
2612.1 26.4 24.5 -4.1 -22.4 62
5 6.1 20.1
667.2 -54.8 7.4 -4 -4.7 -7.3
1846.9 3.8 14.1 8.7 -1.8 13.4
2630.3 24.5 9.9 3.6 -21.5 38.2
4.9 6.6 10.7
670.1 -56.2 7.5 -5.6 -4 -7.9
1855.9 -0.8 14.3 4 0.3 10.7
2647 17.5 -9.3 8.6 -16.8 17.4
4.8 6.9 6.9
673 -57.7 7.5 -5.9 -3.1 -8.8
1866.9 -4.3 14.5 4.7 3.8 6.6
2659.8 11.8 -26.6 14.5 -0.8 3.6
5 6.5 5.8
676.2 -59.2 6.5 -6.6 -2 -10
1876.8 -8 11.2 4.3 6.4 2.4
2662.1 9.8 -25.5 11.2 0.4 2.1
5 6.2 4.7
679.9 -60 5.3 -7.1 -0.7 -11.2
1887.6 -8.8 8.4 4.4 9.7 -0.4
2665.1 9.5 -23.6 8.2 0.7 2.3
5.4 5.4 3.9
682.9 -59.9 2.8 -7.3 0.5 -12.8
1896.3 -7.5 3.1 4.5 12.4 -5.2
2667.7 10 -24 6.4 1.1 1.1
5.3 5.9 3.6
687.1 -60.7 1.7 -8.1 1.5 -14.3
1907.4 -6.8 2.4 4.1 13.4 -8.2
2672.2 10.2 -22.8 4.8 1.3 0.6
winner is: 19
