Regression analysis information for: KLH032a_1710
number of formants: 3
number of coeccicients: 5
8 212 112.7
431.8 114 38.4 7.9 -5.1 -1.7
1756.1 285.7 -114.4 -390.8 216.4 -214.8
2546.2 -104 -0.7 -130.6 112.6 -110.9
8.8 198.4 124.1
428.6 107.3 32 3.6 -7.7 -2.5
1799.6 281.3 -185.5 -377.1 237.7 -164.7
2563.9 -119 -7.2 -124.1 113.8 -92.6
9.7 214.1 156.8
424.7 98.3 24.2 -2.2 -11.6 -4.1
1882.4 221.6 -240.3 -374.1 265.4 -104.8
2613.1 -179.9 1.2 -117.7 110.3 -61.4
10.8 215.9 210.1
419.8 87.2 15.7 -7.7 -15 -4.5
2004.5 21.9 -143.9 -387.7 244.2 -103.5
2714.2 -345.8 84.5 -111.3 44.4 2.2
11.7 192.7 216.1
414.5 76.2 7.5 -12.4 -17.2 -3.8
2102.6 -125.4 -138.7 -293.4 124.7 -73.1
2794.1 -452.1 68.4 -16 -67.2 50.7
12.5 124.1 178
408.9 64.8 0.8 -14.4 -16 0.9
2184.9 -243.2 -133.1 -224.1 18.2 26.8
2856.2 -533.6 48.7 66.6 -164.6 140.4
11.7 47.1 117.1
406.2 59.1 -1.3 -13.4 -14.7 2.5
2243.4 -300.2 -199.9 -114.1 -31.5 -41.1
2907.8 -580.8 -24.3 171.5 -199.2 68.5
11.7 47.9 62.7
403.3 53.5 -4.7 -14 -14.4 4.4
2243.1 -308.5 -210.6 -113.3 -35.7 -49.5
2913.9 -592.2 -48.1 180.5 -180.9 30.7
11.8 47.3 48.6
401.8 50.8 -5.7 -13 -13.8 5.2
2241.5 -312.8 -215.6 -119.4 -33.6 -45.9
2910.5 -601.3 -46.8 171.2 -158.9 13.8
11.8 46.8 45
400.6 49.6 -6.4 -12.5 -13.5 5.5
2241.5 -319 -219.7 -124.4 -30.2 -41.7
2919.9 -630.6 -40 175.5 -155 0.5
11.6 46.4 45.5
399.6 49 -6.8 -11.8 -13.3 6.1
2240.6 -328.6 -222.7 -125.9 -24.8 -41.2
2933.3 -665.4 -27.3 176.6 -147.4 -17.8
11.7 43.4 50.1
398.7 48.6 -7 -11.3 -12.7 6.3
2238.2 -338.8 -227.1 -126.4 -17.4 -33.4
2942 -696.9 -12.6 187.2 -152.1 -26.5
11.5 40.8 57
398.1 49.2 -6.7 -11.1 -12.1 6.1
2235.6 -345.5 -220.2 -120.2 -17.6 -36.1
2959.5 -729.8 0.7 203.5 -163.3 -35.5
11.5 36.3 70.2
397.6 49.8 -6.6 -10.9 -11.4 6.2
2227.4 -355.9 -206.8 -106.5 -20 -44.7
2981.3 -758.8 2.5 220.8 -175.8 -31.9
11.5 36.6 82.9
397.3 50.6 -6.4 -10.6 -10.7 5.9
2226.3 -359.2 -197.4 -100.3 -20.2 -47.2
2995.9 -773 -2.6 244.6 -199 -11.8
11.5 35.9 94.3
397.1 51.5 -6.1 -10.6 -10 5.8
2226.7 -360.3 -193.5 -96.1 -19.9 -48.2
3000.7 -772.2 -16.1 281.6 -244 22.6
11.5 35.1 104.5
397.2 52.5 -5.7 -10.6 -9.5 5.7
2230.2 -357.4 -190.7 -93.8 -19.5 -49.7
2993.7 -746 -44.8 306.3 -255.4 25.6
11.7 37.6 110.3
397.3 53.4 -5.5 -10.6 -9 5.6
2237.1 -348.8 -191.7 -97.4 -18.4 -44.6
2982.6 -712.2 -82.3 332.1 -251.9 -1.8
11.8 39.6 119.4
397.6 54.4 -5.2 -10.7 -8.5 5.8
2245.2 -338.7 -194.6 -100.6 -16 -41.5
2957.9 -670.1 -91.2 318 -238.2 3.5
12 42.8 112.1
398 55.3 -4.8 -10.7 -8.1 5.9
2256 -323.7 -197.7 -105.9 -12.5 -37.4
2975 -688.5 -91.3 318.9 -232 -10
winner is: 11
