Regression analysis information for: KLH032a_1662
number of formants: 3
number of coeccicients: 5
5.7 51.8 13.6
312.2 -2.5 -10.8 7.1 -8.6 -14.3
1600.2 131.8 63.4 -159.2 -10.8 116.4
2672.9 -35.9 -29 -8.7 -8.3 7.3
5.6 86.7 35.5
312.5 -1.6 -11.1 7.2 -7.8 -14.4
1667.3 220.9 123.1 -99.1 65.7 165.1
2689.6 -4.4 0.6 15.9 21.2 29.8
7.5 91.5 28.8
313.1 0.3 -11.1 9.1 -6.6 -12.5
1733.4 278.9 180.5 -32.9 81.9 195
2689.6 -11.8 -3.8 12.5 14.4 25.7
6.5 83.6 29.6
313.5 -0.5 -11.9 9.7 -8.8 -13.6
1748.2 257.8 180.3 -62.6 56.8 180.9
2694.3 -11.1 0.2 11.8 13 25.3
9.3 98 38.9
312.9 2.6 -14.5 12.8 -9.7 -10.2
1799.5 287.4 201.5 -25.6 62.7 225.5
2710.5 14 25.8 36.3 33.6 44.2
12 159.1 50.2
311.8 5.8 -18 17.4 -13.7 -6.9
1791 322.9 251.3 -81.7 85.3 247.7
2723.7 32 47.7 54.5 47.2 57.3
16.6 209.8 65.1
308.4 9.2 -16 12.9 -14.8 -2.2
1964.2 102.8 258.6 112.9 -195.3 361.3
2740.4 -56.6 0.2 71.8 -42.4 48.7
65.8 197.8 135.6
338 -46.8 30.6 -32.9 35.3 -60
2142.4 -15.6 192.1 264.8 -181.3 105.2
2800.1 -76.8 30.4 112.3 17.8 -18.7
43.8 172.9 118.6
326.9 -22.5 6.1 -7.6 11.8 -36.9
2188.5 10.3 200.1 274.3 -186.8 107.5
2789.8 -65.2 44.8 90.2 23.5 0.5
42.9 149.4 113.9
331.7 -31.9 12.7 -14.3 17.1 -45.6
2270.4 -26.8 207.4 278 -157.5 49.8
2796.8 -62.9 48.2 95.6 22.7 5
53.1 131.7 135.9
344.3 -56.8 38.1 -40.3 42.4 -67
2375.7 -75.9 249.4 221.3 -78.4 -75.9
2838.5 -90 44.8 123 55.2 -53
44.7 110.2 126.9
327.8 -22.5 3.5 -6.2 10.1 -38.7
2439.1 -104.2 205.3 220.8 -32.5 -97.5
2850.7 -81.5 65.2 123.5 62.9 -46.1
57.9 65.4 127.5
347.4 -62.1 42.5 -45.8 48 -72.6
2489.6 -98.8 138.1 210.2 15.8 -136.6
2881.6 -58.2 111.3 138.4 69.6 -60.6
58.2 68.9 125.2
347.8 -62.2 42.5 -46.1 48.2 -72.8
2534.3 -99.6 86.2 189.8 50.8 -128.1
2913.8 -68.1 55.2 174 97.9 -119.5
45.7 72.3 110.7
340.4 -47.1 27.5 -31.5 33.2 -60
2552.2 -99.3 55.7 184.7 64.9 -106.5
2970.6 -85.8 -57.1 215.3 184.9 -154.7
44.8 71.4 89.3
337.6 -41.4 23.2 -27.8 28.6 -54.8
2573.4 -94.1 41.7 156.2 57.9 -92.6
3004 -89 -85.3 238.5 195.3 -182.2
56.8 132.2 143.7
346.4 -59.5 42 -47.4 47.5 -70.3
2548.1 -53.3 112.9 61.2 8.3 0.4
2941.7 -63.2 90 143.8 101.5 -69.3
44.2 94 121.3
337.5 -41.3 23.8 -29.4 29.5 -54.8
2587.1 -67.5 56.7 78.6 25.1 -18.8
3012.8 -80.3 -70.1 196.8 216.4 -118.4
54.2 107.3 146.9
344.8 -55.9 39.4 -45.5 44.9 -67.1
2579.7 -27.3 70.7 13.6 -6.4 6.9
2947.2 -66.7 76.3 115 119.3 -81.1
14.6 87.6 170.5
321.2 -7.4 -7.9 2.7 -1.7 -22.1
2603.3 -21.6 32.7 9.6 18.2 0.4
2939.9 -69 -5.5 75.8 226.9 -16.2
winner is: 1
