Regression analysis information for: KLH032a_2906
number of formants: 3
number of coeccicients: 5
47.2 252 112.8
434.1 -20.5 25.4 -31.3 20.1 -44.2
905.2 -91.6 307.5 -77 313.1 -67.1
2594.2 102 161.2 -77.7 178.8 -44.4
60.6 160.5 80.5
436.7 -23.5 24.4 -24.1 21.5 -31.3
833.3 -208 177.9 -198.8 194.7 -186.8
2595.2 68.9 126.9 -100.8 134.5 -75.2
53.8 244 108.7
433.2 -35.8 11 -25.1 10.1 -31.8
879.4 -88.9 272.7 -115.2 267.1 -142.2
2637.2 109.7 173.8 -48 171.3 -36.9
71.6 243.9 106.7
447.1 -2.6 31.8 13.1 34.4 -8.4
884.7 -47.9 296.9 -100.6 296.2 -122.6
2646.2 89.2 178.2 -32.6 172.8 -22.4
69.7 243.2 104.7
446.5 -19.1 38.7 -12.4 51.2 -33.4
908.7 -138.3 338.2 -184.3 319.9 -177.3
2673.6 29.9 225 -59 199.7 -18.8
85.8 270.8 121.9
448.3 -12.4 41.8 -1.5 56.2 -25.8
979.9 -165.4 419 -125.4 288.6 -41.2
2691.4 -10.7 242.9 -41 182.7 31
88.8 343.8 162
464.6 -33.1 45.8 15.2 28 7.6
1088.2 -359.4 477.8 -67.1 103 143.6
2760.7 -110.5 270.4 4.3 93.4 132.7
69.8 373.3 167.8
487.7 -65.1 68.8 7.8 24.8 23.3
1281.3 -288.6 772.2 135.4 266.4 362.7
2856.8 -129.4 370.4 63.3 132 211.3
65.9 332.2 162
485.4 -94 41.2 -5.1 -5.4 4
1317.2 -582.7 695.5 82.4 -1.1 365.7
2896 -234.1 331.8 64.4 36.6 222.5
46.6 297.3 149.7
517.3 -105 68.1 17 9.3 30.3
1430.8 -537.1 838 246.5 102 428.5
2957.9 -233.5 359.3 111.7 70.3 225
57.8 322.3 152.2
510 -96 58.7 10.9 16.2 20.3
1408 -515.1 836.6 251.3 118.1 403.9
2973.3 -225.8 346.5 101.8 72.5 221.7
59.7 254.2 140.2
502.4 -104.8 75.2 -0.2 12.8 38.5
1459.3 -622.9 907.7 261.7 53.3 518.4
3011 -249.6 348.8 93.9 53.3 258.2
51.7 244.2 116.3
501.9 -98.8 122.2 50.3 6.1 40.2
1565 -588.5 965 435.6 42.2 502.5
3088.7 -247.5 358.1 156.7 30.2 279.3
86.1 513.7 204.3
495.4 -106.3 112.9 45.5 30.6 60.7
1756.3 -464.1 699.5 232.2 98 527.9
3169.7 -175.1 240.7 56.7 51.4 278.7
135.7 632.7 238.4
546.2 -40.2 91.4 -29.2 -10.6 57.3
2209.1 -83.7 383 -52.2 -14 343.3
3346.3 -28 131.4 -44.4 -4 196
30 176.3 78.7
637.9 14.1 38.3 1.9 -7.8 -32.6
2674 115.5 16.3 79.2 83.5 6.9
3514.7 32.4 31.7 42.8 -8.1 24.7
11 137.5 70.9
650.1 20.7 18.3 -16.6 2.1 -8
2731.6 138.6 -96.4 1.4 182.5 172.1
3513.4 29.7 40.8 38.5 -20.5 41.6
10.3 164.4 69.8
649.4 19.6 17.3 -16.3 2.3 -7.8
2676.6 92.9 -18.4 43.3 173 185.6
3512.7 15.9 59.3 40.9 -28.7 50.6
9.8 180.6 76.3
649.3 18.9 16.7 -15.9 2.4 -7.8
2628 68.1 41.9 65.3 177.2 209.9
3510.9 10.8 66.6 33.8 -29 62.8
9.5 159.2 72
649.2 18.9 16 -15.4 2.3 -7.4
2612.6 43.2 48.1 50.8 202.4 250.8
3509.7 -1.2 76.6 31.7 -30.4 65.6
winner is: 17
