Regression analysis information for: KLH032a_3185
number of formants: 3
number of coeccicients: 5
95.8 41.9 255.5
994.8 -175.3 -204.6 111.1 -40.6 -14.7
1860.6 -76.7 15.3 -19.2 10.6 40
2549 -276.1 -41.3 -32.9 -66.9 92.3
170.3 47 285.2
953 -193.8 -114.3 127.4 -144.7 -19
1862 -83.2 19 -17.4 -3.5 40.3
2537.4 -332.6 -46.6 -21.4 -115.4 94.2
162 52.2 311.1
962.6 -270.6 -103.2 280.2 -208.6 -167.4
1867.7 -110.2 10 33 -11.6 -22.1
2548.4 -498 -58.1 285.3 -156.7 -197.1
160.8 48.6 261.6
970.5 -275.7 -121.5 288.6 -184.7 -179.2
1871.4 -126.1 -0.1 50.1 -6.8 -41.1
2607.4 -561.9 -138.5 398.2 -113.1 -261.9
171 48.7 209
956.3 -282 -92.5 287.6 -211.1 -167.3
1878 -136.8 -5.6 54.1 -17.2 -38
2614.5 -637.3 -139.2 479.1 -126.1 -229.8
206.9 58 214.2
915.9 -258.8 -20.7 218.1 -232.9 -75.5
1872.6 -136 13.3 37.2 -28.3 -5.3
2599.8 -647.5 -60.7 445.5 -185.5 -109.3
169 54.4 172.5
963.9 -288.9 -92.5 296 -219.5 -154.8
1891.9 -145.2 -6.4 54.3 -21.1 -27.9
2661.6 -672.7 -123.3 516 -171.6 -196.3
169.6 57.7 158
969.8 -296.6 -86.6 297.2 -222.4 -148.4
1899 -147.2 -5.1 54.4 -19.4 -23.2
2698.2 -714.8 -98.1 544.5 -206.9 -151.5
197 62.8 168
947.2 -277.9 -42.3 260 -253 -87
1897.9 -139.4 8 42.5 -21.1 -7.1
2695.6 -688.1 -49.6 504.4 -245.6 -90.5
180.9 55.3 176.3
1003.5 -271.3 -186.2 333.1 -164.7 -155.8
1917.2 -140 -20 51.7 10.6 -23.8
2776.5 -692.4 -174.8 565.4 -145.6 -173
211 54.4 201.8
1034.1 -280.4 -219.5 344 -139.1 -143.4
1926 -138.1 -25 56.4 15.5 -17.6
2837.5 -707.9 -173 548.8 -103.2 -158.5
208.8 84.6 215.9
1067.1 -233.2 -359.1 433.4 -200.4 -9.5
1948.4 -158.1 -27.2 88.7 -30.3 37.2
2842.3 -549.3 -342.4 584.5 -60.5 -124.3
186.7 62.2 231.7
1086.7 -110.9 -551.8 394.8 -52.9 23.4
1937.2 -123.7 -44.4 80.6 -9 29.4
2914.4 -442.7 -486.5 541.2 72.6 -48.7
174.5 72.3 237.6
1119.9 -124 -549.6 363.5 -42.8 60.9
1920.5 -115.9 -32.1 106.6 -21.7 39.1
2971.4 -368.2 -485.5 546.2 96 4.8
170.6 56.6 200.9
1097.3 -80.9 -548.6 338.2 1.6 9.5
1910.8 -82.8 -34.5 82.4 -32 60.2
3156.2 -143.6 -541.5 403.2 168.3 237.6
168 73 167.3
1121.9 -108.7 -525.9 350.2 -41.4 59.4
1931.1 -99.9 -23.9 82.8 -60.1 95.8
3286 20.8 -432.5 435.1 161.4 302.6
181.7 80.8 145.2
1144 -132.5 -486.4 315.5 -34.8 87.5
1935 -104.6 -7.3 71.6 -64.1 105.8
3408 112.2 -341.4 381.7 83.5 273.3
177.5 88.9 161.4
1134.2 -112.9 -471.1 302.4 -35.3 84.7
1939.5 -109.9 6.2 65.2 -71.8 114
3527.9 294 -247.2 351 -38.1 131.9
164.1 132.8 120.3
1137.9 -122.6 -441.3 297.7 -66.6 119.6
1963.9 -147.9 33.5 65.4 -101.7 157.4
3552.2 304.6 -267.8 285.5 -106.3 116.6
143.9 106.9 135.6
1124.6 -126.4 -407.3 312.4 -94 118.8
1951.2 -125 31.4 46.3 -64.3 126.4
3580 275.1 -268.1 262.3 -166.6 149.8
winner is: 8
