Regression analysis information for: KLH032a_1863
number of formants: 3
number of coeccicients: 5
17 43.2 37.6
381.1 12.7 7.8 -6.9 5.3 -4.3
2220.5 -313.9 -158.4 11.2 -11.8 -36.1
2700.2 78.6 -1.2 17.5 45.2 -45.4
17.1 54.9 35.7
377.9 8.2 8.6 -6.9 5.3 -4.7
2213.6 -284.6 -172.4 5.6 4.5 -57.3
2713.2 83.7 -1.3 18.5 46.4 -42.5
16.8 44.2 39.9
374.9 4.8 9.2 -7 5.3 -4
2232.9 -301.7 -162.1 5.5 -10 -33.7
2730.7 76.9 5.7 14.5 47.8 -36.8
16.7 43.1 41.6
372.1 1.3 9.5 -7.6 5.2 -3.6
2248.9 -311.4 -155.4 5.7 -21 -16.9
2745.4 75.7 7.9 15 48.7 -32.5
16.3 42.4 45
369 -2 9.1 -8.9 4.7 -3.1
2259 -310.6 -154.4 5.8 -24.1 -12.8
2762.4 74.7 11.1 18.4 49.8 -25.3
16 40 45.3
366.5 -4.3 8.8 -9.3 4.4 -1.8
2268 -309.8 -153.4 4.2 -28.8 -11.6
2772.3 82.2 9.4 20.6 52.1 -32
15.7 38.1 49.6
364.1 -6.4 8 -10.7 3.7 -1.3
2276.2 -310.7 -151.5 4.7 -29.6 -8.9
2783.4 88.7 11.5 27.3 56.2 -34.1
15.2 37.3 57.9
362 -7.2 7.3 -11 3.2 0.1
2283.8 -316.4 -149.5 3.8 -32.2 -6
2794.5 98.4 12.9 33.9 55 -41.1
14.8 36.2 63
360.3 -8.5 6.9 -12.2 2.4 0.5
2289.2 -321.1 -150.5 3.4 -33.1 -5.1
2805.2 103.1 15.9 45.2 60.5 -37
14.5 34.9 70.3
359 -8.5 7.2 -12.8 2.2 0.8
2292.7 -328.5 -155 0 -34.8 -3.9
2810.3 101.2 13.1 54.5 60.4 -36.5
14.1 40.5 77.3
357.7 -8.4 7 -12.6 2.2 1.7
2292 -337.6 -164 -5.7 -41.7 -4.1
2806.8 93.8 3.5 68.6 68.5 -26.2
14.2 38.8 76
357 -8.1 7.4 -12.9 2.1 1.6
2293.1 -339.5 -170.7 -2.4 -45 -0.3
2805.8 90.9 -2.9 73.3 68.2 -29.1
14 41.1 77.3
356.4 -7.8 7.5 -13 2.1 1.8
2286.8 -332.6 -185.9 7 -54 5.3
2799.3 86 -6 85 66.7 -32
13.7 41.2 79.9
355.9 -7.4 7.5 -13.2 2 2.1
2283.8 -332.8 -192.6 8 -56.5 4.3
2797.5 84.3 -9.1 89.5 60.5 -32.3
13.6 46.7 77.5
355.5 -7 7.9 -13.5 2.4 2
2275 -315.3 -199 13.8 -45.7 3.2
2789.8 86.1 -4.3 92.9 67.7 -38.3
13.5 51.3 73.9
355.2 -6.6 8.1 -13.8 2.5 2.1
2272 -306.3 -199.1 13.7 -41.6 -1.6
2784.7 97.8 -0.2 84.4 71.8 -41.3
13.4 59.9 73.1
354.9 -6.3 8.5 -13.9 2.7 2
2262.7 -289.1 -195.8 6.5 -17.7 -12.3
2775.2 101.8 20.2 86.8 66.9 -48.3
13.4 59.9 74.2
354.8 -6.6 8.8 -14.4 2.5 1.8
2258.5 -299.9 -200.2 -6.2 -17.6 -22.1
2751.1 99.4 50.5 67.6 42.9 -47
13.3 57.8 76.3
354.8 -6.5 9 -14.5 2.6 1.9
2259.9 -300.6 -187.9 -12.7 -6.6 -22.8
2754.4 106.6 57.6 56.2 45.1 -32.8
13.3 56.7 76.2
354.9 -6.4 9.3 -14.9 2.6 1.9
2261.4 -298.3 -170.6 -35.7 1.7 -23.9
2752.5 115.5 75.4 40.6 30.8 -18.3
winner is: 1
