Regression analysis information for: KLH032a_2568
number of formants: 3
number of coeccicients: 5
5.3 13.5 29.7
398.1 -6.2 -33.6 1.1 -10.8 8.8
836.8 -91.9 -9.6 -29.9 -15.4 22
2733.2 -80.8 -102.1 -103.5 6.2 -12.2
5.1 12.9 30.4
396.6 -5.4 -32.9 3.3 -11.6 8.8
827.8 -93.4 -0.9 -20.3 -18.3 20.5
2746.2 -79.9 -105.4 -97.4 3.9 -13
4.9 12.6 30
395.5 -5 -32.4 4.9 -11.6 8.9
821.4 -93.1 3.1 -14.3 -18.7 19.6
2755.5 -77.8 -107.1 -88.5 1.8 -11.2
4.9 12.5 30.2
394.2 -4.2 -31.8 6.2 -10.7 8.5
815.3 -91.5 6.5 -10.4 -15 17.3
2764.6 -74 -106.2 -82.8 -1.1 -8.4
4.6 11.5 30.9
393.1 -3 -31.7 7.1 -9.9 7.8
810.6 -87.8 7.7 -8.9 -12.7 13.9
2770.3 -69 -107 -74.4 -2.8 -4.2
4.5 11 32.2
392.2 -2.4 -31.2 7.3 -9.6 7.9
806.9 -85.4 9.9 -9.1 -11.7 13
2773.2 -65.9 -110.3 -69.5 -3.6 -2
4 9.2 33.4
390.4 -1.9 -30.7 8.6 -7.8 7.3
802 -83.9 11.9 -7.1 -8.6 9.5
2773.7 -57.6 -111.1 -67.5 3 7
3.6 8.9 29.8
390 -1 -30.8 9.3 -7.2 6.8
800.9 -81.7 11.8 -6.7 -7.7 7.8
2772.5 -47.6 -113.3 -57.9 7.5 8.3
3.5 8.3 29.6
389.8 -0.7 -30.7 9.3 -6.4 6.3
800.6 -80.8 12.3 -7 -6.9 6.4
2770.3 -46.9 -112.5 -59.8 15.9 6.2
3.4 7.8 29.8
390 0.3 -30.1 9.7 -5.7 6.1
800.9 -80 13.2 -7 -6.4 5.3
2773.1 -37 -103.4 -56 29 6
3 6.6 26.4
389.7 0.5 -28.4 10.2 -6.4 5.5
800.2 -80 15.9 -6.5 -8.5 4
2775 -32.6 -95.7 -54.8 35.3 6.9
2.8 6.3 29.7
390.3 1.6 -28 10 -5.5 4.5
801 -79.6 16 -6.6 -8.2 3.2
2778 -25.2 -87.7 -59.5 46.9 -2.1
2.7 6.1 28.1
391.6 2.1 -27.5 10.6 -5.5 3.7
802 -80 15.7 -6.3 -8.7 3
2790.7 -25.7 -80.8 -50.8 48.4 -11.2
2.4 5.6 27.7
392.3 3 -25.9 10.9 -5.9 2.7
802 -80.4 15.8 -6.3 -9.6 3
2797.8 -20 -69.4 -47.5 52.5 -19.7
2.4 5.4 28.4
393.3 3.9 -25 9.8 -5.7 1.9
802.5 -80.9 14.9 -5.7 -10.4 3.7
2804.4 -20.4 -56.3 -58.1 56.7 -25.7
2.3 5.2 28.1
395.1 4.1 -23.6 9.8 -5.6 1.9
802.2 -81.6 13 -5.2 -11.4 4.7
2818.1 -24.1 -40.4 -56.3 59.6 -26
2.3 5.4 31.9
397.6 3.8 -22.6 9.7 -5.6 1.1
801.1 -81.8 10 -3.9 -13.2 6.7
2836.9 -35.7 -30.1 -53.2 60.7 -35.5
2.1 6.4 33.8
400.4 3.1 -21.5 9 -5.5 0.4
798.8 -81 5.4 -1.4 -15.7 9.3
2856 -49.6 -17.8 -57.2 62.3 -42
2.1 8.1 38.5
403.7 1.2 -19.3 7.9 -5.9 -0.4
794.6 -78.7 -1.4 2.2 -18.7 13.1
2876.1 -67 -1.9 -59.4 61.1 -49.2
2.1 12.7 47.3
407.3 -3.7 -15.4 6.7 -4.2 -2
787.7 -69.3 -13.8 9.3 -26.6 20
2898.9 -100.9 23.7 -66.6 73.5 -61
winner is: 16
