Regression analysis information for: KLH032a_0617
number of formants: 3
number of coeccicients: 5
1.2 35.5 67.3
440.9 -17.5 -15.2 -5 -5.2 -4.6
2124.7 258.6 -97.1 14.3 1.9 -26.7
2557.2 144.6 -23.8 -4.1 22.4 -54.4
1.4 2.2 4
442.1 -18.4 -15.2 -4.9 -5.6 -4.6
2140.4 230.8 -77.2 10.7 -8.3 -0.1
2585.1 97.3 10.5 -9.5 3.9 -7.4
1.4 2 4.2
443.1 -19.5 -15.3 -4.9 -6 -4.5
2141 229.9 -76.6 10.8 -7.9 0.1
2585.1 98.5 10.6 -9.4 4.3 -7.3
1.6 1.9 4.2
443.7 -20.1 -15.5 -4.8 -6.4 -4.4
2141.1 230.1 -75.8 10.7 -7.6 -0.1
2586 98.7 11.4 -9.6 4.5 -7.5
1.6 1.9 4.1
443.6 -21.1 -15.4 -4.5 -6.4 -4.2
2143 230.5 -74.7 10.6 -7.5 -0.2
2588.2 99.4 11.9 -9.8 4.1 -7.5
1.7 1.8 4.1
443.3 -21.9 -15.3 -4.8 -6.8 -4.3
2145.6 230.3 -73.8 11.5 -7.2 0.7
2590.8 99.8 12.3 -9.4 4.2 -7
1.8 1.9 4
441.9 -23.2 -15.3 -4.2 -6.7 -4.3
2147.5 233 -72.8 11.5 -7.2 0.7
2593.5 100.6 13.3 -9.8 4 -6.9
1.7 1.8 3.9
440.6 -24.2 -15.7 -4.7 -7 -4.2
2150.1 234.9 -71.6 12.8 -6.7 1.2
2595.9 101.2 13.6 -9.6 3.8 -6.7
1.6 1.8 3.8
439.7 -24.3 -15.7 -4.7 -6.8 -4.3
2151.9 235.9 -70.8 13.4 -6.5 1.4
2597.5 101.1 13.5 -9.8 3.6 -6.7
1.6 2 3.6
438.1 -24.6 -15.8 -4.5 -6.8 -4.3
2152.6 239.3 -70.5 14.5 -6.7 1.5
2597.8 100.6 13.3 -9.8 2.9 -6.7
1.5 2.5 3.2
436.8 -24.9 -16.2 -4.2 -6.6 -4.2
2153.6 241.9 -71.4 16.3 -7.5 2.3
2596.7 99.7 10.5 -9.4 2.1 -6
1.5 2.2 3.6
435.6 -24.3 -15.9 -4.4 -6.2 -4.6
2152.1 244.7 -71.9 15.9 -6.7 2
2593.8 99.3 8.8 -10.3 2.7 -6.6
1.5 2.4 3.5
434.9 -24.4 -15.7 -4.1 -6.3 -4.6
2151.3 245.3 -72.8 16.6 -7.3 2.3
2591.2 97.6 7.3 -9.1 2.3 -6.5
1.4 2.1 4
433.9 -24.1 -15.5 -4.4 -6 -4.7
2148.8 247.4 -74.2 15.5 -6.4 1.4
2586.4 98.6 5.5 -10.8 3.4 -7.6
1.4 1.7 4.7
433.6 -23.9 -15.2 -4.3 -6.1 -4.7
2146.2 247.8 -74.2 15.7 -6.6 1.5
2582.5 97.9 6.2 -9.9 3.6 -7.1
1.3 1.5 4.9
432.9 -23.8 -14.7 -4.3 -5.9 -4.8
2142.8 248.9 -72.8 14.8 -5.4 1
2576.9 99.2 9.1 -9.2 5.2 -8.2
1.3 1.4 5.3
432.7 -23.8 -14.7 -4.4 -6 -4.7
2140.7 249.4 -72.4 15 -5.4 2.4
2574.7 99.9 9.9 -8.7 5.7 -6.3
1.3 1.2 5.7
432.6 -23.6 -14.5 -4.3 -5.8 -4.7
2137.5 248.6 -71.2 14.1 -4.4 1.7
2571.5 98.6 11.2 -9.1 6.6 -7.5
1.2 0.9 5.6
432.4 -23.5 -14.3 -4.5 -5.9 -4.9
2135 251.6 -68.2 14.2 -4.3 0.8
2569.1 103.2 14.7 -8.8 6.7 -9.2
1.3 0.8 5.6
432.5 -23.5 -14.2 -4.4 -5.9 -4.9
2136.3 251.9 -66.1 15.4 -4 0.4
2571.4 104.2 16.9 -7.5 7 -9.4
winner is: 9
