Regression analysis information for: KLH032a_3200
number of formants: 3
number of coeccicients: 5
7.6 202.9 49.5
287 -12.6 27.4 0.7 -13.7 -7.2
2125.9 -336 -168.3 130.6 -63.1 215.2
2561.7 -218.7 -168.9 -21.7 -79.6 -28.4
7.6 193.4 51.9
286.6 -11.6 26.7 1.1 -13.4 -7.1
2156.6 -326.2 -216 97.9 -51.6 233.1
2569.6 -218.8 -179 -25.7 -73.4 -20.7
7.3 205.2 37.2
285.2 -9.7 26.2 0.4 -13.1 -6.6
2135.3 -277.8 -119.6 54.9 -29.3 373
2562.6 -247.5 -188.2 -11.5 -49.6 19
7.2 158.8 43.7
284.2 -7.7 25.1 1.1 -13.5 -6.6
2220.3 -138.1 -79.1 -83.3 -236.9 276.2
2603.7 -207 -206.5 -82.3 -116.4 16.1
7.3 133.7 43.6
284.6 -7.8 25.3 1 -13.7 -6.3
2267.1 -76.8 -65.5 -69.7 -242.5 226
2611.5 -194.9 -208.6 -89.6 -127.8 -2.4
7.3 83.8 44.9
284.4 -6.7 24.5 1.5 -14.3 -6
2337.9 -55.7 -101 5.2 -229.3 109.3
2642.6 -157.1 -192.5 -76.7 -141.6 -47.2
7.3 67.3 42.4
284 -5.2 23.5 2.5 -14.7 -6
2363.1 -63.7 -141.4 9.8 -189.2 101.1
2675 -97.6 -142.5 -46.2 -122.4 -45.4
7.4 40.2 42.7
283.8 -4.3 23 2.8 -14.8 -5.8
2400.7 -77.3 -209.9 39.7 -134.1 55.1
2707.2 -51.4 -105.4 -1.5 -90.3 -37
7.3 38.3 29.7
284.1 -4.2 23.2 2.8 -14.4 -6
2424.8 -79.7 -257.9 54.5 -93.7 33.3
2739.5 -9 -84 40 -40.2 -15.8
7.5 38 17
283.9 -3.4 22.6 3.5 -14.3 -5.7
2427.5 -80 -256.1 50.5 -93.9 34.3
2755.2 9.9 -73.8 61.6 -14.8 -1
7.5 38.5 17.5
283.5 -2.6 22.4 3.5 -13.8 -6
2430.3 -81.8 -254.2 48 -95.8 37.3
2756.7 7.6 -73.7 64.1 -19.8 0.9
7.6 37.9 17.6
283.4 -2.4 22.2 3.8 -13.5 -5.7
2431.9 -78.8 -255.5 45.9 -96.3 39.3
2758.1 7.5 -76.5 66.2 -19.9 0.3
7.6 39.6 18.3
283.1 -2 21.9 4.1 -13.2 -5.5
2433.1 -77.1 -257.1 46.6 -99.3 43.6
2759.2 7.8 -81.7 72.2 -21 1
7.7 42.3 18.9
282.6 -1.5 21.8 3.7 -12.9 -5.5
2433.6 -74.7 -262.2 51 -103.5 49.4
2761.1 7.5 -87.7 79.7 -22.9 1.6
7.7 46.7 18.8
282.3 -1.2 21.7 3.8 -12.4 -5.4
2432.2 -68.7 -268.9 58 -109.5 56.8
2762.3 7.4 -93.8 87.7 -24.6 3.4
7.7 47.6 19.2
282 -1.2 21.5 3.4 -12.3 -5.4
2430.4 -69 -274.2 62.7 -109.2 63
2763 5.7 -97.8 93.3 -23.7 4.6
7.6 45.4 19.1
281.6 -0.9 21.4 3.2 -12 -5.5
2427.2 -65.3 -281 68.5 -110.6 65.5
2763.9 5.4 -102.5 98.3 -24 4.9
7.6 42.9 19.4
281.3 -0.8 21.5 3 -11.8 -5.4
2427.4 -67.3 -284 71.4 -108.5 66.3
2764.2 4.7 -103.8 98.2 -22.2 6.4
7.6 41.2 19.9
281.2 -0.9 21.5 2.7 -11.7 -5.5
2429.6 -73.4 -282.8 68.9 -104.4 65.9
2764.9 2.3 -101.8 97.2 -21.9 6.3
7.6 38.7 20.4
281.1 -0.9 21.6 2.4 -11.6 -5.6
2433.1 -81.4 -278.6 64.3 -98.7 62.7
2765.5 0.6 -99.3 93.2 -19.2 6.4
winner is: 10
