Regression analysis information for: KLH032e_0432
number of formants: 3
number of coeccicients: 5
18.3 75.6 10173.9
453.5 68.1 -0.8 16.9 33.3 28.6
925.3 140.8 -38.2 -68.3 93.9 129.6
1835.2 481.7 632.9 191.1 76.3 -64.8
32.6 92.7 10240.3
443.4 90.3 20.6 -21.2 26.2 48.7
938.2 187.8 -36.4 -124.1 58.6 80.3
1984.4 561.1 516.2 88.7 -148.1 -233.7
14.7 165 283.5
459.4 73.9 -0.7 17.8 26.3 17.3
1061 13.5 -119.6 155.6 -79.6 -0.5
2317.7 334.4 283.5 526.6 -454.9 -492
29 100.4 286
458 93.9 -22.3 26.1 5.3 39.2
1117.6 -2.8 -182.1 191 -124.7 48.5
2463.6 305.7 153.4 496 -500 -430.8
15.7 151.9 363
468.4 80.5 -11.5 11 17.5 25.9
1171.9 -104.5 -104.5 151.5 -100.1 9.8
2623.6 229 78.4 383.8 -424.1 -352.2
16.1 217.4 341.5
470 79.1 -13 7.1 21.2 19.5
1181.7 -143 -55 97.5 -42.2 -92.9
2762 228 -64.2 228.6 -233.1 -253.6
13.4 153.4 115.8
474.6 72 -13.4 5.3 20 24.8
1265.4 -233.2 -27.7 19.1 13.2 -31.1
2941.1 163.8 -169.1 61.2 -51.5 -42.2
12.8 30.4 11.2
477 70.4 -14 4.6 20.5 25.4
1339.1 -368.7 83.2 -52.2 38.3 -2.9
3001.4 48.9 -71.1 1.6 -30.7 -18.8
14.1 32.2 12.5
477.1 65.8 -16.7 3.3 22.7 28.1
1337.7 -371.7 79.4 -51.7 40.1 -0.6
3001.3 55 -67.1 4.3 -33.6 -22.1
13.6 31.6 11.8
477.9 64.7 -17.1 1.8 23.7 28.8
1338.5 -372.5 77.6 -51.3 40.5 -0.8
2999.7 55.9 -67.5 5.8 -35.8 -23.3
13.4 31.6 11.7
477.4 62.7 -17.2 1.8 26 30
1337.4 -373.6 76.2 -49.8 42.7 0.4
2999.8 56.3 -69 5.3 -39.6 -25.3
13.2 30.8 11.1
475.4 63.4 -16 -0.3 28.1 30.7
1337.3 -374.8 76.4 -49.6 43.9 1.2
3001.8 54.7 -71.3 6.7 -42.5 -25.6
13.4 30.1 10.6
472.3 63.4 -14.3 0.1 30.2 31
1335.5 -376.7 77.8 -47.6 46.5 3
3005 52.9 -74.3 5.4 -45 -25.2
12.8 28.8 9.7
468.9 65.3 -11 0 30.9 31.4
1332.3 -376.3 82.2 -47.9 47.8 5.4
3008.8 49.2 -78.1 5.2 -46 -24.6
12.9 28.3 9.7
465.6 65.9 -8.1 1.8 30.6 29.2
1330.5 -377.5 85.4 -47.1 48.3 5.1
3012.3 47.9 -81.6 3.3 -46 -21.8
12.7 26.9 8
461.8 66.6 -5.9 2.6 31.8 30.7
1325.2 -376.9 91.8 -47.7 49.6 8.9
3015.6 43.6 -85 2 -46.3 -20.4
12 25.9 7.9
459.6 68.9 -4.4 3.7 31.9 30.1
1321.8 -375.7 96.4 -49.3 50.1 10.7
3020 43.3 -83.1 3.5 -44.9 -18.1
11.8 25 9.1
457.4 71.2 -2.8 3.8 31.7 29.9
1317.5 -373.1 101.7 -53.8 51.2 13.3
3023.2 43 -82.1 4.7 -43.7 -17.4
11.6 25.5 9
456.4 73.7 -1.2 5.4 31.4 28.7
1313.7 -370.7 105.4 -54.5 51.2 13.2
3026.5 44.9 -78 6.2 -40.2 -14.9
10.8 25.3 10
455 76.5 1.3 5.5 30.6 29.3
1306.1 -366 115.1 -62.2 48.4 20.7
3027.3 50.9 -71.3 4.9 -33.6 -12.4
winner is: 17
