Regression analysis information for: KLH032d_0371
number of formants: 3
number of coeccicients: 5
8.5 7.2 87.8
463.6 63.2 -94.7 -41.7 -3.3 9.4
1820.1 99.8 -25.3 24.8 -16.9 2.3
2360.1 113.2 158.3 -36.3 -115.2 120.2
7.9 132.9 138.7
447.5 65.8 -76.8 -57 -10.9 20.2
1709.6 237.5 54.9 -167.8 126.5 36.2
2325.2 167.8 210.1 -124.8 -53.9 144.7
21.6 174.1 137.1
427.7 67 -68.2 -70.5 -3.4 20.7
1527.5 66.8 -42.6 -368.2 92.2 113.7
2191 -66.1 36.3 -280.3 -129.1 156.2
15.4 106.8 175.2
428.6 54.7 -57.5 -58.7 -28.2 22.1
1573.2 -22.5 -2.5 -289.8 -74.3 180.3
2282.8 -196.8 59.6 -170.5 -294.3 259.8
17.7 104.2 167.1
424.5 52.4 -50.8 -56 -34.2 17.9
1584.7 -10.7 2.7 -280.4 -67.6 174.3
2280.7 -209.4 88.1 -173.7 -316.1 258.6
17.5 121 143.1
422.1 51.8 -47.3 -55 -34.6 15.9
1542.4 55.1 29.2 -326.2 -1.5 113.1
2203.8 -117.7 121.6 -302.8 -178.1 172.5
17.1 93.6 181.1
420.4 49.6 -44.3 -50.4 -35.6 12.4
1591.2 3.9 43 -258.5 -79.8 156
2301.8 -252.1 129.3 -192.2 -329.7 265
13.1 103.3 112.3
412.3 43.2 -38 -37.3 -28.3 7.9
1571.1 66.5 51.5 -293.3 -18.7 118.3
2160.1 -38.5 88.6 -355.2 -99.3 78.9
10.2 126.5 98.4
409 39 -33 -26.5 -26.6 1.1
1556.4 101 67.7 -323.2 23.7 119.7
2150.6 -29.1 87.7 -371.7 -79.4 45.6
8.1 121.3 91.9
407.3 37.5 -30.2 -20.1 -24.4 -3.1
1558.6 92.1 73.5 -319.5 26.9 147.4
2134.2 -37.2 114.4 -369.1 -86.7 3.8
4.1 165.2 97
405 34 -27.4 -10.9 -19.8 -7
1515 39.7 50.1 -348.7 68.7 219.8
2129.9 -46.6 128.9 -373.8 -88.3 -17.2
2.9 160.9 288.1
403.5 29.7 -25.5 -1.2 -15 -8.6
1632.2 85.3 135.4 -262.1 -96.5 207.3
2375.1 -165.5 209.7 -31.4 -339 51.1
3.6 178.7 319.1
404.3 28 -26.3 4.6 -11 -10.9
1676.2 36.2 86.8 -203.5 -189.2 114.8
2491.3 -216.7 187.7 157 -394 -101.7
5.4 100.6 291.7
406.1 24.9 -26.9 11.6 -12.8 -15.3
1768.1 112.8 126.4 -53 -121.9 68.6
2593.8 -242.1 156.3 391.1 -330.2 -271
6.9 85.9 229.9
411.3 22.7 -32.5 19 -11.6 -21
1794.5 97.1 77.5 -14.3 -95.1 12.5
2687.8 -308.7 17.3 499 -233.5 -390.8
7.1 15.7 194
414.6 23.5 -34.9 21.5 -10.6 -24.8
1836.3 93.4 -1.7 1.1 -15.5 -6.1
2783.9 -336.6 -128.9 524.2 -82.4 -424.1
8.3 13.2 172.6
419.6 21.8 -40.5 26.6 -10.4 -29.5
1838.9 92.3 -3.1 0.4 -12.3 -3.9
2822.5 -379.2 -113 523.2 -126.1 -355.6
9 13.8 184.5
423 20.8 -44.7 29.9 -9.7 -32.8
1840.1 89.7 1.1 -0.3 -12.7 -4.7
2877.5 -448.9 -78.6 518.1 -177.3 -271.8
8.4 23.5 165.2
421.6 18.3 -47.7 26.9 -8.7 -31.4
1836.7 85.2 12.6 -0.6 -22.6 -8.9
2911 -478.5 -59.8 485.4 -179.8 -231.1
7.9 49.4 163.9
420.5 19 -46.6 24.1 -9.5 -29.2
1826 79.8 37.7 0.8 -46.5 -18.6
2950.2 -507.8 -52.4 448.1 -172.8 -194.5
winner is: 1
