Regression analysis information for: KLH032e_0269
number of formants: 3
number of coeccicients: 5
9.1 10.6 303.8
468.7 102.8 -3.8 -23.4 -23.2 4.8
1160.9 105.4 -58.5 -32.7 7.4 -16.2
2576.5 137.8 -14.5 -79.9 50.7 272.8
9.5 9.1 261.9
468.9 102 -3.8 -22.7 -23.2 3.5
1164.2 100.5 -57 -32.2 6.3 -15.1
2663.3 122.5 -117.6 -23.2 53.2 127.2
10.2 8.2 113.4
469.2 101.7 -3.4 -22.3 -23.3 2.2
1167.1 96 -54.6 -32.9 6.3 -14.4
2767.3 195.7 -146.6 28.5 85.5 -46.3
10.3 10.3 105.6
469.2 101.7 -2.7 -21.6 -23.4 0.8
1168.2 94.5 -53.2 -34.2 8.2 -16.9
2765.4 159.5 -161.6 78 157 -42.3
10.5 10.1 97.2
469.7 101.4 -1.6 -21.1 -24.1 -0.4
1172.7 87.4 -48.8 -35.2 7.3 -15.7
2777.7 143.6 -134.7 83.2 133.1 -35.4
10.6 10.8 71.3
470.1 101.3 -0.7 -21 -24.8 -1.4
1176.5 81.3 -44.9 -36.3 7 -15.4
2813.9 148 -134.1 61.1 88.5 -29.6
10.5 13 55.2
470.6 101.6 0.2 -20.7 -25 -2.3
1178.6 78.3 -41.7 -38.8 9.7 -18.7
2848.4 155.9 -151.7 29.7 64.4 -18.8
10.2 13.3 58.1
470.9 101.6 1.3 -20.5 -25.8 -3.2
1182 72.7 -37.6 -40.3 9.8 -18.9
2854.7 141.9 -146.3 28.7 61.7 -18.2
10 14.5 74.9
471.5 101.8 2.3 -20.5 -26.3 -3.5
1185.2 67.8 -33.2 -42.8 11.3 -20.3
2869.3 118.4 -148.2 46.7 46 -23.6
9.8 16.4 83.1
471.9 101.8 3.2 -20.3 -26.5 -3.7
1188.2 62.9 -28.8 -45.3 12.9 -21.9
2882.1 104 -153.6 54.9 44.9 -28.7
9.4 16.2 80.5
472.2 102 3.8 -20.8 -26.6 -3.8
1190 59.9 -25.3 -48.2 14.9 -22.8
2881.7 102.8 -146.2 45.1 51.7 -26.8
9.2 17 77.8
472.7 101.7 4.5 -20.9 -26.9 -3.3
1193.7 53.7 -20.2 -50.7 15.3 -22.5
2884 98.8 -137.7 36.9 57.4 -25.8
8.8 17.1 76.3
473 100.8 4.8 -20.9 -26.8 -2.6
1197.3 47.3 -16 -52.1 14.9 -20.8
2890.3 92.7 -131.8 36 57.1 -24.7
8.6 16.2 74.8
473.1 99.8 4.8 -21.1 -26.9 -1.9
1199.6 43 -13.4 -53 14.1 -19
2897.6 87.3 -130.4 40.8 56.6 -27.4
8.3 16.8 73.5
473.2 99.1 5.4 -21.2 -27 -1.3
1202.8 37.2 -9.1 -54.6 13.4 -17.3
2901.6 83.6 -124.5 38.5 57.3 -25.5
8 16.9 73.2
473.2 98.3 5.2 -21.7 -26.8 -1.1
1204.5 33.4 -5.7 -58.3 16.5 -19.3
2904.9 81.9 -119.3 35.9 61.7 -29.1
7.8 17.8 72
473.1 96.8 5.3 -21.9 -27 -0.4
1208.4 25.4 -0.7 -60.5 16 -17.6
2912 75.6 -115.5 38.6 60.2 -29.4
7.9 17.3 71.2
473 95.1 4.9 -21.6 -27 0.1
1211.1 20.1 0.9 -60.3 14.5 -15.7
2919.4 70.5 -118 46.3 57.7 -33.8
8 17.7 72.5
472.5 92.8 4.7 -21.4 -26.6 0.9
1214.6 12 5.1 -62 14.3 -14.4
2925.7 63.6 -117.2 49.6 56.2 -37.9
7.9 18.4 73.1
472.5 91.4 4.8 -21.3 -26.8 1.5
1218.1 5.2 9 -63.3 13.5 -12.6
2930.4 58 -119.1 54.1 54.8 -42.4
winner is: 7
