Regression analysis information for: KLH032a_0361
number of formants: 3
number of coeccicients: 5
1.1 159.2 47.5
404 8.2 -19.3 2.2 0.9 2
2241 -252 207.7 361.8 110.9 -69.5
2675.9 -28.4 84.9 122.2 67.3 -10.2
1.1 93.8 50.2
404.3 8.9 -19.5 2.2 1 1.8
2325.2 -209.1 73.9 256.7 199.1 67.7
2689.1 -23.8 64.4 108.4 85.4 13.9
1.2 73.2 63.9
404.6 9.1 -19.9 2 0.7 1.5
2391.8 -115.6 70.4 166 81.2 -17
2706.1 1.6 71.7 92 49.8 -22.5
1.2 114.8 63.2
404.5 9.6 -20.6 1.1 0.3 1
2404.8 -124.7 30.2 143.6 141.4 86.2
2721.4 7.8 53.2 72.1 57.2 6.1
1.1 10.3 4.3
404.2 9.7 -21.4 0 -0.3 0.6
2473.9 -39.9 3.3 18.5 0.7 19.3
2770.8 57.7 19 -20.7 -17.8 3.6
1.2 10.3 4.2
403.9 9.4 -22.2 -0.9 -1.3 0.1
2475.5 -39.8 7.4 20.5 5 20.3
2772.5 56.2 19.6 -18.5 -16.4 3.9
1.2 11 4
403.2 9 -23.5 -2.4 -2.1 -0.6
2478.2 -40.3 11.3 23.5 7.2 20.8
2774.9 54.6 20.3 -16.2 -16.7 4.4
1.1 11.4 4.2
401.9 8.1 -25 -4 -3.1 -1
2484.1 -40.9 16.6 26.4 11 21.1
2777.8 53.5 19.8 -14.3 -17.5 4.8
1.2 12.2 4.5
400.9 7.6 -26.1 -5.1 -3.6 -1.5
2489.2 -41.8 21.2 28.1 12.7 22.2
2780.4 53.1 18.9 -12.7 -19.1 5.6
1.2 13.4 4.9
400 7.1 -26.9 -6.1 -4.2 -1.7
2493.7 -41.2 24.4 29.5 15.5 21.7
2782.3 53 17.3 -11.2 -20.9 6
1.2 14.2 5.5
398.8 6.2 -28 -7.2 -4.4 -2
2500.8 -41.1 30.9 32.9 18.4 23.9
2783.1 53.3 13.7 -10.5 -24 6
1.1 15.6 6.3
397.9 6 -28.2 -8 -4.7 -2
2506.6 -40.6 33.2 36.2 20.7 24.4
2783.3 53.2 10.5 -10.5 -26.9 5.5
1.1 17.2 7.6
397 5.5 -28.7 -8.7 -4.9 -2.1
2513.5 -39.6 38.8 40.4 23.7 27.1
2781 53.8 3.7 -11.7 -31 3.7
1 17.8 8.6
396.3 4.9 -29 -9.1 -5.1 -2
2518.6 -38.3 41.5 43.8 25.8 28.2
2777.9 55.3 -2.2 -13 -35 3.3
0.9 16.8 7.9
395.1 4.5 -28.5 -9.4 -5.3 -1.9
2523.4 -42.1 36.5 47.3 24.1 26
2769.5 58 -2 -18 -39.1 2.9
1 15 8.9
394.4 3.9 -28.8 -9.7 -5.7 -2
2522.8 -49 28.7 45.2 17.6 22.6
2761.1 61.9 -2.6 -22 -43.8 3.5
0.9 15.4 11
394 3.8 -28.7 -9.7 -5.4 -1.8
2521 -52.5 20 49.2 8 24.3
2751 71 -2.2 -28.1 -39.4 1.2
0.9 15.4 14
393.7 3.8 -28.5 -9.8 -5.4 -1.7
2517.1 -64.1 8.6 45 -0.8 16.2
2743.2 74.8 5.8 -37.2 -38.5 7.4
0.9 11.3 11.9
393.3 3.4 -28.7 -10 -5.2 -1.7
2509.7 -73.3 -0.3 41.5 -14.2 18.5
2730.9 87.3 6.5 -50 -23.7 1.8
0.9 8.1 7.7
393.1 3.4 -28.7 -9.9 -5 -1.6
2500.5 -65.3 -8.5 47.6 -21 26.1
2724.1 93.4 6.9 -57.1 -10.8 -4.3
winner is: 5
