Regression analysis information for: KLH032a_3027
number of formants: 3
number of coeccicients: 5
8.3 27.1 101.7
385 16.6 35.4 5 22 -2.8
2370.1 -39.4 -81.3 13.3 31.3 -36.2
3394.4 512.2 -481.3 -75.9 9 -232
7.8 32.6 100.7
383.5 17.1 33.6 5.6 20.6 -1.7
2363 -28 -82.2 2.3 49.8 -54.5
3422.2 549.8 -446.7 -23.9 26.5 -206.2
7.5 45.3 101.5
382.9 17.7 33.3 5.9 19.7 -1.1
2357 -17.6 -87.5 -0.7 62.6 -74.8
3428.4 564.8 -439.3 3.9 27.8 -189.4
7.3 49.6 99.6
383.1 17.6 34.9 5.5 19.5 -1.1
2359.7 -21.9 -84.4 -3.6 67.9 -80.3
3431 575.6 -432.5 25 33.1 -172.2
6.9 53.3 94.5
381.4 17.6 33.7 6 18.3 0.2
2363.1 -21.7 -92.3 10.1 52.9 -70.4
3452.7 600.3 -400.6 73.3 56.1 -138.9
6.7 51.9 98.8
380.6 17.6 34.1 6.1 17.6 0.8
2366 -22.7 -96.9 18.9 42.9 -61.2
3456.6 601.7 -395.3 89.5 61.7 -134.2
6.6 52 99.9
379.9 17.3 34.4 6.2 17.1 1.4
2371.1 -24.1 -109.1 43.4 13.4 -35
3459.2 592.8 -397.8 103.3 53.4 -132.6
6.5 44.6 105.2
379.2 17.1 34.9 6.2 16.5 1.9
2378 -31 -112.7 57.3 -7.3 -11
3472 573.2 -400.8 125.7 31.4 -124.4
6.5 37.6 93.8
378.6 16.8 35.4 6.2 16.1 2.3
2384.2 -37.8 -113 63.8 -19.2 6.2
3486.8 551.9 -401.3 146.1 5.9 -108.9
6.5 43.6 127.5
377.9 16.1 35.7 6 15.7 2.5
2385.1 -53.6 -121 57.1 -34.6 8
3488.1 480.6 -443.8 132.3 -73.8 -123.6
6.6 38.4 134.7
377.4 15.9 36.2 5.9 15.3 2.8
2397.5 -65.4 -107.5 57.7 -32.4 21.1
3506.5 457.5 -444.2 152.3 -102.4 -100.6
6.9 84.1 160.8
377.6 14.9 37.5 5 15.2 2.1
2381.2 -122.8 -145.2 7.6 -71.4 -20.6
3501.7 399.4 -482.8 123.7 -161.8 -116.1
6.7 27.6 123.5
376.5 15 37 5.8 14.9 3.2
2415.6 -86.4 -84 48.4 -17.3 27
3544.6 419 -433.8 175.3 -145.9 -45.7
6.7 24.9 76.3
376.3 14.9 37.3 5.7 14.8 3.4
2422.6 -100 -73.6 40.1 -10.9 25
3577.5 439.7 -389.1 220.1 -123.1 11
6.7 23 66.8
376.1 14.4 37.5 5.5 14.7 3.4
2430.3 -115.5 -60.5 28.7 -1.4 19.3
3592 421.8 -381.4 222.6 -137.3 32.8
6.7 22.4 53.3
375.9 14.4 37.9 5.5 14.7 3.5
2435.2 -127.3 -50.1 20 6.6 13.3
3610.4 397.1 -369.6 219.8 -148.3 53.9
6.8 20.6 46.4
375.8 14.2 38.1 5.2 14.7 3.5
2437 -134.6 -41.7 12.1 12.4 8.6
3618.7 389.6 -368.4 218.4 -143.3 47.9
6.8 19.4 35.1
375.7 13.9 38.4 5.1 14.7 3.4
2437.6 -138.8 -35.4 6.7 15.8 4.9
3638 357.7 -347 206.2 -142 59.4
6.8 20.1 33.3
375.6 13.9 38.8 4.9 14.7 3.4
2430.9 -137.6 -26 4.8 10 5.7
3643.3 348.3 -323.9 154.8 -87.3 39.4
6.9 21.3 39.2
375.6 13.9 38.9 4.8 14.7 3.4
2428 -135.4 -22.4 0.8 9.3 10.7
3643.2 350.4 -329.3 152.3 -67.8 3.6
winner is: 19
