Regression analysis information for: KLH032a_2044
number of formants: 3
number of coeccicients: 5
8.1 22.7 33.2
821.8 -53.6 -40.8 -30.4 11.1 -11.9
1971.1 168.6 38.3 0.8 -42.1 -60.1
2719.4 72.9 4.9 -19.5 60.7 11.5
9.4 24.2 32.2
818.9 -49.5 -41.5 -32 11.5 -12.4
1982.7 164.8 28.3 2.1 -36.6 -63.5
2729.6 67.1 -0.3 -18.2 65.6 6.8
9.1 29 38.1
813.8 -42.6 -44.1 -32.4 11 -10.5
1995.8 162.9 18.8 -3.3 -40.1 -66.6
2741.1 60.1 1.3 -23.9 67.2 0.8
9.7 33.4 40.5
808.6 -35.7 -45.2 -33.7 9.8 -7.4
2004.9 161.9 10.8 0.6 -40.5 -73.1
2748.8 55.1 2.4 -25.9 69.6 -5.7
10.9 37.7 42.2
801.1 -28.7 -45.3 -36.2 7.7 -4.4
2016.9 166.3 -4.4 1.5 -37.6 -75
2758.6 53.7 1.1 -27.3 75.5 -8.9
14.9 90.4 72
789.4 -21.4 -40.8 -41.6 2.8 6.5
1993.9 205.1 34.8 -61.4 -50.8 -2.8
2752.7 64.9 34.9 -68.1 78.1 20
12.5 126.4 102.6
782.3 -16.3 -47.4 -35.9 -0.7 3.3
1951.1 264.6 74.7 -122.5 -80.5 86.7
2707.7 123.5 65.2 -105.8 46.5 103.3
12.3 92.4 84.2
777 -17.8 -49.1 -34.9 -2 1.7
1986.1 268.8 3.6 -86.8 -50 34.9
2725.8 131.4 16.3 -66.7 58.7 71.5
12.7 46.8 77.3
767.4 -19.2 -51 -34.7 -0.2 -0.1
2022.5 283.3 -75.9 -45.1 -43.8 -23
2727.8 155.9 -16.6 -48.9 70.9 45.5
13.8 76.4 97.9
760.1 -24.3 -49.3 -33.2 -3.4 -0.6
2020.9 324.8 -66.6 -120.4 -57.9 66.3
2661.9 190.3 111.8 -132 -13.5 159.3
33.9 189.1 127.2
739.1 -38.1 -25.2 -19.5 -24.5 -25.4
1924.7 261.3 94 59.3 -158.9 -204.5
2679.1 159.5 92 -50.2 -10 34.4
14 156.6 115.8
747.7 -45.5 -55.6 -34.9 1.6 -1.2
1946.8 264.9 93.7 40.2 -163 -169.7
2709.1 135.9 72.7 -22.6 -3.5 -7.2
13.4 130.2 84.9
743.7 -54.7 -57.8 -33.4 2.6 -1.4
1984.7 256.2 41 66.6 -118.6 -212.7
2737.2 120.4 33.9 9.6 23.1 -53.7
13.1 125.1 83.9
741.8 -63.6 -60.6 -35.9 4.2 -0.9
1990.1 245.8 55.1 70.6 -113.6 -223.4
2754 101.6 38.5 -1 38.9 -64.2
12.8 123.6 59.9
742.7 -70.9 -62.7 -37.5 6.3 -1.1
2048.8 257.2 -9.7 5.6 -58.2 -145.3
2787.5 95.7 3 -38.5 80.5 -27.5
12.8 124 64.3
743.4 -77.8 -63.1 -39.8 7.5 -0.6
2062.4 240.9 3.2 -3.8 -57.3 -151.1
2795.9 81.5 7.8 -51.2 79.1 -27.1
12.4 124.4 61.4
744 -85.3 -63.8 -43.3 9.2 -1.7
2074 221.4 17 -17.9 -53.4 -160.9
2797.6 50.6 7.5 -71.7 76.6 -32.8
13.4 110.2 64.7
746.4 -89.2 -63.5 -44.6 8.8 0.6
2131 238.2 -37.5 -100.8 -46.4 -78.3
2810.3 34.8 7.7 -90.9 72.7 -21.4
13.6 95.2 59.1
749.9 -94.2 -63.2 -48.3 10.2 1.6
2151.3 225.9 -39.9 -128.8 -52.1 -70
2810.9 14 10.5 -93.3 69.5 -21.8
13.6 90.5 70.6
750.3 -96.1 -62.9 -50 9.3 4.5
2187.9 245.7 -81.8 -198.8 -74.6 -19.3
2818.2 7.9 -5.6 -118.4 59.7 -7.8
winner is: 1
