Regression analysis information for: KLH032e_0280
number of formants: 3
number of coeccicients: 5
11 226 80.4
462.1 72.5 22.3 -38.6 4.2 -7.4
2421.1 -174.6 107.7 -97.8 -87.9 176.5
2788.5 -108.8 19.9 -10.2 -12.8 30.3
10.5 220.5 61.4
460.8 72.2 20.3 -38.5 2.6 -7.4
2398.8 -149 111 -78.3 -39.7 112.6
2747.7 -132.9 64.1 41.9 19.1 -13.4
10.4 241.1 62.2
459.9 71.4 18.7 -39.1 1.7 -7.7
2386 -162.4 87.6 -88.7 -20 142
2744.2 -141.1 53.5 49.4 28.5 -12.6
10.1 186.3 60.6
459.3 70.5 17.5 -39.6 1.1 -8.1
2458.8 -228.1 -107.1 16.4 88.5 15.1
2743 -169.8 27.1 79 67.8 -8.2
9.9 168.7 55.5
458.8 70.7 16.1 -39.3 0.2 -7.8
2500.1 -205.6 -194.1 -16 101.2 17.3
2758.2 -172.3 -17.2 68.8 105.8 -2.4
9.8 132.8 59.4
458.6 70.7 15.2 -39.7 -0.2 -7.7
2537.5 -207.9 -162.5 -15.6 64.2 27.8
2799.1 -147.3 -63.3 16.3 100.6 32.4
9.7 102.6 71.6
458.5 70.3 14.7 -40 -0.4 -7.8
2566.4 -229.3 -138.9 -15.8 22.2 39.6
2821.3 -139.1 -82.3 -22.2 66.5 50.3
9.7 97.9 65.3
458.5 70.5 14.1 -40.2 -0.7 -7.5
2574 -210.6 -128.2 -7.6 13.3 30.4
2850.4 -108.4 -69.7 -28.7 17.4 12.7
9.6 38.1 49.5
458.5 70.7 14 -40.5 -0.9 -7.2
2614.3 -166.6 -74 0.8 4.5 -6.6
2876.1 -84.8 -51.3 -24.7 -1.1 -11.9
9.7 21.9 32.4
458.6 70.9 14.1 -40.7 -1 -7.1
2623.5 -145.8 -57.5 12 9.2 -12.6
2894.9 -85.5 -31.4 -18.4 2 -9
9.6 21.1 31.3
458.6 71.1 14 -40.8 -1.1 -6.8
2623 -146.7 -58.3 13 9.9 -13.2
2899 -89.1 -34.2 -16.2 -0.1 -7.6
9.6 20 30
458.7 71.3 14.2 -41 -1.2 -6.6
2623.4 -147.5 -59.5 14.1 10.3 -13.3
2903.2 -91.8 -36.2 -15 -1.8 -5.8
9.5 19.3 29.3
458.7 71.6 14.3 -41 -1.3 -6.4
2624.1 -148.6 -60.2 15 10.1 -13.2
2907.1 -93.1 -37.1 -15.1 -4 -4.2
9.5 18.7 28.9
458.7 71.7 14.1 -41.2 -1.5 -6.3
2625.3 -149.3 -60.2 15.8 9.7 -12.8
2910.5 -94.1 -37 -15.9 -6.6 -2.7
9.4 18.3 28.9
458.7 71.8 14.3 -41.2 -1.6 -6.2
2626.6 -149.7 -60.3 16.4 9.1 -12.2
2913.8 -94.5 -36.3 -17 -9.2 -1.8
9.3 17.9 28.9
458.7 71.9 14 -41.3 -1.7 -6.1
2628 -150.5 -59.8 16.7 8.4 -11.7
2916.4 -94.5 -35.3 -18.7 -10.9 -0.8
9.3 17.6 28.7
458.7 72 14 -41.3 -1.8 -5.9
2629.4 -151 -59.2 17.1 7.7 -11.1
2918.5 -94.2 -33.8 -21.1 -12.1 0.4
9.2 17.4 28.1
458.7 72.1 14.1 -41.3 -1.9 -5.8
2630.7 -151.1 -58.6 17.2 7.1 -10.3
2920.9 -94.1 -33.2 -22.9 -12.6 1
9.1 17.2 27.5
458.7 72.1 13.8 -41.3 -2 -5.7
2631.8 -151.5 -57.7 17.1 6.6 -9.6
2923.5 -94.4 -33.8 -24 -12.7 1
9 16.9 26.4
458.7 72.1 13.7 -41.4 -2 -5.6
2632.9 -151.8 -56.8 16.8 6.2 -8.8
2926.3 -95 -35.8 -25.1 -11.7 0.6
winner is: 20
