Regression analysis information for: KLH032a_3398
number of formants: 3
number of coeccicients: 5
2.6 47.8 45
341.4 -58.1 -22.1 -12 -0.1 -8.3
2543.5 1.6 -128.8 -34.8 -105.5 -31.4
3004.9 100.2 -145 -14.5 -45.3 19.2
2.6 46.2 36.3
341.1 -58.2 -21.9 -11.7 -0.3 -8.2
2545.4 4.3 -124.2 -33.4 -100.2 -32.8
3017.3 112.2 -140.4 -19.8 -45.8 14.5
2.4 45.4 27.9
340.6 -58.4 -21.7 -11.1 -0.5 -8.3
2548.5 7.2 -119.2 -32.7 -95 -34
3022.3 123.5 -130.7 -18.6 -48.4 -0.7
2.4 45 38.2
340.2 -58.6 -21.5 -10.8 -0.4 -8.2
2553.4 12 -111.6 -30.9 -90.3 -35
3023.5 117.2 -129.5 -20.7 -50.9 0
2.3 33.9 60
340 -58.6 -21.5 -10.5 -0.4 -8
2543.9 -9.4 -122.2 -35.7 -80.6 -20.6
3008 83.9 -144.4 -21.2 -32.8 28.6
2.2 32.9 57.7
339.7 -58.7 -21.4 -10.2 -0.5 -8.1
2548.3 -4.7 -117.4 -37.2 -81.9 -27.5
3005.9 78.1 -148.4 -24.4 -34.4 28.1
2.2 35.1 56
339.7 -58.7 -21.4 -10.1 -0.4 -8.1
2552.7 0 -111.9 -37 -82.9 -32.3
3007.9 76.3 -146.6 -22.4 -37.1 29.4
2.1 30.8 52.2
339.5 -58.7 -21.4 -9.9 -0.5 -8
2547.2 -16 -119.9 -45.9 -82.7 -31
3008.8 73.4 -146.5 -24.3 -39.2 27.2
2.1 37.9 39.7
339.4 -58.7 -21.3 -9.7 -0.4 -8
2558.7 3.7 -103.5 -37.8 -81.5 -37.5
3022.1 94 -131.4 -19.6 -47.6 14.8
2.2 39.6 32.7
339.3 -58.8 -21.1 -9.4 -0.2 -8.1
2560.3 5.4 -102.5 -38.9 -82 -39.4
3031.5 107.9 -124.7 -20.5 -55.8 3.6
2.3 37.6 30.6
338.9 -59 -20.9 -8.9 -0.1 -8.2
2564.3 9.6 -97.7 -37.6 -78.5 -36.7
3036.3 110.7 -124.3 -23 -56.9 5.5
2.3 26.6 63.7
338.7 -59.3 -20.7 -8.6 0.1 -8.2
2551.9 -14.8 -119.2 -50.6 -80.2 -31.9
3009.7 60.2 -156.7 -23.9 -24.3 52.4
2.4 39.3 42.8
338.6 -59.4 -20.5 -8.3 0.2 -8.2
2565.9 9.9 -102.1 -43.8 -82.1 -43.4
3031.2 93.2 -143.7 -31.9 -49.8 18.7
2.4 37 85.4
338.1 -59.4 -20.1 -8 0 -8.2
2568.2 7.2 -104.8 -43.5 -81.2 -45.8
2994.7 87.9 -49.5 17.5 -131 -60.6
2.5 33.3 67.7
338 -59.5 -19.9 -7.7 0.2 -8.1
2574.9 13.7 -100.5 -41.5 -74.8 -42.1
2996.4 93.8 -40.6 49.6 -108.2 -77.5
2.6 31.6 46.1
337.7 -59.7 -19.6 -7.7 0.4 -8
2579.7 14.2 -100.4 -37.7 -73.9 -42.3
3014.4 91.8 -70.1 43.7 -70.5 -52.8
2.6 26.8 18.2
337.8 -59.5 -19.6 -7.6 0.3 -7.9
2583.4 19.7 -91 -31 -65.1 -36.3
3072.7 158.3 -106.7 -6.3 -65.1 -26.6
2.6 26.7 10.9
337.9 -59.2 -19.7 -7.6 0.3 -7.8
2586.4 26.2 -83.5 -22.5 -59.6 -28.8
3071.7 175 -120.4 -4.5 -55.9 -14.2
2.7 22.9 10.7
337.9 -59 -19.7 -7.6 0.2 -7.8
2589.7 35.3 -75.6 -13.6 -53.4 -22
3064.4 187.3 -119.1 -2.6 -50.1 -17.6
2.7 25.6 10.5
338.1 -58.7 -19.8 -7.6 0.3 -7.6
2587.4 58.8 -77.2 5.5 -54.7 -7.4
3065.2 190.9 -113.9 1.6 -51.6 -11.2
winner is: 19
